0 26 49	1.0 0.0006493506493506494
0 26 91 49	0.958904109589041 0.0006493506493506494
0 26 98 49	1.0 0.0006493506493506494
0 35 100 49	0.4666666666666667 0.0006493506493506494
0 46 111 49	0.14423076923076922 0.0006493506493506494
0 49	1.0 0.0006493506493506494
0 49 113 48	1.0 0.0006493506493506494
0 49 114 49	0.8587570621468926 0.0006493506493506494
0 65 0 49	1.0 0.0006493506493506494
0 65 49	1.0 0.0006493506493506494
0 65 91 49	0.875 0.0006493506493506494
1 66 23 49	0.25 0.0006493506493506494
1 66 44 49	0.02702702702702703 0.0006493506493506494
1 66 49	0.2983164983164983 0.03701298701298701
1 66 50 49	0.25 0.0006493506493506494
1 66 67 49	0.13253012048192772 0.007142857142857143
1 66 73 49	0.25 0.0006493506493506494
1 66 85 49	0.05063291139240506 0.0012987012987012987
1 66 86 49	1.0 0.0012987012987012987
1 66 88 49	0.25 0.0006493506493506494
2 1 66 49	0.125 0.0006493506493506494
2 20 85 49	0.25 0.0006493506493506494
2 24 89 49	0.008064516129032258 0.0006493506493506494
2 26 49	1.0 0.0012987012987012987
2 26 91 49	0.8253968253968254 0.0012987012987012987
2 35 100 49	0.07575757575757576 0.0006493506493506494
2 36 101 49	0.1 0.0006493506493506494
2 39 117 49	0.3333333333333333 0.0006493506493506494
2 39 126 49	1.0 0.0006493506493506494
2 40 77 49	0.25 0.0006493506493506494
2 40 117 49	0.1111111111111111 0.0006493506493506494
2 40 126 49	1.0 0.0006493506493506494
2 46 111 49	0.06493019769511853 0.007792207792207792
2 49	0.3333333333333333 0.0012987012987012987
2 49 114 49	0.6130952380952381 0.001948051948051948
2 51 116 49	0.08571428571428572 0.0006493506493506494
2 63 128 49	0.5 0.0012987012987012987
2 67 49	1.0 0.008441558441558441
4 35 100 49	0.07575757575757576 0.0006493506493506494
4 36 101 49	0.1 0.0006493506493506494
4 46 111 49	0.015250544662309368 0.0012987012987012987
4 69 49	1.0 0.003896103896103896
6 71 2 49	0.07303974221267455 0.007792207792207792
6 71 23 49	0.1 0.0012987012987012987
6 71 31 49	0.28 0.0012987012987012987
6 71 44 49	0.2 0.0006493506493506494
6 71 49	0.3270440251572327 0.03116883116883117
6 71 75 49	0.18421052631578946 0.003246753246753247
6 71 98 49	1.0 0.0006493506493506494
6 71 110 49	0.36363636363636365 0.0025974025974025974
6 71 123 49	0.09090909090909091 0.0012987012987012987
7 20 85 49	0.3140794223826715 0.003246753246753247
7 20 95 49	0.7 0.0012987012987012987
7 35 100 49	0.2328767123287671 0.0012987012987012987
7 46 111 49	0.0500701918577445 0.003896103896103896
7 72 49	0.4394904458598726 0.013636363636363636
8 8 8 49	1.0 0.005194805194805195
8 8 49	1.0 0.00909090909090909
8 8 73 49	1.0 0.005844155844155844
8 8 121 49	0.3333333333333333 0.0012987012987012987
8 16 81 49	0.5769230769230769 0.0012987012987012987
8 20 85 49	0.4246031746031746 0.003246753246753247
8 24 89 49	0.14285714285714285 0.0012987012987012987
8 26 91 49	0.5714285714285714 0.0012987012987012987
8 35 100 49	0.14285714285714285 0.0006493506493506494
8 36 127 49	0.5 0.0012987012987012987
8 39 105 49	0.1111111111111111 0.0006493506493506494
8 40 104 49	0.08333333333333333 0.0006493506493506494
8 40 105 49	0.4691358024691358 0.005844155844155844
8 43 49	1.0 0.0006493506493506494
8 43 108 49	0.8333333333333334 0.0006493506493506494
8 45 110 49	0.38461538461538464 0.0012987012987012987
8 46 111 49	0.5942688805570434 0.007792207792207792
8 49	1.0 0.004545454545454545
8 49 94 29	1.0 0.0012987012987012987
8 49 114 29	1.0 0.0012987012987012987
8 49 114 49	0.9607843137254902 0.004545454545454545
8 51 116 49	0.2 0.0012987012987012987
8 58 123 49	1.0 0.0006493506493506494
8 67 2 49	0.5 0.0006493506493506494
8 73 8 49	1.0 0.005844155844155844
8 73 49	1.0 0.00974025974025974
8 73 73 49	1.0 0.005844155844155844
8 121 56 49	1.0 0.0006493506493506494
10 6 71 49	0.18421052631578946 0.0025974025974025974
10 28 93 29	0.03333333333333333 0.0006493506493506494
10 28 93 49	1.0 0.0006493506493506494
10 28 104 49	0.03125 0.0012987012987012987
10 28 105 49	0.056451612903225805 0.0025974025974025974
10 28 118 49	1.0 0.0006493506493506494
10 30 85 49	0.24742268041237114 0.0006493506493506494
10 32 75 49	0.13793103448275862 0.001948051948051948
10 53 105 49	0.041666666666666664 0.0006493506493506494
10 75 44 49	0.3333333333333333 0.0012987012987012987
10 75 49	0.559322033898305 0.00974025974025974
10 75 50 49	0.2 0.0006493506493506494
10 75 110 49	0.4 0.0012987012987012987
10 75 115 49	0.2 0.0006493506493506494
10 75 120 49	0.4 0.0012987012987012987
10 97 75 49	0.13793103448275862 0.0012987012987012987
12 15 100 49	0.2375 0.001948051948051948
12 18 77 49	0.5333333333333333 0.0006493506493506494
12 18 85 49	0.009719839908519153 0.0012987012987012987
12 27 77 49	0.3333333333333333 0.0006493506493506494
12 27 85 49	0.007246376811594203 0.0006493506493506494
12 30 85 49	0.1891891891891892 0.006493506493506494
12 30 95 49	0.275 0.001948051948051948
12 45 108 49	0.375 0.0006493506493506494
12 52 85 49	0.2702702702702703 0.0012987012987012987
12 77 23 49	0.16666666666666666 0.0006493506493506494
12 77 26 49	0.5714285714285714 0.001948051948051948
12 77 43 29	0.6 0.001948051948051948
12 77 43 49	1.0 0.001948051948051948
12 77 49	0.7777777777777778 0.033766233766233764
12 77 58 49	1.0 0.0006493506493506494
12 77 88 49	0.16666666666666666 0.0006493506493506494
12 83 77 49	0.5333333333333333 0.0006493506493506494
12 83 85 49	0.0096045197740113 0.0012987012987012987
12 85 49	0.07407407407407407 0.0012987012987012987
12 92 77 49	0.3333333333333333 0.0006493506493506494
12 92 105 49	0.125 0.0006493506493506494
12 99 85 49	0.14977307110438728 0.004545454545454545
12 99 95 49	0.16129032258064516 0.001948051948051948
12 104 23 49	0.16666666666666666 0.0006493506493506494
12 104 49	0.14432989690721648 0.005194805194805195
12 104 88 49	0.16666666666666666 0.0006493506493506494
12 105 49	0.15609756097560976 0.012337662337662338
12 105 56 49	1.0 0.0012987012987012987
12 105 67 49	0.25 0.0006493506493506494
12 117 49	0.125 0.001948051948051948
12 117 56 49	0.25 0.0006493506493506494
12 121 56 49	0.5 0.0006493506493506494
12 126 2 49	0.11940298507462686 0.003246753246753247
16 30 85 49	0.023529411764705882 0.0006493506493506494
16 52 77 49	0.5 0.0006493506493506494
16 52 104 49	0.07692307692307693 0.0006493506493506494
16 52 105 49	0.07692307692307693 0.0006493506493506494
16 81 8 49	0.7317073170731707 0.001948051948051948
16 81 49	0.5822784810126582 0.16233766233766234
16 81 67 49	0.14583333333333334 0.001948051948051948
16 81 72 49	0.25 0.0006493506493506494
16 81 73 49	0.7317073170731707 0.001948051948051948
16 81 121 49	0.3333333333333333 0.003246753246753247
16 81 123 49	0.3333333333333333 0.0025974025974025974
16 108 40 49	0.5 0.0006493506493506494
16 108 49	0.2894736842105263 0.005844155844155844
20 1 66 49	0.05128205128205128 0.001948051948051948
20 15 80 49	0.016129032258064516 0.0006493506493506494
20 15 100 49	0.17888359157727454 0.1279220779220779
20 18 77 49	0.009389671361502348 0.004545454545454545
20 18 85 37	8.062207996904112e-06 0.0012987012987012987
20 18 85 49	0.1585180945189714 0.30454545454545456
20 18 86 49	0.06574761399787911 0.03636363636363636
20 18 95 49	0.14341938496431192 0.14025974025974025
20 18 104 49	0.2862190812720848 0.08181818181818182
20 18 105 49	0.24351747463359638 0.1383116883116883
20 18 117 49	0.09090909090909091 0.0025974025974025974
20 18 122 49	0.087248322147651 0.008441558441558441
20 18 126 49	0.020710059171597635 0.004545454545454545
20 27 77 49	0.007352941176470588 0.0006493506493506494
20 27 85 49	0.20670860606678043 0.24285714285714285
20 27 86 49	0.09090909090909091 0.0006493506493506494
20 27 95 49	0.15925925925925927 0.07467532467532467
20 27 104 49	0.5384615384615384 0.0025974025974025974
20 27 105 49	0.283203125 0.07662337662337662
20 30 85 49	0.20430107526881722 0.003246753246753247
20 34 77 49	0.15689381933438987 0.03831168831168831
20 34 104 49	0.17976236105787657 0.14675324675324675
20 34 105 49	0.18108610365475944 0.17857142857142858
20 34 117 49	0.23746701846965698 0.03896103896103896
20 45 108 49	0.012121212121212121 0.006493506493506494
20 45 110 49	0.10714285714285714 0.001948051948051948
20 52 85 49	0.19411764705882353 0.0025974025974025974
20 56 100 49	1.0 0.0006493506493506494
20 77 49	0.07407407407407407 0.0012987012987012987
20 83 77 49	0.00954653937947494 0.004545454545454545
20 83 85 37	8.049877038128242e-06 0.0012987012987012987
20 83 85 49	0.15853836784409256 0.30454545454545456
20 83 86 49	0.06574761399787911 0.03636363636363636
20 83 95 49	0.14281907807087663 0.14025974025974025
20 83 104 49	0.2862190812720848 0.08181818181818182
20 83 105 49	0.24472333143183114 0.1383116883116883
20 83 117 49	0.09090909090909091 0.0025974025974025974
20 83 122 49	0.087248322147651 0.008441558441558441
20 83 126 49	0.020710059171597635 0.004545454545454545
20 85 8 49	0.4364207221350079 0.025324675324675326
20 85 23 49	0.15121951219512195 0.02012987012987013
20 85 26 49	0.4408284023668639 0.048701298701298704
20 85 49	0.24240930599369084 0.35064935064935066
20 85 50 49	0.32666666666666666 0.031818181818181815
20 85 58 49	0.23529411764705882 0.02077922077922078
20 85 65 49	0.17857142857142858 0.003246753246753247
20 85 72 49	0.3320610687022901 0.02207792207792208
20 85 73 49	0.4364207221350079 0.025324675324675326
20 85 88 49	0.14285714285714285 0.01753246753246753
20 85 115 49	0.32666666666666666 0.031818181818181815
20 85 121 49	0.15853658536585366 0.01753246753246753
20 85 123 49	0.3167420814479638 0.045454545454545456
20 86 2 49	0.13402625820568928 0.06298701298701298
20 86 4 49	0.3 0.02922077922077922
20 86 14 49	0.12195121951219512 0.006493506493506494
20 86 49	0.037037037037037035 0.0006493506493506494
20 86 108 49	0.012195121951219513 0.0012987012987012987
20 92 77 49	0.007352941176470588 0.0006493506493506494
20 92 85 49	0.20670860606678043 0.24285714285714285
20 92 95 49	0.15925925925925927 0.07467532467532467
20 92 104 49	0.5384615384615384 0.0025974025974025974
20 92 105 49	0.283203125 0.07662337662337662
20 95 14 49	0.1 0.0006493506493506494
20 95 27 49	0.03571428571428571 0.0006493506493506494
20 95 49	0.21640826873385013 0.06623376623376623
20 95 56 49	0.11956521739130435 0.007142857142857143
20 95 77 49	0.1976470588235294 0.04350649350649351
20 95 81 49	0.024390243902439025 0.0012987012987012987
20 95 85 49	0.2289156626506024 0.011688311688311689
20 95 91 49	0.42757417102966844 0.032467532467532464
20 95 92 49	0.03571428571428571 0.0006493506493506494
20 95 104 49	0.22756155679110404 0.14285714285714285
20 95 105 49	0.2213794319985888 0.22792207792207791
20 95 108 49	0.012195121951219513 0.0012987012987012987
20 95 110 49	0.05670103092783505 0.007142857142857143
20 95 116 49	0.1388888888888889 0.001948051948051948
20 95 117 49	0.2588996763754045 0.03896103896103896
20 95 122 49	0.03225806451612903 0.0006493506493506494
20 104 49	0.39473684210526316 0.005844155844155844
20 105 49	0.41007194244604317 0.03636363636363636
20 117 85 49	0.22 0.008441558441558441
20 117 104 49	0.3061797752808989 0.02142857142857143
20 117 105 49	0.2546916890080429 0.025974025974025976
20 117 117 49	0.15 0.001948051948051948
20 117 122 49	0.03333333333333333 0.0006493506493506494
20 126 2 49	0.15056461731493098 0.03051948051948052
21 18 85 49	0.06465067778936393 0.0012987012987012987
21 18 86 49	1.0 0.0006493506493506494
21 18 95 49	0.10891089108910891 0.0006493506493506494
21 18 126 49	1.0 0.0006493506493506494
21 27 85 49	0.09090909090909091 0.0006493506493506494
21 34 104 49	0.25 0.0006493506493506494
21 83 85 49	0.06465067778936393 0.0012987012987012987
21 83 95 49	0.10891089108910891 0.0006493506493506494
21 85 49	0.037037037037037035 0.0006493506493506494
21 86 49	1.0 0.0012987012987012987
21 95 105 49	0.07692307692307693 0.0006493506493506494
21 126 49	1.0 0.0006493506493506494
23 1 66 49	0.25 0.0012987012987012987
23 6 71 46	0.00019327406262079628 0.0006493506493506494
23 12 77 49	0.16666666666666666 0.0006493506493506494
23 12 105 49	0.041666666666666664 0.0006493506493506494
23 20 85 49	0.13846153846153847 0.001948051948051948
23 20 95 49	0.2222222222222222 0.0006493506493506494
23 23 49	1.0 0.011688311688311689
23 24 89 49	0.1568627450980392 0.0012987012987012987
23 35 100 49	0.03787878787878788 0.0006493506493506494
23 39 104 49	0.2857142857142857 0.0012987012987012987
23 39 105 49	0.32142857142857145 0.0006493506493506494
23 41 106 46	0.0003757985719654265 0.0006493506493506494
23 46 111 37	0.00018158707100054475 0.0006493506493506494
23 46 111 46	9.491470727117844e-06 0.0012987012987012987
23 46 111 49	0.19437679876023908 0.011688311688311689
23 49	1.0 0.0012987012987012987
23 49 94 29	1.0 0.0012987012987012987
23 49 114 49	0.9 0.0012987012987012987
23 51 116 49	0.17391304347826086 0.0012987012987012987
23 58 123 49	1.0 0.001948051948051948
23 67 2 49	0.3333333333333333 0.0006493506493506494
23 88 49	1.0 0.011688311688311689
23 123 49	1.0 0.0006493506493506494
24 89 8 49	0.14285714285714285 0.0012987012987012987
24 89 23 49	0.16666666666666666 0.01038961038961039
24 89 39 49	0.4375 0.00909090909090909
24 89 49	0.24797645327446652 0.05844155844155844
24 89 67 49	0.008333333333333333 0.0006493506493506494
24 89 73 49	0.14285714285714285 0.0012987012987012987
24 89 88 49	0.16666666666666666 0.01038961038961039
24 89 121 49	0.047619047619047616 0.0012987012987012987
24 89 123 49	0.19327731092436976 0.011688311688311689
26 0 26 49	0.875 0.004545454545454545
26 0 49	0.875 0.004545454545454545
26 0 58 49	0.875 0.004545454545454545
26 0 65 49	0.875 0.004545454545454545
26 0 123 49	0.875 0.004545454545454545
26 30 85 49	0.4188034188034188 0.014285714285714285
26 30 95 49	0.6894409937888198 0.013636363636363636
26 32 91 49	0.875 0.004545454545454545
26 32 97 49	0.875 0.004545454545454545
26 32 98 49	0.875 0.004545454545454545
26 33 91 49	0.875 0.004545454545454545
26 33 97 49	0.875 0.004545454545454545
26 33 98 49	0.875 0.004545454545454545
26 45 110 49	1.0 0.016233766233766232
26 49	0.987012987012987 0.03831168831168831
26 49 113 48	0.9864864864864865 0.03636363636363636
26 49 113 49	0.013513513513513514 0.0006493506493506494
26 49 114 49	0.8476375256790687 0.04090909090909091
26 91 8 49	0.5714285714285714 0.0012987012987012987
26 91 26 49	0.9879336349924586 0.052597402597402594
26 91 49	0.9497206703910615 0.09610389610389611
26 91 58 49	1.0 0.004545454545454545
26 91 65 49	0.958904109589041 0.00909090909090909
26 91 67 49	0.8813559322033898 0.016233766233766232
26 97 0 49	1.0 0.004545454545454545
26 97 33 49	1.0 0.004545454545454545
26 97 49	1.0 0.004545454545454545
26 97 91 49	0.875 0.004545454545454545
26 97 98 49	1.0 0.004545454545454545
26 98 0 49	1.0 0.004545454545454545
26 98 33 49	0.9333333333333333 0.00909090909090909
26 98 49	0.9459459459459459 0.00909090909090909
26 98 91 49	0.875 0.004545454545454545
26 98 98 49	1.0 0.004545454545454545
26 107 42 49	0.5 0.0012987012987012987
26 107 49	0.7333333333333333 0.03896103896103896
26 107 56 49	0.6666666666666666 0.0012987012987012987
26 108 49	1.0 0.0025974025974025974
27 27 27 49	1.0 0.0006493506493506494
27 27 49	1.0 0.0006493506493506494
27 27 92 49	1.0 0.0006493506493506494
27 30 85 49	0.03571428571428571 0.0006493506493506494
27 30 95 49	0.75 0.0006493506493506494
27 92 27 49	1.0 0.0006493506493506494
27 92 49	1.0 0.0006493506493506494
27 92 92 49	1.0 0.0006493506493506494
30 15 80 49	0.75 0.001948051948051948
30 15 100 49	0.2557856272838002 0.012987012987012988
30 18 85 49	0.18240598945039987 0.023376623376623377
30 18 86 49	0.14285714285714285 0.007142857142857143
30 18 95 49	0.33840304182509506 0.01948051948051948
30 18 105 49	0.2926829268292683 0.012987012987012988
30 27 85 49	0.19269217511203032 0.02077922077922078
30 27 95 49	0.39669421487603307 0.014285714285714285
30 27 105 49	0.5517241379310345 0.00909090909090909
30 34 104 49	0.20353982300884957 0.00974025974025974
30 34 105 49	0.2358974358974359 0.013636363636363636
30 34 117 49	0.5945945945945946 0.011688311688311689
30 45 108 49	0.10294117647058823 0.001948051948051948
30 83 85 49	0.18325946130242074 0.023376623376623377
30 83 86 49	0.14285714285714285 0.007142857142857143
30 83 95 49	0.33840304182509506 0.01948051948051948
30 83 105 49	0.29508196721311475 0.012987012987012988
30 85 26 49	0.9084507042253521 0.00909090909090909
30 85 49	0.2801003344481605 0.01948051948051948
30 85 50 49	0.9 0.005844155844155844
30 85 65 49	0.25 0.0006493506493506494
30 85 72 49	0.875 0.004545454545454545
30 85 115 49	0.9 0.005844155844155844
30 85 121 49	0.75 0.0025974025974025974
30 85 123 49	0.3888888888888889 0.004545454545454545
30 86 2 49	0.2867647058823529 0.005844155844155844
30 92 85 49	0.19269217511203032 0.02077922077922078
30 92 95 49	0.39669421487603307 0.014285714285714285
30 92 105 49	0.5517241379310345 0.00909090909090909
30 95 27 49	0.75 0.001948051948051948
30 95 49	0.7161290322580646 0.024025974025974027
30 95 75 49	0.7 0.004545454545454545
30 95 77 49	0.34375 0.007142857142857143
30 95 91 49	0.8538461538461538 0.007792207792207792
30 95 92 49	0.75 0.001948051948051948
30 95 104 49	0.20108695652173914 0.01038961038961039
30 95 105 49	0.2773722627737226 0.015584415584415584
30 95 117 49	0.5945945945945946 0.011688311688311689
30 117 104 49	0.09090909090909091 0.0006493506493506494
30 126 2 49	0.345679012345679 0.004545454545454545
32 91 49	1.0 0.001948051948051948
32 91 65 49	1.0 0.001948051948051948
32 97 0 49	1.0 0.001948051948051948
32 97 33 49	1.0 0.001948051948051948
32 97 49	1.0 0.001948051948051948
32 97 91 49	0.875 0.001948051948051948
32 98 0 49	1.0 0.001948051948051948
32 98 33 49	1.0 0.001948051948051948
32 98 49	1.0 0.001948051948051948
32 98 91 49	0.875 0.001948051948051948
33 0 49	1.0 0.0012987012987012987
33 0 58 49	1.0 0.0012987012987012987
33 0 65 49	1.0 0.0012987012987012987
33 6 71 49	1.0 0.0006493506493506494
33 10 75 49	0.2 0.0006493506493506494
33 32 91 49	1.0 0.0012987012987012987
33 32 97 49	1.0 0.0012987012987012987
33 33 91 49	1.0 0.0012987012987012987
33 33 97 49	1.0 0.0012987012987012987
33 46 111 49	0.7213114754098361 0.0006493506493506494
33 49	1.0 0.001948051948051948
33 49 111 46	0.25 0.0006493506493506494
33 49 113 48	1.0 0.0012987012987012987
33 49 114 49	0.8614775725593667 0.001948051948051948
33 91 26 49	1.0 0.0012987012987012987
33 91 49	0.9459459459459459 0.001948051948051948
33 91 58 49	1.0 0.001948051948051948
33 91 65 49	1.0 0.001948051948051948
33 97 0 49	1.0 0.001948051948051948
33 97 49	1.0 0.001948051948051948
33 97 98 49	1.0 0.001948051948051948
33 98 0 49	1.0 0.001948051948051948
33 98 43 29	1.0 0.0006493506493506494
33 98 49	1.0 0.003896103896103896
33 98 91 49	0.875 0.001948051948051948
33 98 98 49	1.0 0.001948051948051948
35 80 49	0.046153846153846156 0.001948051948051948
35 80 77 49	0.2375 0.008441558441558441
35 80 85 49	0.17895468998410174 0.09155844155844156
35 80 95 49	0.2292576419213974 0.03766233766233766
35 80 104 49	0.17754569190600522 0.04415584415584416
35 80 105 49	0.12608353033884948 0.03896103896103896
35 80 117 48	0.2 0.0006493506493506494
35 80 117 49	0.25735294117647056 0.02207792207792208
35 100 23 49	0.06206896551724138 0.005844155844155844
35 100 26 49	0.4773413897280967 0.03961038961038961
35 100 49	0.20403057678943712 0.137012987012987
35 100 58 49	0.22105263157894736 0.013636363636363636
35 100 65 49	0.4666666666666667 0.00909090909090909
35 100 67 49	0.07692307692307693 0.003246753246753247
35 100 69 49	0.07692307692307693 0.003246753246753247
35 100 72 49	0.23943661971830985 0.01038961038961039
35 100 88 49	0.038461538461538464 0.003246753246753247
35 100 109 49	0.09310344827586207 0.00909090909090909
35 100 123 49	0.3473684210526316 0.02142857142857143
35 103 31 49	0.16666666666666666 0.0006493506493506494
35 121 85 49	1.0 0.0006493506493506494
36 101 26 49	0.1282051282051282 0.001948051948051948
36 101 44 49	0.2 0.0012987012987012987
36 101 49	0.21626617375231053 0.07142857142857142
36 101 58 49	0.05263157894736842 0.0006493506493506494
36 101 69 49	0.1 0.0006493506493506494
36 101 72 49	0.3333333333333333 0.001948051948051948
36 101 109 49	0.08695652173913043 0.0025974025974025974
36 101 123 49	0.10526315789473684 0.0012987012987012987
36 127 49	0.2 0.0012987012987012987
36 129 127 49	0.13636363636363635 0.001948051948051948
37	0.1111111111111111 0.0012987012987012987
37 102 37	0.00625 0.0012987012987012987
37 102 44 49	0.8571428571428571 0.0012987012987012987
37 102 49	0.92 0.01103896103896104
37 102 73 49	1.0 0.0012987012987012987
37 111 49	0.041666666666666664 0.001948051948051948
37 114 37	0.6666666666666666 0.0012987012987012987
37 114 49	0.7272727272727273 0.0012987012987012987
38 103 49	1.0 0.0006493506493506494
39 15 80 49	0.16666666666666666 0.0006493506493506494
39 15 100 49	0.17616580310880828 0.014935064935064935
39 18 85 49	0.2810060711188205 0.001948051948051948
39 18 105 49	0.46153846153846156 0.001948051948051948
39 27 85 49	0.5384615384615384 0.001948051948051948
39 27 104 49	0.25 0.0012987012987012987
39 27 105 49	0.23076923076923078 0.003246753246753247
39 30 85 49	0.22313084112149534 0.04935064935064935
39 30 86 49	0.14285714285714285 0.0006493506493506494
39 30 95 49	0.17535545023696683 0.007142857142857143
39 30 104 49	0.5714285714285714 0.001948051948051948
39 30 105 49	0.5 0.003896103896103896
39 33 105 49	0.6 0.0006493506493506494
39 34 104 49	0.3333333333333333 0.0025974025974025974
39 34 105 49	0.3225806451612903 0.0012987012987012987
39 52 85 49	0.30277777777777776 0.011688311688311689
39 52 104 49	0.16666666666666666 0.0012987012987012987
39 52 105 49	0.5555555555555556 0.004545454545454545
39 77 49	0.14432989690721648 0.007142857142857143
39 77 109 49	0.034482758620689655 0.0006493506493506494
39 83 85 49	0.2810060711188205 0.001948051948051948
39 83 104 49	1.0 0.001948051948051948
39 83 105 49	0.46153846153846156 0.001948051948051948
39 85 49	0.39473684210526316 0.001948051948051948
39 92 85 49	0.5384615384615384 0.001948051948051948
39 92 104 49	0.25 0.0006493506493506494
39 92 105 49	0.25 0.0025974025974025974
39 92 117 49	0.3333333333333333 0.0006493506493506494
39 93 75 49	0.03125 0.0012987012987012987
39 93 107 49	0.16666666666666666 0.0012987012987012987
39 93 110 49	0.3333333333333333 0.0012987012987012987
39 95 104 49	0.5714285714285714 0.001948051948051948
39 95 105 49	0.4 0.001948051948051948
39 99 85 49	0.17325452530476543 0.033766233766233764
39 99 86 49	0.25 0.0006493506493506494
39 99 95 49	0.152317880794702 0.004545454545454545
39 99 104 49	0.3333333333333333 0.0025974025974025974
39 99 122 49	0.08333333333333333 0.0006493506493506494
39 104 23 49	0.2857142857142857 0.0025974025974025974
39 104 49	0.5505124450951684 0.16428571428571428
39 104 73 49	0.16666666666666666 0.0006493506493506494
39 104 88 49	0.2857142857142857 0.0025974025974025974
39 104 109 49	0.045454545454545456 0.0006493506493506494
39 105 26 49	0.4230769230769231 0.0012987012987012987
39 105 49	0.23694267515923567 0.06168831168831169
39 105 56 49	0.5 0.0012987012987012987
39 105 58 49	0.18181818181818182 0.0012987012987012987
39 105 73 49	0.08 0.0012987012987012987
39 105 123 49	0.28 0.004545454545454545
39 117 49	0.1724137931034483 0.005844155844155844
39 117 56 49	0.6666666666666666 0.0025974025974025974
39 117 104 49	0.16666666666666666 0.0006493506493506494
39 117 105 49	0.36 0.0006493506493506494
39 121 56 49	1.0 0.0012987012987012987
39 126 2 49	0.023255813953488372 0.003246753246753247
39 126 49	0.14285714285714285 0.0006493506493506494
40 15 80 49	0.125 0.0006493506493506494
40 15 100 49	0.12810248198558846 0.023376623376623377
40 18 85 49	0.23993288590604026 0.005844155844155844
40 18 95 49	0.2236024844720497 0.001948051948051948
40 18 104 49	0.46153846153846156 0.0025974025974025974
40 18 105 49	0.2857142857142857 0.001948051948051948
40 27 85 49	0.2761904761904762 0.003896103896103896
40 27 95 49	0.41025641025641024 0.001948051948051948
40 27 104 49	0.23809523809523808 0.0025974025974025974
40 27 105 49	0.21100917431192662 0.008441558441558441
40 30 85 49	0.2187554470977863 0.10909090909090909
40 30 86 49	0.07692307692307693 0.0006493506493506494
40 30 95 49	0.23265306122448978 0.02077922077922078
40 30 104 49	0.4 0.0025974025974025974
40 30 105 49	0.5 0.005844155844155844
40 33 105 49	0.6 0.0006493506493506494
40 34 105 49	0.2647058823529412 0.001948051948051948
40 46 111 49	0.025 0.0006493506493506494
40 52 85 49	0.2546916890080429 0.014935064935064935
40 52 104 49	0.36 0.005844155844155844
40 52 105 49	0.3488372093023256 0.007142857142857143
40 77 8 49	0.1 0.0006493506493506494
40 77 26 49	0.11538461538461539 0.001948051948051948
40 77 49	0.15920398009950248 0.01818181818181818
40 77 58 49	0.5 0.0006493506493506494
40 77 67 49	0.08333333333333333 0.0012987012987012987
40 77 73 49	0.1 0.0006493506493506494
40 77 88 49	0.041666666666666664 0.0006493506493506494
40 77 109 49	0.03508771929824561 0.0012987012987012987
40 83 85 49	0.23880597014925373 0.005844155844155844
40 83 95 49	0.2222222222222222 0.001948051948051948
40 83 104 49	0.46153846153846156 0.0025974025974025974
40 83 105 49	0.2857142857142857 0.001948051948051948
40 85 49	0.4014084507042254 0.005194805194805195
40 85 88 49	0.5 0.0006493506493506494
40 92 85 49	0.2761904761904762 0.003896103896103896
40 92 95 49	0.41025641025641024 0.001948051948051948
40 92 104 49	0.21428571428571427 0.003246753246753247
40 92 105 49	0.21100917431192662 0.008441558441558441
40 93 75 49	0.056451612903225805 0.003246753246753247
40 93 110 49	0.3333333333333333 0.0006493506493506494
40 95 49	0.4 0.0006493506493506494
40 95 104 49	0.5 0.0012987012987012987
40 98 104 49	0.6 0.001948051948051948
40 98 105 49	0.6 0.001948051948051948
40 99 85 49	0.17771023302938196 0.06103896103896104
40 99 86 49	0.14285714285714285 0.0006493506493506494
40 99 95 49	0.17164179104477612 0.01103896103896104
40 99 104 49	0.3225806451612903 0.006493506493506494
40 99 105 49	0.2647058823529412 0.005844155844155844
40 104 8 49	0.1111111111111111 0.0006493506493506494
40 104 23 49	0.32142857142857145 0.005844155844155844
40 104 49	0.23425692695214106 0.07012987012987013
40 104 73 49	0.1111111111111111 0.0006493506493506494
40 104 88 49	0.32142857142857145 0.005844155844155844
40 104 109 49	0.041666666666666664 0.0012987012987012987
40 105 8 49	0.5280898876404494 0.01103896103896104
40 105 26 49	0.5526315789473685 0.01883116883116883
40 105 43 49	0.3076923076923077 0.0025974025974025974
40 105 49	0.4153913423699169 0.38961038961038963
40 105 56 49	1.0 0.0012987012987012987
40 105 58 49	0.4 0.007142857142857143
40 105 67 49	0.02702702702702703 0.0006493506493506494
40 105 73 49	0.5280898876404494 0.01103896103896104
40 105 123 49	0.21052631578947367 0.005194805194805195
40 117 49	0.1310344827586207 0.007792207792207792
40 117 81 49	0.07692307692307693 0.0012987012987012987
40 117 104 49	0.5555555555555556 0.003896103896103896
40 117 105 49	0.3488372093023256 0.005844155844155844
40 118 75 49	0.041666666666666664 0.0012987012987012987
40 122 49	0.5 0.0006493506493506494
40 126 2 49	0.06279069767441861 0.01753246753246753
40 126 49	0.11764705882352941 0.0012987012987012987
41 106 43 49	0.2 0.0006493506493506494
41 106 44 49	0.17647058823529413 0.0006493506493506494
41 106 49	0.36231884057971014 0.00974025974025974
42 28 104 49	0.5 0.0006493506493506494
42 45 110 49	1.0 0.0006493506493506494
42 49	1.0 0.001948051948051948
42 49 114 49	0.8870056497175142 0.004545454545454545
42 81 49	0.2 0.0006493506493506494
42 91 26 49	1.0 0.005844155844155844
42 91 49	0.8627450980392157 0.015584415584415584
42 91 67 49	0.75 0.001948051948051948
42 107 42 49	1.0 0.001948051948051948
42 107 49	0.7525773195876289 0.026623376623376622
42 108 49	1.0 0.0012987012987012987
43 21 85 49	0.023529411764705882 0.0012987012987012987
43 28 93 29	0.8333333333333334 0.003246753246753247
43 28 93 49	0.8333333333333334 0.003246753246753247
43 28 118 49	0.8333333333333334 0.003246753246753247
43 29	0.8333333333333334 0.003246753246753247
43 29 94 49	0.8333333333333334 0.003246753246753247
43 29 111 46	0.20833333333333334 0.003246753246753247
43 29 114 29	0.8333333333333334 0.003246753246753247
43 29 114 49	0.75 0.003246753246753247
43 30 85 49	0.023529411764705882 0.0012987012987012987
43 49	0.8333333333333334 0.003246753246753247
43 49 94 29	0.8333333333333334 0.003246753246753247
43 49 94 49	0.8333333333333334 0.003246753246753247
43 49 114 29	0.8333333333333334 0.003246753246753247
43 49 114 49	0.75 0.003246753246753247
43 53 93 29	0.8333333333333334 0.003246753246753247
43 53 93 49	0.8333333333333334 0.003246753246753247
43 53 118 29	0.8333333333333334 0.003246753246753247
43 53 118 49	0.8333333333333334 0.003246753246753247
43 81 49	0.2894736842105263 0.007142857142857143
43 81 73 49	0.3333333333333333 0.0006493506493506494
43 91 49	1.0 0.001948051948051948
43 107 49	1.0 0.0006493506493506494
43 108 8 49	0.8333333333333334 0.003246753246753247
43 108 26 49	0.4642857142857143 0.003246753246753247
43 108 33 49	0.8333333333333334 0.003246753246753247
43 108 43 29	0.625 0.003246753246753247
43 108 43 49	0.8333333333333334 0.003246753246753247
43 108 49	0.6688741721854304 0.033766233766233764
43 108 73 49	0.8333333333333334 0.003246753246753247
43 110 85 49	0.011904761904761904 0.0012987012987012987
43 110 95 49	0.08139534883720931 0.0006493506493506494
44 12 105 49	0.07017543859649122 0.0012987012987012987
44 35 100 49	0.17982456140350878 0.0012987012987012987
44 44 109 49	1.0 0.0012987012987012987
44 46 111 49	0.15039417828987264 0.001948051948051948
44 51 116 49	0.17391304347826086 0.0012987012987012987
44 109 49	1.0 0.001948051948051948
44 109 109 49	1.0 0.0012987012987012987
45 6 71 49	0.36363636363636365 0.0012987012987012987
45 10 75 49	0.4 0.0012987012987012987
45 28 105 49	0.3333333333333333 0.0006493506493506494
45 30 85 49	0.055 0.0025974025974025974
45 37 111 49	0.12195121951219512 0.0006493506493506494
45 110 8 49	0.4 0.003246753246753247
45 110 44 49	0.08333333333333333 0.0006493506493506494
45 110 49	0.383399209486166 0.03051948051948052
45 110 73 49	0.4 0.003246753246753247
45 110 91 49	1.0 0.0025974025974025974
45 110 123 49	1.0 0.001948051948051948
46 102 49	0.041666666666666664 0.001948051948051948
46 102 110 49	0.12195121951219512 0.003246753246753247
46 102 123 49	0.023809523809523808 0.0006493506493506494
46 111 8 49	0.6078939786804956 0.2961038961038961
46 111 23 49	0.2081776214552649 0.3525974025974026
46 111 26 49	0.3134020618556701 0.12727272727272726
46 111 33 49	0.36666666666666664 0.02857142857142857
46 111 37	0.0017838457707024568 0.21948051948051947
46 111 39 49	0.06338028169014084 0.005844155844155844
46 111 43 29	0.09492988133764833 0.02857142857142857
46 111 43 49	0.3802938634399309 0.02857142857142857
46 111 44 49	0.09645909645909646 0.014935064935064935
46 111 46	8.236554391219449e-07 0.007142857142857143
46 111 49	0.5548102963330633 0.8435064935064935
46 111 50 49	0.13023255813953488 0.03961038961038961
46 111 56 49	0.040229885057471264 0.004545454545454545
46 111 58 37	0.0003778575477045154 0.0012987012987012987
46 111 58 46	0.000524295161263044 0.02857142857142857
46 111 58 49	0.19320899091343854 0.237012987012987
46 111 65 49	0.14705882352941177 0.01818181818181818
46 111 67 49	0.06804123711340206 0.11558441558441558
46 111 69 49	0.015873015873015872 0.004545454545454545
46 111 72 49	0.04210940574576938 0.01948051948051948
46 111 73 49	0.6078939786804956 0.2961038961038961
46 111 88 49	0.20803000220604456 0.35064935064935066
46 111 98 49	0.8 0.02857142857142857
46 111 105 49	0.02608695652173913 0.001948051948051948
46 111 109 49	0.09451307095662166 0.05584415584415584
46 111 115 49	0.12262773722627737 0.03961038961038961
46 111 120 49	0.13793103448275862 0.0025974025974025974
46 111 121 49	0.15894568690095848 0.0987012987012987
46 111 123 49	0.23131046613896217 0.35194805194805195
48 114 49	0.014124293785310734 0.0006493506493506494
48 114 91 49	0.013157894736842105 0.0006493506493506494
49	1.0 1.0
49 94 29	1.0 0.02922077922077922
49 94 49	1.0 0.02922077922077922
49 94 108 49	0.8333333333333334 0.02922077922077922
49 102 37	0.9651162790697675 0.30584415584415586
49 102 49	0.898876404494382 0.05194805194805195
49 111 46	0.25 0.02922077922077922
49 111 123 49	1.0 0.02922077922077922
49 113 48	1.0 0.1974025974025974
49 113 49	0.01644736842105263 0.003246753246753247
49 114 0 49	1.0 0.1974025974025974
49 114 2 49	0.6204819277108434 0.2038961038961039
49 114 8 49	1.0 0.33246753246753247
49 114 23 49	1.0 0.02922077922077922
49 114 26 49	0.993534290555605 0.21363636363636362
49 114 29	1.0 0.02922077922077922
49 114 33 49	1.0 0.22662337662337662
49 114 37	0.04776119402985075 0.05194805194805195
49 114 42 49	0.8380782918149466 0.1974025974025974
49 114 43 29	0.9782608695652174 0.02922077922077922
49 114 43 49	0.9782608695652174 0.02922077922077922
49 114 48	0.05102040816326531 0.003246753246753247
49 114 49	0.9184048857694725 1.0
49 114 56 49	0.14285714285714285 0.05714285714285714
49 114 58 46	0.005832793259883344 0.02922077922077922
49 114 58 49	1.0 0.474025974025974
49 114 65 49	1.0 0.1974025974025974
49 114 67 49	0.7427884615384616 0.1974025974025974
49 114 73 49	1.0 0.33246753246753247
49 114 88 49	1.0 0.02922077922077922
49 114 91 49	0.9602223754525082 0.21753246753246752
49 114 98 49	1.0 0.22662337662337662
49 114 107 49	0.4426691729323308 0.21038961038961038
49 114 108 49	0.8333333333333334 0.02922077922077922
49 114 121 49	0.328125 0.06818181818181818
49 114 123 49	1.0 0.474025974025974
50 1 66 49	0.25 0.0006493506493506494
50 10 75 49	0.2 0.0006493506493506494
50 20 85 49	0.3181818181818182 0.0006493506493506494
50 20 95 49	0.6428571428571429 0.0006493506493506494
50 46 111 49	0.11036225779275484 0.0025974025974025974
50 50 49	1.0 0.001948051948051948
50 67 2 49	1.0 0.0012987012987012987
50 115 49	1.0 0.0025974025974025974
51 0 58 49	1.0 0.0006493506493506494
51 30 85 49	0.11904761904761904 0.001948051948051948
51 116 23 49	0.19047619047619047 0.0025974025974025974
51 116 49	0.21657754010695188 0.04090909090909091
51 116 58 49	1.0 0.0006493506493506494
51 116 73 49	0.2 0.0012987012987012987
51 116 88 49	0.19047619047619047 0.0025974025974025974
51 116 121 49	0.16666666666666666 0.003246753246753247
52 15 100 49	0.33653846153846156 0.0025974025974025974
52 27 104 49	1.0 0.0006493506493506494
52 30 85 49	0.4 0.005194805194805195
52 30 95 49	0.7333333333333333 0.005844155844155844
52 77 49	0.2727272727272727 0.001948051948051948
52 93 49	0.5 0.0006493506493506494
52 93 110 49	1.0 0.0006493506493506494
52 99 85 49	0.3813559322033898 0.005194805194805195
52 99 95 49	0.7333333333333333 0.005844155844155844
52 104 49	0.2631578947368421 0.004545454545454545
52 104 67 49	0.5 0.0006493506493506494
52 105 26 49	1.0 0.0012987012987012987
52 105 49	0.21839080459770116 0.005844155844155844
52 105 67 49	0.2 0.0006493506493506494
52 105 123 49	0.6 0.001948051948051948
52 117 42 49	1.0 0.001948051948051948
52 117 49	0.9102564102564102 0.03831168831168831
52 126 49	0.5 0.0006493506493506494
54 119 49	1.0 0.0012987012987012987
55 10 75 49	0.4 0.0006493506493506494
55 46 111 49	0.12903225806451613 0.0006493506493506494
55 120 49	1.0 0.0006493506493506494
56 8 8 49	1.0 0.0006493506493506494
56 8 73 49	1.0 0.0006493506493506494
56 16 81 49	0.9 0.001948051948051948
56 20 85 49	0.3058823529411765 0.0025974025974025974
56 46 111 49	0.35727109515260325 0.004545454545454545
56 49	0.5 0.0006493506493506494
56 49 114 49	0.6774193548387096 0.0025974025974025974
56 51 116 49	0.5 0.0012987012987012987
56 73 8 49	1.0 0.0006493506493506494
57 18 85 49	0.08666666666666667 0.0006493506493506494
57 30 85 49	0.02857142857142857 0.0006493506493506494
57 52 85 49	0.029411764705882353 0.0006493506493506494
57 83 85 49	0.08666666666666667 0.0006493506493506494
57 95 104 49	1.0 0.0006493506493506494
57 105 49	0.5 0.0006493506493506494
57 122 44 49	0.5 0.0006493506493506494
57 122 49	0.6030534351145038 0.03701298701298701
58 6 71 49	0.09090909090909091 0.0006493506493506494
58 8 123 49	1.0 0.003896103896103896
58 16 81 49	0.3181818181818182 0.001948051948051948
58 20 85 49	0.30973451327433627 0.0025974025974025974
58 23 23 49	1.0 0.0006493506493506494
58 23 49	1.0 0.0006493506493506494
58 24 89 49	0.18253968253968253 0.0025974025974025974
58 26 91 49	1.0 0.0006493506493506494
58 35 100 49	0.3473684210526316 0.001948051948051948
58 36 101 49	0.10526315789473684 0.0006493506493506494
58 37 111 49	0.022727272727272728 0.0006493506493506494
58 40 104 49	0.28 0.0025974025974025974
58 40 117 49	0.3 0.001948051948051948
58 40 126 49	1.0 0.0006493506493506494
58 45 110 49	1.0 0.0006493506493506494
58 46	0.022727272727272728 0.0006493506493506494
58 46 94 49	1.0 0.0006493506493506494
58 46 111 46	1.4433398885019936e-05 0.0006493506493506494
58 46 111 49	0.22956066336921735 0.011688311688311689
58 46 114 49	0.9 0.0006493506493506494
58 49	1.0 0.0025974025974025974
58 49 94 49	1.0 0.0006493506493506494
58 49 114 49	0.9046369203849519 0.0025974025974025974
58 65 0 49	1.0 0.0006493506493506494
58 67 2 49	0.5 0.0006493506493506494
58 73 123 49	1.0 0.003896103896103896
58 88 49	1.0 0.0006493506493506494
58 123 8 49	1.0 0.0006493506493506494
58 123 23 49	1.0 0.001948051948051948
58 123 49	1.0 0.012337662337662338
58 123 58 49	1.0 0.0025974025974025974
58 123 88 49	1.0 0.001948051948051948
61 18 85 49	0.020348837209302327 0.0006493506493506494
61 83 85 49	0.020348837209302327 0.0006493506493506494
61 104 49	0.125 0.0006493506493506494
61 104 67 49	1.0 0.0006493506493506494
61 105 49	0.11764705882352941 0.0006493506493506494
61 105 67 49	1.0 0.0006493506493506494
61 105 123 49	1.0 0.0006493506493506494
61 126 2 49	0.1111111111111111 0.0006493506493506494
61 126 49	1.0 0.003246753246753247
62 101 8 49	0.5 0.0006493506493506494
62 101 49	0.18181818181818182 0.0012987012987012987
62 127 49	0.625 0.00909090909090909
63 128 49	0.6 0.001948051948051948
63 128 67 49	0.5 0.0006493506493506494
65 0 26 49	1.0 0.006493506493506494
65 0 49	1.0 0.006493506493506494
65 0 58 49	1.0 0.006493506493506494
65 0 65 49	1.0 0.006493506493506494
65 0 123 49	1.0 0.006493506493506494
65 32 91 49	1.0 0.006493506493506494
65 32 97 49	1.0 0.006493506493506494
65 32 98 49	1.0 0.006493506493506494
65 33 91 49	1.0 0.006493506493506494
65 33 97 49	1.0 0.006493506493506494
65 33 98 49	1.0 0.006493506493506494
65 49	1.0 0.006493506493506494
65 49 114 49	0.8587570621468926 0.006493506493506494
65 91 26 49	1.0 0.006493506493506494
65 91 49	0.875 0.006493506493506494
65 91 65 49	1.0 0.006493506493506494
65 98 33 49	1.0 0.006493506493506494
65 98 49	1.0 0.006493506493506494
67 2 23 49	0.5 0.0006493506493506494
67 2 43 29	0.9 0.004545454545454545
67 2 43 49	0.9 0.004545454545454545
67 2 49	0.7610062893081762 0.05389610389610389
67 2 50 49	1.0 0.0006493506493506494
67 2 58 46	0.042105263157894736 0.0012987012987012987
67 2 58 49	1.0 0.0025974025974025974
67 2 67 49	0.1625 0.0012987012987012987
67 2 73 49	0.9 0.0006493506493506494
67 2 88 49	0.5 0.0006493506493506494
67 2 115 49	1.0 0.0012987012987012987
67 2 123 49	0.5 0.0006493506493506494
67 6 71 49	0.07631874298540965 0.02012987012987013
67 21 85 49	0.13293543136190994 0.00909090909090909
67 21 95 49	0.2154696132596685 0.0012987012987012987
67 49	0.4 0.0012987012987012987
67 49 113 48	0.6666666666666666 0.0012987012987012987
67 49 114 49	0.5364583333333334 0.001948051948051948
67 61 77 49	0.11940298507462686 0.003896103896103896
67 61 85 49	0.14906832298136646 0.005844155844155844
67 61 95 49	0.27450980392156865 0.0012987012987012987
67 61 104 49	0.023474178403755867 0.0025974025974025974
67 61 105 49	0.06235565819861432 0.00974025974025974
67 61 126 49	0.1111111111111111 0.0006493506493506494
69 21 85 49	0.2922077922077922 0.0006493506493506494
73 8 8 49	1.0 0.005194805194805195
73 8 43 29	1.0 0.0006493506493506494
73 8 49	1.0 0.00909090909090909
73 8 73 49	1.0 0.005844155844155844
73 12 105 49	0.1 0.0006493506493506494
73 20 85 49	0.4246031746031746 0.003246753246753247
73 26 91 49	0.5714285714285714 0.0012987012987012987
73 39 105 49	0.1111111111111111 0.0006493506493506494
73 40 104 49	0.08333333333333333 0.0006493506493506494
73 40 105 49	0.4691358024691358 0.005844155844155844
73 43 29	1.0 0.0006493506493506494
73 43 49	1.0 0.0006493506493506494
73 43 108 49	0.8333333333333334 0.0006493506493506494
73 46 111 49	0.5942688805570434 0.007792207792207792
73 49	1.0 0.004545454545454545
73 49 111 46	0.25 0.0012987012987012987
73 49 114 29	1.0 0.0012987012987012987
73 49 114 49	0.9607843137254902 0.004545454545454545
73 51 116 49	0.2 0.0012987012987012987
73 58 123 49	1.0 0.0006493506493506494
73 73 8 49	1.0 0.005194805194805195
73 73 43 29	1.0 0.0006493506493506494
73 73 49	1.0 0.00909090909090909
73 73 73 49	1.0 0.005194805194805195
73 73 121 49	0.3333333333333333 0.0012987012987012987
79 14 49	1.0 0.0012987012987012987
79 21 85 49	0.11764705882352941 0.0006493506493506494
79 30 85 49	0.1 0.0006493506493506494
79 56 49	1.0 0.0006493506493506494
88 12 77 49	0.16666666666666666 0.0006493506493506494
88 12 105 49	0.041666666666666664 0.0006493506493506494
88 20 85 49	0.14691943127962084 0.0025974025974025974
88 20 105 49	0.5 0.0006493506493506494
88 23 49	1.0 0.012337662337662338
88 24 89 49	0.1568627450980392 0.0012987012987012987
88 39 104 49	0.2857142857142857 0.0012987012987012987
88 41 106 46	0.0003757985719654265 0.0006493506493506494
88 46 111 46	9.365795179425221e-06 0.0012987012987012987
88 46 111 49	0.19457313037723362 0.012337662337662338
88 49	1.0 0.0012987012987012987
88 49 114 49	0.9 0.0012987012987012987
88 51 116 49	0.17391304347826086 0.0012987012987012987
88 58 123 49	1.0 0.001948051948051948
88 88 49	1.0 0.011688311688311689
88 88 88 49	1.0 0.0012987012987012987
88 88 123 49	1.0 0.0006493506493506494
88 123 49	1.0 0.0006493506493506494
88 123 58 49	1.0 0.0006493506493506494
91 12 77 49	0.5714285714285714 0.0012987012987012987
91 20 85 49	0.43001443001443 0.005844155844155844
91 20 95 49	0.7371428571428571 0.004545454545454545
91 26 0 49	1.0 0.003896103896103896
91 26 49	1.0 0.011688311688311689
91 26 91 49	0.9485879797248371 0.011688311688311689
91 35 100 49	0.4749498997995992 0.005194805194805195
91 40 105 49	0.5217391304347826 0.007142857142857143
91 43 108 49	0.4642857142857143 0.0025974025974025974
91 46 111 49	0.3026923689660666 0.01103896103896104
91 49	0.95 0.011688311688311689
91 49 113 48	1.0 0.01103896103896104
91 49 114 49	0.8527306823835585 0.011688311688311689
91 67 49	1.0 0.0012987012987012987
92 27 27 49	1.0 0.0006493506493506494
92 27 49	1.0 0.0006493506493506494
92 27 92 49	1.0 0.0006493506493506494
92 30 85 49	0.03571428571428571 0.0006493506493506494
92 30 95 49	0.75 0.0006493506493506494
92 92 27 49	1.0 0.0006493506493506494
92 92 49	1.0 0.0006493506493506494
92 92 92 49	1.0 0.0006493506493506494
96 6 71 49	0.28 0.0006493506493506494
96 31 49	1.0 0.0006493506493506494
96 38 100 49	0.14285714285714285 0.0006493506493506494
98 32 97 49	1.0 0.0006493506493506494
98 33 49	1.0 0.0012987012987012987
98 33 98 49	1.0 0.0012987012987012987
98 43 29	1.0 0.0006493506493506494
98 43 108 49	0.8333333333333334 0.0006493506493506494
98 46 111 49	0.34375 0.0006493506493506494
98 49	1.0 0.0012987012987012987
98 49 94 49	1.0 0.0006493506493506494
98 49 111 46	0.25 0.0006493506493506494
98 49 114 29	1.0 0.0006493506493506494
98 49 114 49	0.8614775725593667 0.0012987012987012987
104 24 89 49	0.4117647058823529 0.0006493506493506494
104 46 111 49	0.06206896551724138 0.0006493506493506494
105 16 108 49	0.5 0.0006493506493506494
107 42 49	1.0 0.001948051948051948
107 49	0.42857142857142855 0.001948051948051948
107 49 113 48	1.0 0.001948051948051948
107 49 114 49	0.6831036983321247 0.001948051948051948
109 36 101 49	0.2 0.0006493506493506494
109 44 49	1.0 0.003246753246753247
109 45 110 49	0.08333333333333333 0.0006493506493506494
109 46 111 49	0.0925 0.003246753246753247
109 57 122 49	0.5 0.0006493506493506494
115 1 66 49	0.25 0.0006493506493506494
115 10 75 49	0.2 0.0006493506493506494
115 20 85 49	0.3181818181818182 0.0006493506493506494
115 20 95 49	0.6428571428571429 0.0006493506493506494
115 46 111 49	0.11731207289293849 0.001948051948051948
115 50 49	1.0 0.001948051948051948
115 115 49	1.0 0.001948051948051948
121 14 49	1.0 0.0006493506493506494
121 30 85 49	0.11578947368421053 0.0012987012987012987
121 40 77 49	1.0 0.0006493506493506494
121 40 104 49	0.5 0.0006493506493506494
121 40 105 49	1.0 0.0006493506493506494
121 46 111 49	0.03910614525139665 0.0006493506493506494
121 49	0.2 0.0006493506493506494
121 49 114 49	0.11627906976744186 0.0012987012987012987
121 52 104 49	0.6666666666666666 0.0012987012987012987
121 56 49	1.0 0.003246753246753247
121 56 73 49	1.0 0.0006493506493506494
121 56 104 49	1.0 0.0006493506493506494
123 12 105 49	0.5 0.0006493506493506494
123 20 85 49	0.22377622377622378 0.001948051948051948
123 20 95 49	0.5 0.0006493506493506494
123 35 100 49	0.21875 0.0012987012987012987
123 40 104 49	0.18181818181818182 0.0012987012987012987
123 40 105 49	0.4 0.001948051948051948
123 46 111 49	0.18747099767981437 0.005194805194805195
123 49	1.0 0.0025974025974025974
123 49 114 49	0.9046369203849519 0.0025974025974025974
123 51 116 49	1.0 0.0006493506493506494
123 58 49	1.0 0.007792207792207792
123 58 123 49	1.0 0.0025974025974025974
123 65 0 49	1.0 0.0006493506493506494
123 65 91 49	0.875 0.0006493506493506494
123 65 116 49	1.0 0.0006493506493506494
