1 66	0.0007577192650123129 0.015625
1 66 1 66	0.0005202464274875818 0.015625
1 66 6 71	0.00028870977747872854 0.01171875
1 66 18 85	0.00022904663741917297 0.05078125
1 66 20 85	0.0004229897497767316 0.0390625
1 66 23	0.005376344086021506 0.00390625
1 66 44	0.0028011204481792717 0.00390625
1 66 45 110	3.99002493765586e-05 0.0078125
1 66 46 111	0.00014377139264366907 0.140625
1 66 50	0.22289156626506024 0.125
1 66 51 116	8.0016876286635e-05 0.0078125
1 66 115	0.2485207100591716 0.14453125
6 71	0.0008452192287374538 0.0546875
6 71 1 66	0.0004139670471264473 0.015625
6 71 2	0.0014925373134328358 0.0078125
6 71 6 71	0.0007678564419994261 0.0546875
6 71 10 75	0.00029631728209116167 0.0390625
6 71 12 77	0.0001738727251651791 0.00390625
6 71 23	0.0040595399188092015 0.0078125
6 71 28 77	0.00013008976193573565 0.00390625
6 71 35 100	1.4435763410341122e-05 0.0234375
6 71 37 102	0.0008050554016620498 0.01171875
6 71 41 106	0.00023802112061981973 0.02734375
6 71 45 98	0.2 0.0078125
6 71 46 111	0.00016711526274910157 0.16015625
6 71 50	0.11750599520383694 0.1328125
6 71 51 116	4.659398005777654e-05 0.01953125
6 71 67 2	0.00026914278024491994 0.02734375
6 71 88	0.002840909090909091 0.00390625
6 71 109	0.006493506493506494 0.0078125
6 71 109 115	0.05747126436781609 0.0078125
6 71 115	0.17479674796747968 0.16796875
6 71 115 50	0.037552155771905425 0.05078125
6 87 23	0.3333333333333333 0.00390625
6 87 46 111	0.00010113419019771734 0.0078125
6 87 50	0.6 0.0078125
6 87 115	0.6666666666666666 0.01171875
8 6 71	0.0005165289256198347 0.00390625
8 8 50	0.9411764705882353 0.05859375
8 8 115	1.0 0.0625
8 12 77	0.05555555555555555 0.00390625
8 12 77 50	0.5 0.00390625
8 20 85	0.0003707136237256719 0.0078125
8 46 111	0.0002442043569425614 0.0546875
8 46 111 115	0.011464968152866241 0.05859375
8 73 8 115	0.75 0.00390625
8 73 12 77	0.040229885057471264 0.00390625
8 73 50	0.95 0.0625
8 73 115	1.0 0.0703125
8 123 46 111	0.00013643185228978127 0.01953125
10 6 71 50	0.023255813953488372 0.00390625
10 6 71 115	0.05357142857142857 0.01171875
10 32 75 50	0.09803921568627451 0.015625
10 75	0.0021085925144965737 0.015625
10 75 6 71	0.00035191138594690285 0.0390625
10 75 12 77	0.0024834437086092716 0.00390625
10 75 23	0.036585365853658534 0.01171875
10 75 24 89	0.0002502815667626079 0.01171875
10 75 41 106	0.00014856432835417735 0.01953125
10 75 46 111	0.00011915954382184609 0.09375
10 75 50	0.48 0.078125
10 75 88	0.02564102564102564 0.0078125
10 75 88 23	0.024691358024691357 0.0078125
10 75 115	0.5647058823529412 0.10546875
12 15 100	0.0010460251046025104 0.00390625
12 30 85	0.0002600780234070221 0.00390625
12 30 85 50	0.21052631578947367 0.0234375
12 30 86 2	0.00672834314550042 0.00390625
12 77	0.0058823529411764705 0.0078125
12 77 8	0.03571428571428571 0.00390625
12 77 8 8	0.0625 0.00390625
12 77 8 73	0.08139534883720931 0.00390625
12 77 10 75	0.0014767413241447206 0.00390625
12 77 12 77	0.0006086890359887393 0.0078125
12 77 23	0.09375 0.01171875
12 77 46 111	0.00011756528386161208 0.09765625
12 77 50	0.675 0.08203125
12 77 50 50	0.058823529411764705 0.0078125
12 77 50 115	0.05263157894736842 0.0078125
12 77 73	0.05 0.00390625
12 77 73 8	0.07142857142857142 0.00390625
12 77 88	0.10344827586206896 0.01171875
12 77 115	0.7674418604651163 0.1015625
12 77 115 115	0.05660377358490566 0.0078125
12 85 50	0.5 0.00390625
12 85 115	0.5 0.00390625
12 99 83 85	6.253517603652055e-05 0.0078125
12 99 85	0.0002874389192296637 0.0078125
12 104 1 66	0.0005993766482857828 0.0078125
12 104 20 85	0.0006730545130592179 0.01953125
12 104 24 89	0.00043752953324349394 0.01953125
12 104 35 100	0.00015289883448616222 0.0078125
12 104 46 111	4.411565432146682e-05 0.06640625
12 105 20 85	0.0004883550260096268 0.015625
12 105 23	0.030303030303030304 0.0078125
12 105 35 100	0.00023293897174082474 0.0078125
12 105 46 111	9.163142101248067e-05 0.0625
12 105 50	0.17857142857142858 0.01953125
12 105 88	0.03076923076923077 0.0078125
12 105 115	0.23333333333333334 0.02734375
12 117 81	0.007194244604316547 0.00390625
12 126 2	0.0019455252918287938 0.00390625
16 30 85	0.0006447453255963894 0.0078125
16 52 77	0.0030864197530864196 0.00390625
16 52 117 81	0.004098360655737705 0.0078125
16 52 126 2	0.002510460251046025 0.01171875
16 52 126 4	0.008620689655172414 0.00390625
16 81 20 85	0.0004397164547357893 0.0546875
16 81 23	0.05454545454545454 0.03125
16 81 24 89	0.00016969011353076642 0.03125
16 81 35 100	0.00013628561447955753 0.03125
16 81 40 105	1.2224789428002103e-05 0.00390625
16 81 46 111	8.923044652731108e-05 0.2890625
16 81 50	0.65625 0.25390625
16 81 57 122	0.0002624327516074006 0.00390625
16 81 67 2	0.0013122402857767734 0.05859375
16 81 67 4	0.0051635111876075735 0.00390625
16 81 69 2	0.004859086491739553 0.0078125
16 81 88	0.06382978723404255 0.03125
16 81 115	0.7428571428571429 0.3203125
16 108 20 85	0.0004701480966504449 0.02734375
16 108 35 100	0.00010561137434501696 0.01953125
16 108 43 108	0.00010543240464956905 0.00390625
16 108 46 111	1.9874004655777855e-05 0.078125
16 108 50	0.3333333333333333 0.00390625
16 108 115	0.3333333333333333 0.00390625
20 3 68 85	0.0003189792663476874 0.078125
20 15 80 85	0.0001646507504274587 0.04296875
20 15 100	0.00016791107429505334 0.0546875
20 15 100 50	0.05725190839694656 0.09765625
20 18 15 100	2.3386262339105367e-05 0.07421875
20 18 18 85	8.128184907276885e-05 0.1796875
20 18 18 108	0.0045156292779742245 0.00390625
20 18 27 85	9.531241622932168e-05 0.1640625
20 18 83 85	7.888254235711967e-05 0.1796875
20 18 83 108	0.004304856623924553 0.00390625
20 18 85	5.498846158781016e-05 0.09375
20 18 85 23	0.00021224663058473945 0.00390625
20 18 85 58	0.00012033694344163658 0.00390625
20 18 85 115	0.0053550178500595 0.05078125
20 18 86 4	0.0003904724716907458 0.01171875
20 18 92 85	9.373524925207083e-05 0.1640625
20 18 92 108	0.0021008403361344537 0.00390625
20 18 95 105	4.9849344204182914e-05 0.02734375
20 18 108	0.004132231404958678 0.00390625
20 27 15 100	3.9117656130225684e-05 0.0625
20 27 18 85	0.00012166157715735559 0.1640625
20 27 18 108	0.007285974499089253 0.00390625
20 27 27 85	0.00024731456814456714 0.16015625
20 27 83 85	0.00012114680553299035 0.1640625
20 27 83 108	0.0073059360730593605 0.00390625
20 27 85	0.00013831449950898352 0.0625
20 27 85 50	0.006658595641646489 0.03125
20 27 92 85	0.00024323525339500283 0.16015625
20 30 85	0.0004361098996947231 0.00390625
20 30 117 85	0.0023148148148148147 0.00390625
20 34 77	0.0010873504893077202 0.0078125
20 34 77 115	0.04424778761061947 0.015625
20 34 99 85	0.00028257494184905145 0.12890625
20 34 104	0.00010187449062754686 0.0078125
20 34 105	0.00014798737174427783 0.01171875
20 45 110 85	0.00011892503808611979 0.1796875
20 45 110 108	0.004685669660288949 0.00390625
20 66 1 85	0.00028620901844617124 0.078125
20 66 20 85	0.00029925784055542256 0.078125
20 77 12 85	0.0003040324632213791 0.125
20 77 20 85	0.0002799591259676087 0.125
20 77 35 100	2.6160205096007953e-05 0.046875
20 77 40 105	0.00013324450366422385 0.00390625
20 77 46 111	2.8361217342366504e-05 0.109375
20 77 50	0.03225806451612903 0.00390625
20 77 51 116	7.639886318491581e-05 0.01953125
20 77 115	0.5 0.00390625
20 83 15 100	2.3339614156329876e-05 0.07421875
20 83 18 85	9.470995977104246e-05 0.1796875
20 83 18 108	0.006670676594339167 0.00390625
20 83 27 85	0.0001061888758684301 0.1640625
20 83 83 85	8.508476270860642e-05 0.1796875
20 83 83 108	0.006995927149939752 0.00390625
20 83 85	5.4770211577327326e-05 0.09375
20 83 85 50	0.00646931974122721 0.05078125
20 83 85 115	0.006533359730746387 0.05078125
20 83 86 2	0.0007998669528236888 0.09375
20 83 92 85	0.00010541690785788306 0.1640625
20 83 108	0.004132231404958678 0.00390625
20 85	0.0003457328997266549 0.125
20 85 1 66	0.002557743386887164 0.0390625
20 85 1 85	0.00029611204879926564 0.078125
20 85 6 71	4.096596443634084e-05 0.02734375
20 85 8	0.0006816632583503749 0.0078125
20 85 8 123	0.00597460791635549 0.00390625
20 85 12 85	0.00027888168444537405 0.125
20 85 12 104	2.3646363898623308e-05 0.0078125
20 85 16 81	7.719475277497477e-05 0.0546875
20 85 20 85	0.00030903910050721545 0.1875
20 85 22 87	0.0012840328141719177 0.0234375
20 85 23	0.0036458333333333334 0.02734375
20 85 24 89	0.00013659434355634158 0.03125
20 85 35 100	0.00012107790928927339 0.09375
20 85 36 101	3.249542085361138e-05 0.046875
20 85 39 77	0.002377636367833427 0.01953125
20 85 39 85	0.0002125456428143223 0.12109375
20 85 39 104	6.769716800180526e-05 0.015625
20 85 39 105	0.000154075407827786 0.06640625
20 85 40 85	0.00029811682684449507 0.09375
20 85 40 104	5.629669336476157e-05 0.0078125
20 85 40 105	0.00015948282189839276 0.05859375
20 85 41 106	6.348295975070899e-05 0.0078125
20 85 43 81	0.00025807292869309154 0.03125
20 85 43 108	0.00031567514352518177 0.015625
20 85 44	0.000942507068803016 0.01171875
20 85 44 44	0.0004641089108910891 0.01171875
20 85 44 58	0.010101010101010102 0.00390625
20 85 46 111	3.9006114560438276e-05 0.3125
20 85 49 114	5.636440392342263e-05 0.00390625
20 85 50	0.06921086675291074 0.30859375
20 85 50 50	0.058855291576673865 0.140625
20 85 50 115	0.05768249106687085 0.14453125
20 85 51 116	0.00015457464758068907 0.0390625
20 85 57 104	0.00032387352738755514 0.01171875
20 85 57 105	0.0002841413603267626 0.01171875
20 85 57 122	0.0005603892301229309 0.0234375
20 85 58 123	0.0041258380608561115 0.0234375
20 85 67 2	0.0020792902689215414 0.07421875
20 85 67 4	0.0011486331265793705 0.0078125
20 85 73	0.0008123476848090983 0.0078125
20 85 73 50	0.03 0.01171875
20 85 88	0.0034883720930232558 0.0234375
20 85 88 23	0.0028457598178713715 0.01953125
20 85 109	0.0005836008170411438 0.00390625
20 85 115	0.07849829351535836 0.328125
20 85 115 50	0.058669460450497646 0.140625
20 85 115 115	0.060053619302949064 0.140625
20 85 123	0.0016216216216216215 0.01171875
20 85 123 23	0.029411764705882353 0.00390625
20 85 123 88	0.05128205128205128 0.00390625
20 85 123 115	0.04265402843601896 0.0234375
20 86 2	0.001847440322815888 0.078125
20 86 2 115	0.030692845858722635 0.078125
20 86 4 115	0.046511627906976744 0.0078125
20 86 21 85	0.00029952005492071024 0.1640625
20 86 21 108	0.009375 0.00390625
20 86 30 85	0.00029824476345370377 0.11328125
20 86 61 85	0.00029226986719278845 0.14453125
20 86 61 104	3.4100098403141106e-05 0.0078125
20 86 61 105	0.00011877549734209524 0.0234375
20 86 108	0.001541623843782117 0.01171875
20 92 15 100	3.824798719967362e-05 0.0625
20 92 18 85	0.00013336815987852264 0.1640625
20 92 18 108	0.006697578567748583 0.00390625
20 92 27 85	0.00024180082800445699 0.1640625
20 92 83 85	0.00013114050234746166 0.1640625
20 92 85	0.0001394525094479075 0.0625
20 92 85 88	0.0008557980316645272 0.00390625
20 92 92 85	0.00023948222352616807 0.16015625
20 95 15 100	7.138806991299808e-05 0.05859375
20 95 21 85	0.0003012396829118451 0.11328125
20 95 30 85	0.0002666221825132039 0.1796875
20 95 33 85	0.00030072926847605444 0.078125
20 95 77	0.0007423904974016332 0.00390625
20 95 77 50	0.23529411764705882 0.0234375
20 95 77 115	0.23529411764705882 0.0234375
20 95 81	0.0008216926869350862 0.0078125
20 95 85	0.0020920502092050207 0.00390625
20 95 99 85	0.0002680246582685607 0.0390625
20 95 104	6.334726973267453e-05 0.00390625
20 95 105	0.0002549979600163199 0.01953125
20 95 105 58	0.0017761989342806395 0.00390625
20 95 105 115	0.10204081632653061 0.0703125
20 95 108	0.0012432656444260257 0.01171875
20 98 30 85	0.0003007564023519151 0.078125
20 98 33 85	0.0003007564023519151 0.078125
20 98 52 85	0.00030076544806532625 0.078125
20 104 20 85	0.00022498355889377314 0.12109375
20 104 23	0.5 0.00390625
20 104 39 85	0.00031191553764165153 0.109375
20 104 40 85	0.0004464285714285714 0.00390625
20 104 46 111	2.384508998829283e-05 0.1015625
20 104 88	0.5 0.00390625
20 104 115	0.5 0.00390625
20 105 20 85	0.0002913855382343041 0.09375
20 105 40 85	0.00030978610835552306 0.1171875
20 105 46 111	4.3999342397425256e-05 0.15234375
20 105 123 115	0.5 0.00390625
20 108 50	0.3333333333333333 0.00390625
20 108 115	0.3333333333333333 0.00390625
20 117 30 85	0.0002970487123662828 0.0859375
20 117 52 85	0.00029792939073439596 0.0859375
20 118 21 85	0.0006550014035744362 0.02734375
20 118 30 85	0.0013404825737265416 0.00390625
20 118 53 85	0.0006887052341597796 0.03125
20 122 57 85	0.00037201973892967734 0.10546875
20 126 2	0.0008386447500838644 0.01953125
20 126 21 85	0.00030040335119095216 0.14453125
20 126 61 85	0.00035650739880674603 0.1171875
22 71 20 85	0.00010571426248038187 0.00390625
22 71 23	0.1111111111111111 0.00390625
22 71 46 111	0.00011643962388263581 0.0234375
22 71 50	0.6 0.0078125
22 71 115	0.6666666666666666 0.01171875
22 87	0.0106951871657754 0.0078125
22 87 1 66	0.0030120481927710845 0.0078125
22 87 12 85	0.00036429872495446266 0.00390625
22 87 20 85	0.00039719024677282923 0.0234375
22 87 22 87	0.014038231780167264 0.0078125
22 87 23	0.14285714285714285 0.00390625
22 87 46 111	0.00011655797173270957 0.03125
22 87 50	0.6666666666666666 0.0390625
22 87 50 115	0.3076923076923077 0.015625
22 87 57 122	0.0019300361881785283 0.01171875
22 87 115	0.6842105263157895 0.04296875
23	0.46511627906976744 0.078125
23 1 66	0.007246376811594203 0.00390625
23 6 71	0.0006666666666666666 0.00390625
23 10 75	0.002551020408163265 0.0078125
23 12 77	0.125 0.015625
23 12 105	0.020202020202020204 0.0078125
23 16 81	0.008869179600886918 0.02734375
23 16 81 115	0.08 0.0078125
23 20 85	0.00047472110135295516 0.0234375
23 23 23	0.45652173913043476 0.0703125
23 23 50	0.8 0.12890625
23 23 88	0.4782608695652174 0.0703125
23 23 115	0.9574468085106383 0.15625
23 24 89	0.001101624896722666 0.015625
23 24 89 23	0.022727272727272728 0.015625
23 35 100	0.0001474013148197282 0.01953125
23 39 104	0.007462686567164179 0.00390625
23 39 104 58	0.08333333333333333 0.00390625
23 39 105	0.005405405405405406 0.00390625
23 40 77	0.01904761904761905 0.0078125
23 40 104	0.001644736842105263 0.00390625
23 40 105	0.007856341189674524 0.02734375
23 41 106	0.0013201320132013201 0.00390625
23 43 108	0.0625 0.00390625
23 46 102	0.0028089887640449437 0.00390625
23 46 102 115	0.030303030303030304 0.00390625
23 46 111	0.0003643324503746353 0.1484375
23 46 111 58	0.0006401024163866218 0.0078125
23 46 111 73	0.0009537434430138292 0.015625
23 46 111 88	0.004413619167717529 0.0703125
23 46 111 115	0.01596667823672336 0.1484375
23 50 23	0.88 0.078125
23 50 50	0.7272727272727273 0.078125
23 50 88	0.8333333333333334 0.0703125
23 50 115	0.8636363636363636 0.09765625
23 51 116	0.0029702970297029703 0.01171875
23 58 123	0.25 0.00390625
23 58 123 115	1.0 0.0078125
23 67 2	0.055345911949685536 0.05859375
23 67 2 88	0.028985507246376812 0.01171875
23 88 23	0.4339622641509434 0.078125
23 88 50	0.8235294117647058 0.1484375
23 88 88	0.45652173913043476 0.0703125
23 88 115	0.9629629629629629 0.1796875
23 115 23	0.7727272727272727 0.0625
23 115 46 111	0.00035389586260347033 0.08984375
23 115 50	0.627906976744186 0.08203125
23 115 88	0.7619047619047619 0.05859375
23 115 115	0.9 0.08203125
23 123 39 105	0.014084507042253521 0.00390625
23 123 46 111	0.00038948393378773126 0.01171875
23 123 58	0.25 0.00390625
24 89	0.0009211495946941784 0.03125
24 89 6 71	0.00015777511502658724 0.01171875
24 89 12 105	0.00021446954532456392 0.0078125
24 89 20 85	0.0002767954372457397 0.03125
24 89 23	0.007326007326007326 0.015625
24 89 24 89	0.0005341328497811097 0.03515625
24 89 35 100	0.00012273555263421623 0.02734375
24 89 36 101	3.5902775284529496e-05 0.0078125
24 89 37 111	7.834973081271056e-05 0.08203125
24 89 39 104	3.585932387244839e-05 0.0078125
24 89 46 102	7.871846341559412e-05 0.00390625
24 89 46 111	5.499188244121189e-05 0.125
24 89 50	0.06373626373626373 0.10546875
24 89 115	0.08314606741573034 0.13671875
26 91 115	1.0 0.00390625
33 98	0.5 0.0078125
33 98 50	0.5 0.0078125
33 98 115	0.5 0.0078125
33 110 46 111	0.00016106023652846165 0.0078125
35 80 15 100	0.00010576970344104937 0.109375
35 80 27 85	7.826543272444537e-05 0.0625
35 80 30 85	5.554003647895887e-05 0.05859375
35 80 34 77	0.002319109461966605 0.0078125
35 80 83 85	4.837900823033128e-05 0.07421875
35 80 85	0.00019774569903104609 0.0546875
35 80 85 115	0.0636182902584493 0.1015625
35 80 92 85	9.318237788116584e-05 0.0625
35 80 105	0.0004455666122085252 0.0234375
35 80 105 88	0.005291005291005291 0.00390625
35 80 117 105	0.0001872308556450103 0.01171875
35 100	0.00020387229948840794 0.109375
35 100 1 66	0.00023122369240642518 0.01953125
35 100 6 71	5.93158038785997e-05 0.0234375
35 100 12 85	7.917421295883931e-05 0.046875
35 100 12 105	4.985309953337499e-05 0.03515625
35 100 16 81	0.0001486298451560118 0.0390625
35 100 20 85	0.00017820918209827597 0.09375
35 100 23	0.0012630249447426586 0.015625
35 100 24 89	0.00010234787395329937 0.03125
35 100 35 100	0.00010016874158688337 0.1171875
35 100 36 101	4.007954247660742e-05 0.02734375
35 100 37 100	0.0001006397814679031 0.0546875
35 100 37 111	4.351212078964731e-05 0.0546875
35 100 39 77	0.0006353598960833593 0.0078125
35 100 39 104	1.4535559793478767e-05 0.01953125
35 100 39 105	4.6996566262441866e-05 0.05078125
35 100 40 104	1.1386143405060344e-05 0.01953125
35 100 40 105	8.977180586123017e-05 0.06640625
35 100 43 81	0.0001392930303646027 0.02734375
35 100 43 108	4.7444150872399773e-05 0.00390625
35 100 43 110	4.874006921089828e-05 0.00390625
35 100 44	0.001321003963011889 0.0078125
35 100 45 110	2.5747079085831565e-05 0.01171875
35 100 46 111	4.045631294874916e-05 0.1953125
35 100 50	0.0890937019969278 0.19921875
35 100 50 50	0.06392045454545454 0.12109375
35 100 50 115	0.06413612565445026 0.125
35 100 51 116	0.00014385239116149195 0.046875
35 100 67 2	0.0006350874887764711 0.05859375
35 100 67 4	0.0007475238273219959 0.00390625
35 100 69 2	0.0007984031936127744 0.01171875
35 100 88	0.001327580484566877 0.015625
35 100 109	0.0016632016632016633 0.00390625
35 100 109 44	0.0009939908733565264 0.01171875
35 100 115	0.09618320610687023 0.20703125
35 100 115 50	0.05968169761273209 0.12109375
35 100 115 115	0.06521739130434782 0.12109375
35 100 123	0.0004488330341113106 0.00390625
35 100 123 123	0.0049261083743842365 0.00390625
35 102 37 100	0.00012268698940561763 0.06640625
35 103 38 100	0.0001334105227751976 0.109375
35 116 51 100	0.012658227848101266 0.015625
36 101 20 85	8.241894097155448e-05 0.046875
36 101 22 87	0.0045792787635947334 0.0078125
36 101 23	0.008064516129032258 0.00390625
36 101 24 89	1.270607668117277e-05 0.0078125
36 101 35 100	2.7231624115009623e-05 0.02734375
36 101 39 104	0.00016727380863876292 0.0078125
36 101 46 111	4.0308089084979764e-05 0.0859375
36 101 50	0.43137254901960786 0.0859375
36 101 51 116	0.00027324978799585415 0.01953125
36 101 67 2	0.0018404907975460123 0.01953125
36 101 115	0.5777777777777777 0.09765625
36 127 46 111	4.3163622192514686e-05 0.015625
36 127 50	0.5 0.0078125
36 127 115	0.5 0.0078125
37 102 6 71	0.0005348177881546486 0.01171875
37 102 23	0.014285714285714285 0.00390625
37 102 41 106	0.00047044199968061736 0.0078125
37 102 46 111	0.00012577336649315373 0.0390625
37 102 50	0.25 0.03125
37 102 115	0.33766233766233766 0.046875
37 106 46 111	0.00024147261143341858 0.00390625
37 111 23	0.0056022408963585435 0.0078125
37 111 23 115	0.037037037037037035 0.00390625
37 111 24 89	0.0006014028070126364 0.00390625
37 111 36 101	0.0007001419378655855 0.00390625
37 111 39 105	5.1619119721945006e-05 0.00390625
37 111 40 104	0.0002954024634775136 0.00390625
37 111 40 105	0.00022422438745974154 0.00390625
37 111 46 102	0.0010498828976767975 0.00390625
37 111 46 111	6.257684698538062e-06 0.015625
37 111 50	0.01020408163265306 0.0078125
37 111 58 50	0.06666666666666667 0.00390625
37 111 58 88	0.0625 0.00390625
37 111 67 2	0.00019971540554709538 0.00390625
37 111 88	0.006369426751592357 0.0078125
37 111 115	0.022598870056497175 0.0078125
39 18 18 85	0.00014226226107754794 0.00390625
39 18 83 85	0.00014177423661682919 0.00390625
39 30 85	0.00028968713789107763 0.00390625
39 45 110 85	0.00013176470588235293 0.00390625
39 52 117 105	0.0005682894487592347 0.00390625
39 77 12 105	0.0006543432030099788 0.0078125
39 77 35 100	4.066313439572549e-05 0.015625
39 77 36 101	0.00029761904761904765 0.0078125
39 77 40 105	0.0003681207436039021 0.0078125
39 77 46 102	0.00026068821689259646 0.00390625
39 77 46 111	5.1153687811994456e-05 0.04296875
39 77 67 2	0.0003081664098613251 0.00390625
39 83 18 85	0.00015046935863305083 0.00390625
39 83 83 85	0.00015028861268756555 0.00390625
39 85	0.0049261083743842365 0.00390625
39 85 8 123	0.16 0.00390625
39 85 20 85	0.004386059676339045 0.00390625
39 85 23	0.3333333333333333 0.00390625
39 85 23 115	1.0 0.00390625
39 85 40 85	0.004834810636583401 0.00390625
39 85 46 111	9.289639822084818e-07 0.00390625
39 85 58 123	0.125 0.00390625
39 85 88	0.3333333333333333 0.00390625
39 85 123 23	1.0 0.00390625
39 85 123 115	1.0 0.00390625
39 86 21 85	0.0009945536348567369 0.00390625
39 93 28 105	0.0006865029899011797 0.00390625
39 95 30 85	0.004176610978520286 0.00390625
39 95 53 85	0.0049261083743842365 0.00390625
39 99 85	0.00019166267369429804 0.0078125
39 104 6 71	0.00013347570742124932 0.01171875
39 104 12 105	0.0005227391531625719 0.00390625
39 104 20 85	0.00017324487653754827 0.01953125
39 104 23	0.041666666666666664 0.0078125
39 104 23 115	0.25 0.00390625
39 104 35 100	4.413221468353468e-05 0.01953125
39 104 36 101	0.0001904570970328789 0.01171875
39 104 39 105	0.0005685371539030076 0.0078125
39 104 40 104	7.804268935107504e-06 0.00390625
39 104 40 105	0.0004657281291619345 0.015625
39 104 46 102	4.973145016908693e-05 0.00390625
39 104 46 111	4.077869682133448e-05 0.0625
39 104 50	0.6153846153846154 0.0625
39 104 67 2	0.0031779661016949155 0.01171875
39 104 88	0.044444444444444446 0.0078125
39 104 115	0.7037037037037037 0.07421875
39 105	0.0009573958831977022 0.0078125
39 105 12 105	0.000499001996007984 0.0078125
39 105 20 85	0.0001630637346254193 0.01171875
39 105 24 89	0.00019384853967433445 0.0078125
39 105 35 100	5.825333209059558e-05 0.01953125
39 105 36 101	8.147137299631342e-05 0.0078125
39 105 39 105	0.0004879371103280022 0.01171875
39 105 40 105	0.000674845995742602 0.0078125
39 105 46 102	5.353892279687333e-05 0.00390625
39 105 46 111	4.1502625422204514e-05 0.05078125
39 105 50	0.05555555555555555 0.0078125
39 105 50 50	0.058823529411764705 0.0078125
39 105 88	0.01282051282051282 0.00390625
39 105 115	0.09090909090909091 0.01171875
39 105 123 115	1.0 0.0078125
39 118 53 105	0.0007057163020465773 0.00390625
39 126 21 85	0.00013928182807399346 0.01171875
39 126 61 105	0.0007337709985129774 0.01171875
40 15 80 105	0.0018404907975460123 0.0234375
40 15 100	0.0006799020940984499 0.01953125
40 15 100 115	0.09774436090225563 0.05078125
40 30 18 108	0.017857142857142856 0.00390625
40 30 27 85	0.00014146939545411677 0.015625
40 30 85	0.0002020406101626427 0.015625
40 30 85 23	0.0027624309392265192 0.00390625
40 30 85 50	0.0794979079497908 0.06640625
40 52 15 100	0.0002845220030349014 0.01171875
40 52 85 115	0.4 0.00390625
40 77 12 104	0.00040461485723277156 0.0078125
40 77 12 105	6.468903058867018e-05 0.0234375
40 77 23	0.04081632653061224 0.0078125
40 77 46 102	0.00010672358591248666 0.00390625
40 77 46 111	9.27464732441679e-05 0.1796875
40 77 50	0.20833333333333334 0.01953125
40 77 115	0.25 0.02734375
40 99 15 100	0.000270730198019802 0.02734375
40 99 34 105	0.00019517907680296673 0.015625
40 99 85	0.00011144544745347152 0.01171875
40 99 85 50	0.03367875647668394 0.046875
40 99 85 115	0.03561643835616438 0.046875
40 104	0.000423728813559322 0.0078125
40 104 20 85	0.00011370641004925282 0.0625
40 104 24 89	0.00028293345405160705 0.03125
40 104 35 100	4.424342337010892e-05 0.04296875
40 104 39 104	0.0003444455822526741 0.0078125
40 104 39 105	0.000231935771632471 0.015625
40 104 40 104	0.00023293324484800006 0.0078125
40 104 40 105	0.0002497766827116434 0.01953125
40 104 45 110	5.425906533334057e-06 0.00390625
40 104 46 111	4.453688271936737e-05 0.234375
40 104 50	0.0625 0.0078125
40 104 50 50	0.08333333333333333 0.0078125
40 104 58	0.007352941176470588 0.00390625
40 104 88	0.010869565217391304 0.00390625
40 104 115	0.1 0.01171875
40 104 115 50	0.044444444444444446 0.0078125
40 105	0.0006622516556291391 0.015625
40 105 6 71	9.66381986639769e-05 0.04296875
40 105 20 85	0.0001460598714673131 0.05859375
40 105 23	0.03187250996015936 0.03125
40 105 24 89	0.00027808492183827374 0.046875
40 105 35 100	0.0001459067485738002 0.06640625
40 105 36 101	4.171069462210111e-05 0.015625
40 105 39 104	0.0002493208157089308 0.01953125
40 105 39 105	0.00027221377855409114 0.0234375
40 105 40 104	0.0004103757257405498 0.0078125
40 105 40 105	0.0002736066654114103 0.015625
40 105 43 81	5.26066600031564e-05 0.00390625
40 105 45 110	6.045729900970945e-06 0.00390625
40 105 46 111	7.840037997543382e-05 0.33984375
40 105 50	0.42857142857142855 0.31640625
40 105 51 116	0.0001527417137620284 0.02734375
40 105 67 2	0.0008132915069129778 0.04296875
40 105 67 4	0.004048582995951417 0.00390625
40 105 88	0.03765690376569038 0.03515625
40 105 115	0.5079365079365079 0.375
40 105 115 50	0.024390243902439025 0.01953125
40 105 123	0.0037735849056603774 0.00390625
40 118 46 111	0.00011145404663923183 0.03515625
40 118 53 105	0.00045576962916925627 0.015625
40 121 56 104	0.0002542588354945334 0.00390625
40 122 20 85	0.0002084799207776301 0.01171875
40 126 21 85	9.732129081263278e-05 0.01953125
40 126 61 104	0.00041371028564315477 0.01171875
41 106	0.000312256049960968 0.0078125
41 106 6 71	0.00028931199615873324 0.02734375
41 106 20 85	6.211180124223603e-05 0.0078125
41 106 23	0.01282051282051282 0.00390625
41 106 37 111	0.00039343746311523784 0.02734375
41 106 41 106	0.0003808756320020529 0.0078125
41 106 46 111	0.00015719065668492126 0.06640625
41 106 50	0.19387755102040816 0.046875
41 106 88	0.013513513513513514 0.00390625
41 106 109	0.006060606060606061 0.00390625
41 106 115	0.2777777777777778 0.06640625
43 14 20 85	0.0004361098996947231 0.0078125
43 18 18 85	0.00012894753559023235 0.00390625
43 18 83 85	0.00012617466751309677 0.00390625
43 18 85	0.00011771630370806356 0.00390625
43 18 92 85	0.00024344900849858356 0.00390625
43 21 85	0.0004361098996947231 0.01171875
43 27 83 85	0.00012910798122065727 0.00390625
43 30 85	0.0003270824247710423 0.01171875
43 45 110 85	0.00011709373353369372 0.00390625
43 81 35 100	0.00011151244818307435 0.00390625
43 81 46 111	2.7644036950862724e-05 0.0234375
43 81 50	0.2 0.00390625
43 81 115	0.25 0.00390625
43 83 18 85	0.0001399510850829757 0.00390625
43 83 27 85	0.00018879981410479843 0.00390625
43 83 83 85	0.0001369343443923458 0.00390625
43 83 85	0.00011767474699929395 0.00390625
43 83 92 85	0.00018839214549670313 0.00390625
43 83 95 105	0.0003946329913180742 0.00390625
43 85 50	0.5 0.00390625
43 85 115	0.3333333333333333 0.00390625
43 86 21 85	7.528986598403855e-05 0.00390625
43 92 83 85	0.00013542533227572598 0.00390625
43 108 20 85	0.00034452755928501773 0.015625
43 108 23	0.14285714285714285 0.00390625
43 108 46 111	5.398026548273661e-05 0.03125
43 108 50	0.875 0.04296875
43 108 88	0.14285714285714285 0.00390625
43 108 115	0.875 0.04296875
44 6 71	0.0008228759514503189 0.0078125
44 20 85	0.0002847380410022779 0.00390625
44 35 100	0.00021743857360295715 0.00390625
44 41 106	0.0008525149190110827 0.00390625
44 44 46 111	9.241631702493392e-05 0.01171875
44 46 111	0.00018132515721715336 0.0234375
44 46 111 50	0.011387600168705188 0.015625
44 51 116	0.000949667616334283 0.00390625
44 109 50	0.8571428571428571 0.01953125
44 109 115	0.875 0.02734375
45 6 71	0.001314060446780552 0.00390625
45 108 35 100	0.00010492078480747036 0.00390625
45 108 46 111	5.732301519059902e-05 0.00390625
45 110 23	0.009345794392523364 0.00390625
45 110 35 100	1.1952245656212435e-05 0.0078125
45 110 40 105	1.2396642989078557e-05 0.00390625
45 110 46 111	2.9506841027562387e-05 0.04296875
45 110 50	0.3333333333333333 0.0390625
45 110 51 116	0.00042029819050568506 0.0078125
45 110 67 2	0.0023358422008824295 0.01171875
45 110 88	0.00980392156862745 0.00390625
45 110 115	0.5172413793103449 0.046875
46 102 20 85	3.720287525078724e-05 0.02734375
46 102 23	0.021739130434782608 0.00390625
46 102 24 89	9.771651923472536e-05 0.07421875
46 102 37 111	9.673395556943997e-05 0.6328125
46 102 46 111	8.572780994541949e-05 0.71484375
46 102 51 116	0.00017033163569469758 0.05859375
46 102 115	0.027210884353741496 0.015625
46 111	0.00018741164380151374 0.66796875
46 111 1 66	0.00010076274101143926 0.125
46 111 6 71	0.00015878919636972183 0.14453125
46 111 8	0.0003895336342144853 0.0546875
46 111 8 50	0.015744852644327817 0.07421875
46 111 8 115	0.016574585635359115 0.078125
46 111 10 75	0.00010159588024363908 0.08203125
46 111 12 77	0.00018150236322647141 0.0859375
46 111 12 85	7.022681396481947e-05 0.10546875
46 111 12 104	1.747127921098184e-05 0.046875
46 111 12 105	6.252389995373232e-05 0.17578125
46 111 16 81	7.622918745095991e-05 0.25
46 111 16 108	1.4500096008211448e-05 0.0234375
46 111 20 85	5.9866960486734105e-05 0.29296875
46 111 22 87	0.000523784072688402 0.03125
46 111 22 116	0.00018657477138412534 0.0546875
46 111 23	0.0011806488769437512 0.1484375
46 111 23 23	0.0012861485696468937 0.140625
46 111 23 50	0.011113982941328508 0.13671875
46 111 23 88	0.001222016666949541 0.16015625
46 111 23 115	0.015384615384615385 0.17578125
46 111 24 89	9.784436103950025e-05 0.125
46 111 33 98	0.0006243658784047452 0.0078125
46 111 35 100	1.4582142828185841e-05 0.1953125
46 111 36 101	2.1728829329973442e-05 0.0859375
46 111 36 127	5.7898188056007744e-05 0.0078125
46 111 37 102	0.00017218351088696312 0.03125
46 111 37 111	9.558652266886865e-05 0.71875
46 111 39 77	0.00014698842721596844 0.0546875
46 111 39 85	5.9395258895170286e-05 0.09765625
46 111 39 104	1.805444367041583e-05 0.06640625
46 111 39 105	5.0098538215915954e-05 0.23828125
46 111 40 77	0.0001347269868208855 0.04296875
46 111 40 85	4.779572562067112e-05 0.14453125
46 111 40 104	1.5100284802259622e-05 0.0546875
46 111 40 105	5.871598111185823e-05 0.33203125
46 111 41 106	0.00014045388974272106 0.05078125
46 111 43 81	3.981066667356029e-05 0.06640625
46 111 43 108	7.568870872722023e-05 0.03125
46 111 44	0.00038706499173088427 0.015625
46 111 44 50	0.013157894736842105 0.03515625
46 111 45 98	0.005977796754910333 0.0078125
46 111 45 110	3.297477550682079e-05 0.0390625
46 111 46 102	2.2875155408087055e-05 0.0234375
46 111 46 111	0.00015052931939461814 0.83984375
46 111 49 114	2.4713250830063387e-05 0.01953125
46 111 50	0.013539555437419012 0.8046875
46 111 50 50	0.014659655527066766 0.6171875
46 111 50 88	0.010836845273931367 0.09375
46 111 50 115	0.014036264341660878 0.6875
46 111 51 116	0.00012873323688534648 0.1796875
46 111 53 104	0.0001734142599879944 0.015625
46 111 53 105	0.00021225413895570964 0.05078125
46 111 57 85	3.852791480282343e-05 0.0703125
46 111 57 122	0.00012328753429744431 0.0390625
46 111 58	0.00044644280748748364 0.03515625
46 111 58 50	0.005642361111111111 0.0390625
46 111 62 127	0.00011224074827165515 0.0234375
46 111 63 128	0.0001698139050318835 0.01171875
46 111 67 2	0.0003736993771463068 0.484375
46 111 67 4	0.00032912364500217305 0.02734375
46 111 69 2	0.00044359949302915085 0.15234375
46 111 73	0.0005339913088311114 0.0546875
46 111 73 115	0.018396547808312513 0.078125
46 111 88	0.001345019090593544 0.1484375
46 111 88 23	0.0012878671382438875 0.14453125
46 111 88 50	0.011090454516315148 0.140625
46 111 88 115	0.0173298103823438 0.1796875
46 111 109	0.0004956346029204316 0.015625
46 111 109 44	0.0002583996020646128 0.0234375
46 111 109 58	0.0010471204188481676 0.00390625
46 111 115	0.017234498022568122 0.87890625
46 111 115 50	0.012888441626150321 0.62109375
46 111 115 115	0.015749081427047527 0.62109375
46 111 120 4	0.0016792611251049538 0.0078125
46 111 120 55	0.0008409250175192712 0.01171875
46 111 123	0.0004754304343396611 0.0390625
46 111 123 58	0.0007287744443094862 0.04296875
46 111 123 115	0.010145566828407587 0.06640625
49 114 20 85	0.0004210128365954668 0.00390625
49 114 30 85	0.0006754728309816872 0.00390625
49 114 46 111	7.570072782942494e-05 0.015625
49 114 50	0.8 0.015625
49 114 115	1.0 0.015625
50	0.9444444444444444 0.796875
50 1 66	0.0066956207021353605 0.125
50 6 71	0.0034082716130300846 0.1328125
50 6 71 50	0.06267029972752043 0.0546875
50 6 71 115	0.05515587529976019 0.0546875
50 6 87	0.05555555555555555 0.0078125
50 8 8	0.8 0.05859375
50 8 8 8	0.15789473684210525 0.00390625
50 8 8 73	0.25 0.00390625
50 8 37 111	0.0010683760683760685 0.00390625
50 8 46 111	0.00029270847776185853 0.0703125
50 8 73	0.7916666666666666 0.0625
50 8 73 8	0.15384615384615385 0.00390625
50 8 73 73	0.2 0.00390625
50 10 32 75	0.00441306266548985 0.015625
50 10 75	0.01956521739130435 0.078125
50 12 77	0.08385093167701864 0.08203125
50 12 85	0.0025906735751295338 0.00390625
50 12 105	0.003026634382566586 0.01953125
50 12 105 8	0.019801980198019802 0.0078125
50 16 81	0.030042918454935622 0.25390625
50 16 108	0.0012453300124533001 0.00390625
50 20 15 100	0.00040769005363672266 0.09375
50 20 77	0.0014104372355430183 0.00390625
50 20 85	0.000982901408176572 0.3046875
50 20 85 50	0.06017997750281215 0.140625
50 20 85 115	0.06413301662707839 0.140625
50 20 108	0.25 0.00390625
50 22 71	0.016042780748663103 0.0078125
50 22 87	0.04285714285714286 0.0390625
50 23 23	0.8571428571428571 0.125
50 23 46 111	0.0003170123410379489 0.140625
50 23 50	0.6666666666666666 0.0859375
50 23 88	0.875 0.14453125
50 23 115	0.8181818181818182 0.08984375
50 24 89	0.0026431718061674008 0.10546875
50 33 98	0.5 0.0078125
50 35 80 85	0.0004003152482580032 0.09375
50 35 100	0.00040206857348843014 0.1953125
50 35 100 50	0.06417910447761194 0.1328125
50 35 100 115	0.06499261447562776 0.1328125
50 36 101	0.007498295841854124 0.0859375
50 36 127	0.014814814814814815 0.0078125
50 37 102	0.014752370916754479 0.03125
50 37 111	0.0003836562440053712 0.0078125
50 39 104	0.008056394763343404 0.0625
50 39 104 58	0.041666666666666664 0.0078125
50 39 105	0.000998003992015968 0.0078125
50 39 105 115	0.06896551724137931 0.0078125
50 40 15 100	0.0016728402437567213 0.046875
50 40 30 85	0.0010003685568367292 0.06640625
50 40 77	0.006119951040391677 0.01953125
50 40 93 81	0.015873015873015872 0.01171875
50 40 104	0.0004060089321965083 0.0078125
50 40 104 50	0.06896551724137931 0.0078125
50 40 105	0.012844909609895337 0.31640625
50 40 117 81	0.00646551724137931 0.01171875
50 41 106	0.0031650339110776186 0.046875
50 43 30 85	0.0004361098996947231 0.015625
50 43 81	0.0021141649048625794 0.00390625
50 43 85	0.0009191176470588235 0.00390625
50 43 108	0.03856749311294766 0.04296875
50 44 109	0.375 0.01953125
50 45 110	0.0045871559633027525 0.0390625
50 46 102	0.00046904315196998124 0.00390625
50 46 102 73	0.003875968992248062 0.00390625
50 46 111	0.00045317399344926845 0.78125
50 46 111 8	0.0010057217412576959 0.0546875
50 46 111 23	0.001679937852010099 0.1171875
50 46 111 44	0.0008355382258738338 0.03515625
50 46 111 50	0.01384373009754299 0.62109375
50 46 111 58	0.0004178854993731718 0.0390625
50 46 111 73	0.0013674581908897719 0.0546875
50 46 111 88	0.0019082713693492136 0.12109375
50 46 111 115	0.01571227132052667 0.625
50 46 111 123	0.0007872129239826129 0.05078125
50 49 114	0.01092896174863388 0.015625
50 50 12 77	0.004301075268817204 0.0078125
50 50 20 85	0.0003826852954980324 0.13671875
50 50 22 87	0.01327433628318584 0.015625
50 50 23	0.4444444444444444 0.07421875
50 50 35 100	0.000245133472032785 0.1171875
50 50 40 104	0.00036251586006887804 0.0078125
50 50 40 105	0.0008514261387824606 0.01953125
50 50 46 111	0.00020434721328329867 0.60546875
50 50 50	0.9299363057324841 0.796875
50 50 57 122	0.0009402914903620122 0.0078125
50 50 67 4	0.02336448598130841 0.0078125
50 50 69 2	0.03048780487804878 0.0078125
50 50 88	0.5106382978723404 0.07421875
50 50 115	0.9591194968553459 0.796875
50 51 116	0.0037017451084082496 0.15625
50 51 116 123	0.004149377593360996 0.00390625
50 57 122	0.010678871090770405 0.046875
50 58 46 111	0.0001941534487561517 0.06640625
50 58 123	0.6956521739130435 0.05859375
50 58 123 115	0.19230769230769232 0.0390625
50 62 101	0.009615384615384616 0.0078125
50 62 127	0.027624309392265192 0.01953125
50 63 128	0.013966480446927373 0.01953125
50 67 2	0.12587859424920128 0.421875
50 67 2 50	0.18346774193548387 0.08203125
50 67 4	0.03821656050955414 0.015625
50 67 4 50	0.22727272727272727 0.0078125
50 67 4 115	0.21739130434782608 0.0078125
50 67 55	0.1111111111111111 0.00390625
50 69 2	0.05172413793103448 0.015625
50 69 2 50	0.23076923076923078 0.0078125
50 69 2 115	0.2608695652173913 0.0078125
50 69 4	0.9 0.02734375
50 69 55	1.0 0.0078125
50 73 8	0.8 0.05859375
50 73 8 8	0.11538461538461539 0.00390625
50 73 40 105	0.0009174311926605505 0.00390625
50 73 73	0.8888888888888888 0.05859375
50 73 73 8	0.11538461538461539 0.00390625
50 73 73 73	0.13636363636363635 0.00390625
50 88 23	0.8222222222222222 0.12890625
50 88 46 111	0.0003056046280335951 0.13671875
50 88 50	0.6666666666666666 0.0859375
50 88 88	0.8372093023255814 0.125
50 88 115	0.8181818181818182 0.08984375
50 109 44	0.1796875 0.03515625
50 109 51 116	0.0021651716671821837 0.015625
50 115 20 85	0.000376452538568628 0.13671875
50 115 23	0.45 0.0703125
50 115 33 98	0.5 0.0078125
50 115 35 100	0.00024345785057930484 0.1171875
50 115 39 105	0.0009053870529651426 0.0078125
50 115 40 104	0.0003518648838845883 0.0078125
50 115 40 105	0.0008192244675040961 0.01953125
50 115 46 111	0.00020828238669504494 0.60546875
50 115 50	0.8519553072625698 0.796875
50 115 67 2	0.005840528186896902 0.06640625
50 115 67 4	0.024752475247524754 0.0078125
50 115 69 2	0.03048780487804878 0.0078125
50 115 88	0.5192307692307693 0.0703125
50 115 115	0.9745222929936306 0.80078125
50 120 4	1.0 0.0078125
50 120 55	1.0 0.0078125
50 123 20 85	0.00040225261464199515 0.01171875
50 123 46 111	0.0001483307090207891 0.0390625
50 123 58	0.6363636363636364 0.046875
50 123 88 58	0.6666666666666666 0.0078125
51 87 46 111	7.365639992686178e-05 0.0703125
51 116	0.00020120724346076458 0.0078125
51 116 1 66	7.187710322205451e-05 0.0078125
51 116 16 81	8.855166756771873e-05 0.03125
51 116 20 85	7.760054735710023e-05 0.0390625
51 116 22 116	0.0003445305770887166 0.0078125
51 116 23	0.006191950464396285 0.01171875
51 116 24 89	0.00012303763288895687 0.0234375
51 116 35 100	2.873892873994167e-05 0.04296875
51 116 36 101	9.945820144761412e-05 0.01953125
51 116 39 105	5.04386220168465e-05 0.015625
51 116 40 77	0.0002993499828942867 0.0078125
51 116 40 105	6.347780230082619e-05 0.02734375
51 116 46 102	2.7008960222553833e-05 0.00390625
51 116 46 111	5.609852254081842e-05 0.171875
51 116 50	0.109375 0.15625
51 116 51 116	0.000218091582412187 0.03125
51 116 58	0.002197802197802198 0.00390625
51 116 88	0.006711409395973154 0.01171875
51 116 109	0.0007377351530800443 0.00390625
51 116 115	0.1234866828087167 0.1796875
51 116 123 50	1.0 0.00390625
57 122	0.0015128593040847202 0.0078125
57 122 20 85	0.00028132252846436973 0.02734375
57 122 23	0.02127659574468085 0.00390625
57 122 36 101	1.6287440754434257e-05 0.00390625
57 122 46 111	4.0532704415070474e-05 0.0390625
57 122 50	0.3181818181818182 0.046875
57 122 50 50	0.029411764705882353 0.0078125
57 122 51 116	0.0004035331569743981 0.01171875
57 122 57 122	0.0016201405710201326 0.0078125
57 122 88	0.02857142857142857 0.00390625
57 122 109 44	0.002785515320334262 0.00390625
57 122 115	0.3333333333333333 0.05078125
57 122 115 115	0.029411764705882353 0.0078125
58 8 8 123	0.16666666666666666 0.00390625
58 8 20 85	0.0049261083743842365 0.00390625
58 8 40 85	0.0049261083743842365 0.00390625
58 8 123	0.16326530612244897 0.00390625
58 8 123 23	0.5 0.00390625
58 8 123 88	0.5 0.00390625
58 20 85	0.0009101547263034716 0.015625
58 20 85 115	0.07377049180327869 0.01953125
58 20 104 23	1.0 0.00390625
58 20 104 115	1.0 0.00390625
58 35 100	0.00013049719431032232 0.00390625
58 39 85	0.0049261083743842365 0.00390625
58 40 85	0.0049261083743842365 0.00390625
58 40 104 50	1.0 0.00390625
58 40 104 115	1.0 0.0078125
58 40 105	0.005076142131979695 0.00390625
58 46 111	0.00020634663286512298 0.0390625
58 58 35 100	0.00013049719431032232 0.00390625
58 73 8 123	0.1664190193164933 0.00390625
58 73 123 23	1.0 0.00390625
58 73 123 88	1.0 0.00390625
58 73 123 115	1.0 0.0078125
58 123	0.15 0.01171875
58 123 20 85	0.0011607142857142858 0.0234375
58 123 23	0.4 0.00390625
58 123 39 105	0.013888888888888888 0.00390625
58 123 50	0.6956521739130435 0.05859375
58 123 58 123	0.16923076923076924 0.01171875
58 123 88	0.4 0.00390625
58 123 115	0.7857142857142857 0.0625
62 101 20 85	0.00017116749397622089 0.0078125
62 101 35 100	6.403098074972595e-05 0.00390625
62 101 46 111	3.780337206078782e-05 0.00390625
62 101 50	0.5 0.0078125
62 101 115	0.5 0.0078125
62 127 20 85	0.00014823049842505094 0.0078125
62 127 46 111	4.664982488373428e-05 0.015625
62 127 50	0.45454545454545453 0.01953125
62 127 67 2	0.011904761904761904 0.0078125
62 127 115	0.5555555555555556 0.01953125
63 128 46 111	0.0001577337467951834 0.015625
63 128 50	0.38461538461538464 0.01953125
63 128 115	0.375 0.0234375
67 2	0.005620985010706638 0.07421875
67 2 1 66	0.00013920596915195725 0.03125
67 2 12 104	4.094333442515558e-05 0.00390625
67 2 16 81	0.00041941421814199503 0.03515625
67 2 20 77	0.0005581914596706671 0.00390625
67 2 20 85	0.0002890920676801176 0.078125
67 2 23	0.1179245283018868 0.05859375
67 2 23 23	0.027972027972027972 0.0234375
67 2 23 88	0.026859504132231406 0.02734375
67 2 23 115	0.08791208791208792 0.02734375
67 2 24 89	0.00034898348415371503 0.0625
67 2 35 100	5.3614851659812035e-05 0.0625
67 2 36 101	0.00020576602117103728 0.01953125
67 2 39 104	0.0005688282138794084 0.0078125
67 2 41 106	7.151882136982383e-05 0.01171875
67 2 45 110	0.00021557764028714942 0.015625
67 2 46 111	0.00023296097834925279 0.546875
67 2 50	0.532235939643347 0.421875
67 2 50 115	0.18953068592057762 0.09375
67 2 51 116	0.0001562046727512106 0.03515625
67 2 62 127	0.0055248618784530384 0.0078125
67 2 67 2	0.0027196442479210108 0.140625
67 2 67 4	0.008698306119334656 0.015625
67 2 67 55	0.04073319755600815 0.00390625
67 2 69 4	0.02616279069767442 0.0078125
67 2 88	0.10756972111553785 0.06640625
67 2 88 23	0.021660649819494584 0.0234375
67 2 88 88	0.027842227378190254 0.0234375
67 2 88 115	0.08021390374331551 0.0234375
67 2 115	0.6267087276550999 0.5859375
67 2 115 50	0.12634238787113075 0.0703125
67 2 115 115	0.186219739292365 0.0703125
67 4	0.029585798816568046 0.0078125
67 4 16 81	0.0014983518130056938 0.0078125
67 4 20 85	0.00038319823139277816 0.01953125
67 4 35 100	0.00010909034238783175 0.015625
67 4 46 111	0.0001645922923382288 0.16796875
67 4 50	0.2727272727272727 0.015625
67 4 50 50	0.19230769230769232 0.0078125
67 4 50 115	0.19230769230769232 0.0078125
67 4 67 2	0.00905349794238683 0.0390625
67 4 69 2	0.0057306590257879654 0.0390625
67 4 69 4	0.02689873417721519 0.0078125
67 4 115	0.2916666666666667 0.01953125
67 4 115 50	0.15625 0.0078125
67 4 115 115	0.19230769230769232 0.0078125
67 4 120 2	0.016355140186915886 0.015625
67 6 71	5.645507305286453e-06 0.00390625
67 6 71 2	0.0004308971134667881 0.3125
67 6 71 4	0.0008438321755170925 0.0234375
67 6 71 50	0.07142857142857142 0.00390625
67 6 71 115	0.034482758620689655 0.01171875
67 21 18 85	0.00017142032174682895 0.09375
67 21 27 85	0.00019515725405611992 0.07421875
67 21 77	0.000564652738565782 0.00390625
67 21 83 85	0.00016985630389769232 0.09375
67 21 85	0.00032174895960780496 0.08203125
67 21 85 50	0.0361800588977703 0.07421875
67 21 85 115	0.03886298023539862 0.078125
67 21 85 123	0.005539070227497527 0.03125
67 21 86 2	0.0040841521367810454 0.0859375
67 21 86 4	0.0028979907264296756 0.0078125
67 21 92 85	0.0001939962211152762 0.07421875
67 21 95 75	0.0014785608674223755 0.0078125
67 55	0.06666666666666667 0.00390625
67 55 50	0.16666666666666666 0.00390625
67 55 67 2	0.02973977695167286 0.015625
67 55 69 2	0.012773722627737226 0.015625
67 55 115	0.16666666666666666 0.00390625
67 55 120 2	0.019138755980861243 0.015625
67 61 77	0.000893854748603352 0.00390625
67 61 83 85	3.796020821174204e-05 0.03125
67 61 85	0.0001346030891408958 0.015625
67 61 86 2	0.0014106267213004635 0.0234375
67 61 99 85	0.00010722902332231257 0.0234375
67 61 117 81	0.004219409282700422 0.01171875
67 61 126 2	0.0011084749718019524 0.10546875
67 61 126 4	0.002785515320334262 0.01171875
69 2	0.03731343283582089 0.0078125
69 2 16 81	0.0016759776536312849 0.00390625
69 2 20 85	0.000300048007681229 0.0078125
69 2 35 100	0.00011496234983043054 0.00390625
69 2 40 105	0.0013374944271065537 0.00390625
69 2 46 111	0.00021391111517806316 0.03125
69 2 50	0.2222222222222222 0.015625
69 2 50 50	0.1935483870967742 0.0078125
69 2 50 115	0.1875 0.0078125
69 2 67 2	0.012441012441012441 0.015625
69 2 115	0.28 0.01953125
69 2 115 50	0.17647058823529413 0.0078125
69 2 115 115	0.20689655172413793 0.0078125
69 4 35 100	0.00037974683544303797 0.00390625
69 4 50	1.0 0.02734375
69 4 67 2	0.018581081081081082 0.01171875
69 4 69 2	0.03386454183266932 0.0078125
69 4 115	1.0 0.03125
69 6 71 2	0.0012674271229404308 0.0234375
69 21 18 85	8.412197686645637e-05 0.01171875
69 21 83 85	8.404597314731158e-05 0.01171875
69 21 85	0.0003073613032119256 0.00390625
69 21 86 2	0.00819000819000819 0.0078125
69 55 50	1.0 0.0078125
69 55 115	1.0 0.0078125
69 61 117 81	0.01020408163265306 0.00390625
69 61 126 2	0.0017709563164108619 0.0078125
73 6 71	0.0005165289256198347 0.00390625
73 8 8 115	0.6 0.00390625
73 8 10 75	0.0035842293906810036 0.00390625
73 8 12 77	0.025 0.00390625
73 8 50	0.9411764705882353 0.05859375
73 8 73 115	0.7777777777777778 0.00390625
73 8 115	1.0 0.0703125
73 20 85	0.0003707136237256719 0.0078125
73 46 111	0.0002405418204505649 0.0625
73 46 111 115	0.009872751206669592 0.05859375
73 67 21 85	0.0002260397830018083 0.0078125
73 73 46 111	0.0002447416535897842 0.0546875
73 73 50	0.9411764705882353 0.05859375
73 73 73 50	0.6 0.00390625
73 73 115	1.0 0.0625
73 123 58 115	0.7777777777777778 0.02734375
88	0.43478260869565216 0.078125
88 1 66	0.009174311926605505 0.00390625
88 6 71	0.00149402390438247 0.0078125
88 8 46 111	0.0001487652484379649 0.01171875
88 10 75	0.0047169811320754715 0.01171875
88 12 77	0.125 0.015625
88 12 105	0.020202020202020204 0.0078125
88 16 81	0.00709849157054126 0.02734375
88 20 85	0.0004544274214489743 0.02734375
88 20 85 123	0.0030211480362537764 0.00390625
88 20 86 2	0.0015337423312883436 0.01953125
88 20 104 115	1.0 0.00390625
88 23 23	0.4375 0.0703125
88 23 24 89	0.0009606147934678194 0.015625
88 23 46 111	0.000297710046507137 0.140625
88 23 50	0.8043478260869565 0.1328125
88 23 88	0.38461538461538464 0.078125
88 23 115	0.9642857142857143 0.1796875
88 24 89	0.001275103602167676 0.015625
88 35 100	0.00014761890702961236 0.01953125
88 36 101	0.0017421602787456446 0.0078125
88 37 102	0.019230769230769232 0.0078125
88 37 111	0.0013605442176870747 0.00390625
88 39 104	0.007246376811594203 0.00390625
88 39 104 58	0.07692307692307693 0.00390625
88 39 105	0.005291005291005291 0.00390625
88 40 104	0.0014903129657228018 0.00390625
88 40 105	0.006243496357960458 0.0234375
88 41 106	0.0027442371020856204 0.0078125
88 43 108	0.058823529411764705 0.00390625
88 46 102	0.002617801047120419 0.00390625
88 46 102 115	0.05128205128205128 0.0078125
88 46 111	0.00033143570147391404 0.15625
88 46 111 8	0.0007882882882882883 0.01953125
88 46 111 23	0.0032705837611713253 0.07421875
88 46 111 50	0.010082612372341117 0.12890625
88 46 111 73	0.0010594021944759743 0.01953125
88 46 111 88	0.0037921227268809792 0.078125
88 46 111 115	0.013362869801343434 0.1484375
88 46 111 123	0.0005698817495369711 0.00390625
88 50 23	0.8695652173913043 0.0703125
88 50 46 111	0.0003344348712922431 0.09375
88 50 50	0.7272727272727273 0.078125
88 50 88	0.8148148148148148 0.078125
88 50 115	0.8260869565217391 0.09765625
88 51 116	0.002898550724637681 0.01171875
88 57 122	0.013513513513513514 0.00390625
88 58 20 85	0.0004361098996947231 0.00390625
88 58 46 111	0.0001458718272877565 0.00390625
88 58 123	0.4 0.0078125
88 58 123 88	0.2 0.00390625
88 67 2	0.051094890510948905 0.05859375
88 67 21 85	0.000180025203528494 0.01171875
88 69 2 115	0.2222222222222222 0.00390625
88 73 46 111	0.0001487652484379649 0.01171875
88 88 23	0.4375 0.0703125
88 88 24 89	0.0008174386920980927 0.01171875
88 88 50	0.8 0.12890625
88 88 88	0.44680851063829785 0.0703125
88 88 115	0.9574468085106383 0.15625
88 115 23	0.7619047619047619 0.05859375
88 115 50	0.627906976744186 0.08203125
88 115 88	0.7727272727272727 0.0625
88 115 115	0.9 0.08203125
88 120 2 115	0.5 0.00390625
96 31 115	1.0 0.0078125
109 6 71 115	0.1262135922330097 0.015625
109 20 85	0.00028555111364934324 0.01171875
109 35 100	0.0001565251418509098 0.0078125
109 35 100 115	0.043478260869565216 0.00390625
109 44 22 87	0.005499541704857928 0.00390625
109 44 39 104	0.001999000499750125 0.00390625
109 44 44 50	0.20833333333333334 0.00390625
109 44 44 115	0.21739130434782608 0.00390625
109 44 50	0.7931034482758621 0.03515625
109 44 115	0.9375 0.046875
109 46 111	0.00013875013875013875 0.02734375
109 46 111 50	0.005971931919976112 0.03515625
109 46 111 115	0.018764153995470722 0.04296875
115	1.0 1.0
115 1 66	0.006701771182383916 0.13671875
115 1 66 44	0.0103359173126615 0.015625
115 6 71	0.003770739064856712 0.171875
115 6 71 44	0.011472275334608031 0.01171875
115 6 87	0.07142857142857142 0.01171875
115 8 8	0.6571428571428571 0.07421875
115 8 8 8	0.23893805309734514 0.0078125
115 8 37 111	0.0010683760683760685 0.00390625
115 8 46 111	0.00027576657239752634 0.0859375
115 8 73	0.6666666666666666 0.078125
115 8 73 8	0.2463768115942029 0.0078125
115 8 123 58	0.5 0.02734375
115 10 30 85	0.0004361098996947231 0.01171875
115 10 32 75	0.0046022353714661405 0.01953125
115 10 75	0.02320783909231563 0.1015625
115 10 97 75	0.0029142381348875937 0.01953125
115 12 77	0.09580838323353294 0.1015625
115 12 77 73	0.08695652173913043 0.00390625
115 12 85	0.0007465472191116088 0.0078125
115 12 85 109	0.017391304347826087 0.00390625
115 12 105	0.0031036623215394167 0.01953125
115 16 28 105	0.0019392372333548805 0.01171875
115 16 52 105	0.0018808777429467085 0.01171875
115 16 81	0.02807993928661776 0.328125
115 16 108	0.001834862385321101 0.0078125
115 20 15 100	0.00038303503029458877 0.1015625
115 20 34 104	8.508103969030502e-05 0.0078125
115 20 77	0.0026041666666666665 0.0078125
115 20 83 85	7.64351852559585e-05 0.05078125
115 20 85	0.000979965156794425 0.3359375
115 20 85 8	0.0008520306731042318 0.0078125
115 20 85 50	0.05354330708661417 0.14453125
115 20 85 109	0.0007327796775769418 0.0078125
115 20 85 123	0.002697841726618705 0.01953125
115 20 86 2	0.0025262069102699263 0.08203125
115 20 95 105	0.000991129391942118 0.0703125
115 20 108	0.25 0.00390625
115 22 71	0.02127659574468085 0.01171875
115 22 87	0.04609929078014184 0.04296875
115 23 20 85	0.00047472110135295516 0.0234375
115 23 23	0.9491525423728814 0.19921875
115 23 46 111	0.0003051418330140288 0.19140625
115 23 50	0.627906976744186 0.10546875
115 23 88	0.9420289855072463 0.2265625
115 23 115	0.7916666666666666 0.1328125
115 24 89	0.0024835393323322168 0.15234375
115 24 89 73	0.002894356005788712 0.00390625
115 24 89 115	0.027287319422150885 0.05859375
115 33 98	0.5 0.0078125
115 35 80 85	0.00038439585784342276 0.1015625
115 35 80 105	0.0009796238244514106 0.0546875
115 35 100	0.00038326018421215303 0.21484375
115 35 100 50	0.059722222222222225 0.13671875
115 35 100 88	0.0009705596894208993 0.01171875
115 35 100 115	0.0636237897648686 0.140625
115 36 101	0.004750593824228029 0.11328125
115 36 127	0.013605442176870748 0.0078125
115 37 102	0.016018306636155607 0.05859375
115 37 111	0.0013408420488066506 0.01953125
115 37 111 58	0.027472527472527472 0.01953125
115 39 30 85	0.0008214676889375684 0.01171875
115 39 104	0.008793969849246231 0.08203125
115 39 104 58	0.07865168539325842 0.02734375
115 39 105	0.0024321037697608433 0.0234375
115 39 105 50	0.034482758620689655 0.0078125
115 39 126 2	0.00045454545454545455 0.00390625
115 40 15 100	0.0016355904481517827 0.05078125
115 40 30 85	0.0009461185486541463 0.0703125
115 40 77	0.0053705692803437165 0.01953125
115 40 93 81	0.013333333333333334 0.01171875
115 40 104	0.001085383502170767 0.0234375
115 40 104 50	0.034482758620689655 0.0078125
115 40 104 58	0.041666666666666664 0.03125
115 40 105	0.014466795260402315 0.41015625
115 40 117 81	0.007317073170731708 0.01171875
115 41 106	0.0031545741324921135 0.05859375
115 43 81	0.004106776180698152 0.0078125
115 43 85	0.0009191176470588235 0.00390625
115 43 95 105	0.002506265664160401 0.00390625
115 43 108	0.04289544235924933 0.05078125
115 43 108 109	0.043478260869565216 0.00390625
115 44 6 71	0.0011470082202255784 0.01171875
115 44 20 77	0.015384615384615385 0.00390625
115 44 20 85	0.0002100840336134454 0.0078125
115 44 43 108	0.14285714285714285 0.00390625
115 44 45 110	0.0006901311249137336 0.00390625
115 44 46 111	0.000237309855478298 0.0234375
115 44 109	0.34146341463414637 0.0234375
115 44 109 44	0.006578947368421052 0.00390625
115 45 110	0.003760183831209526 0.0546875
115 45 110 44	0.0025466893039049238 0.00390625
115 45 110 109	0.0018656716417910447 0.00390625
115 46 102	0.0019230769230769232 0.01953125
115 46 111	0.00046911346134396716 0.984375
115 46 111 8	0.0009795811746266707 0.06640625
115 46 111 23	0.0019270966889681485 0.1640625
115 46 111 44	0.0010068175934182895 0.04296875
115 46 111 50	0.01097362291130889 0.6484375
115 46 111 58	0.0006673168728504697 0.0625
115 46 111 73	0.0013292569453675395 0.06640625
115 46 111 88	0.0021864737184102844 0.16796875
115 46 111 109	0.0009769010178678347 0.01953125
115 46 111 115	0.013488584879207803 0.7421875
115 46 111 123	0.0007137366860656638 0.0546875
115 49 114	0.013020833333333334 0.01953125
115 50 12 77	0.00333889816360601 0.0078125
115 50 20 85	0.0003939666816749212 0.14453125
115 50 22 87	0.013245033112582781 0.015625
115 50 23	0.5 0.11328125
115 50 24 89	0.0008605851979345956 0.046875
115 50 35 100	0.00023751760175084403 0.125
115 50 39 105	0.0008051529790660225 0.0078125
115 50 46 111	0.0002099344707199006 0.73046875
115 50 50	0.9270516717325228 0.83984375
115 50 57 122	0.0009354536950420954 0.0078125
115 50 67 2	0.0060377358490566035 0.10546875
115 50 67 4	0.015822784810126583 0.0078125
115 50 69 2	0.022935779816513763 0.0078125
115 50 88	0.4810126582278481 0.11328125
115 50 115	0.951048951048951 1.0
115 51 116	0.0042569659442724455 0.20703125
115 51 116 44	0.002384500745156483 0.01953125
115 57 122	0.011544011544011544 0.0546875
115 58 20 85	0.0003270824247710423 0.0234375
115 58 46 111	0.00019813750743015652 0.0703125
115 58 123	0.6923076923076923 0.06640625
115 58 123 115	0.20754716981132076 0.04296875
115 62 101	0.0091324200913242 0.0078125
115 62 127	0.04186046511627907 0.02734375
115 63 128	0.013966480446927373 0.01953125
115 67 2	0.14297682211672716 0.5625
115 67 2 50	0.0913884007029877 0.08203125
115 67 2 115	0.1261730969760167 0.12109375
115 67 4	0.05084745762711865 0.0234375
115 67 4 50	0.17857142857142858 0.0078125
115 67 4 115	0.19230769230769232 0.0078125
115 67 21 85	0.00039350926605874134 0.078125
115 67 55	0.09090909090909091 0.00390625
115 69 2	0.06428571428571428 0.0234375
115 69 2 50	0.20689655172413793 0.0078125
115 69 2 115	0.2608695652173913 0.0078125
115 69 4	0.9166666666666666 0.03515625
115 69 21 85	0.0006147226064238512 0.0078125
115 69 55	1.0 0.0078125
115 69 61 104	0.0011185682326621924 0.00390625
115 73 8	0.6571428571428571 0.07421875
115 73 8 73	0.26717557251908397 0.0078125
115 73 37 111	0.0010683760683760685 0.00390625
115 73 40 77	0.010309278350515464 0.0078125
115 73 46 111	0.00027576657239752634 0.0859375
115 73 73	0.696969696969697 0.07421875
115 73 73 8	0.19480519480519481 0.0078125
115 88 23	0.9508196721311475 0.20703125
115 88 35 100	6.236746912810279e-05 0.01171875
115 88 46 111	0.00030454391154648174 0.1875
115 88 50	0.627906976744186 0.10546875
115 88 88	0.9491525423728814 0.19921875
115 88 115	0.8085106382978723 0.1328125
115 109 1 66	0.006191950464396285 0.015625
115 109 6 71	0.0022796352583586625 0.01171875
115 109 44	0.1695906432748538 0.04296875
115 109 44 44	0.022321428571428572 0.00390625
115 109 44 109	0.0008130081300813008 0.00390625
115 109 45 110	0.0004396248534583822 0.00390625
115 109 46 111	0.00020810609105000288 0.046875
115 109 51 116	0.002077382498052454 0.01953125
115 115 12 77	0.004228329809725159 0.0078125
115 115 20 85	0.0003826852954980324 0.140625
115 115 23	0.47368421052631576 0.09375
115 115 35 100	0.000245133472032785 0.12109375
115 115 39 105	0.001038961038961039 0.0078125
115 115 40 104	0.00034965034965034965 0.0078125
115 115 46 111	0.0002090429030600153 0.64453125
115 115 50	0.9300911854103343 0.84375
115 115 67 2	0.006181134103735555 0.06640625
115 115 69 2	0.03048780487804878 0.0078125
115 115 88	0.5510204081632653 0.09375
115 115 115	0.9713375796178344 0.83984375
115 120 2	0.047619047619047616 0.00390625
115 120 4	1.0 0.0078125
115 120 55	1.0 0.01171875
115 123 35 100	9.300595238095238e-05 0.01171875
115 123 39 104	0.0032634032634032634 0.02734375
115 123 39 105	0.0035226772346983706 0.03125
115 123 46 102	0.021834061135371178 0.01953125
115 123 46 111	0.00024004505461024993 0.0625
115 123 58	0.7407407407407407 0.0703125
115 123 58 8	0.4 0.0234375
115 123 58 73	0.4117647058823529 0.02734375
120 2	0.047619047619047616 0.00390625
120 2 50	0.125 0.00390625
120 2 115	0.16666666666666666 0.00390625
120 4 50	1.0 0.0078125
120 4 67 2	0.04081632653061224 0.00390625
120 4 115	1.0 0.0078125
120 55 50	1.0 0.0078125
120 55 115	1.0 0.0078125
123 20 85 115	0.0297029702970297 0.01171875
123 23 46 111	0.0001738601295257965 0.01953125
123 23 58 115	1.0 0.01171875
123 39 105 115	0.23529411764705882 0.015625
123 40 105 115	0.375 0.01171875
123 46 111	0.00014379326636675498 0.03515625
123 46 111 23	0.0012658227848101266 0.01171875
123 46 111 88	0.0014261944378416924 0.01171875
123 46 111 115	0.00646551724137931 0.0390625
123 51 116	0.0006418485237483953 0.00390625
123 58 8 115	0.7777777777777778 0.02734375
123 58 46 111	0.00022586901155047394 0.04296875
123 58 50	0.7 0.046875
123 58 73 115	0.7777777777777778 0.02734375
123 58 115	0.9090909090909091 0.06640625
123 88 46 111	0.0001738601295257965 0.01953125
123 88 58 115	1.0 0.01171875
123 109 20 85	0.00034919249236141424 0.00390625
123 109 46 111	3.7476343058444355e-05 0.00390625
