1 66 8 36	0.10450819672131148 0.0026611472501478417
1 66 8 62	0.1744186046511628 0.0014784151389710231
1 66 23 36	0.032036613272311214 0.004139562389118865
1 66 36	0.12054778417773598 0.09964518036664695
1 66 36 64	0.0031773541305603697 0.003252513305736251
1 66 36 129	0.004786771105308964 0.00029568302779420464
1 66 44 36	0.0751201923076923 0.02188054405677114
1 66 44 62	0.029354207436399216 0.002365464222353637
1 66 50 36	0.06666666666666667 0.0017740981667652277
1 66 50 62	0.10714285714285714 0.0008870490833826139
1 66 58 36	0.026515151515151516 0.0020697811945594325
1 66 62	0.0430188679245283 0.007983441750443524
1 66 62 64	0.0031847133757961785 0.00029568302779420464
1 66 73 36	0.10450819672131148 0.0026611472501478417
1 66 73 62	0.1744186046511628 0.0014784151389710231
1 66 85 36	0.06555626734998932 0.023358959195742164
1 66 85 62	0.043795620437956206 0.002365464222353637
1 66 88 36	0.032036613272311214 0.004139562389118865
1 66 104 36	0.05555555555555555 0.0005913660555884093
1 66 109 36	0.06942236354001059 0.023358959195742164
1 66 109 62	0.020066889632107024 0.0017740981667652277
1 66 115 36	0.06666666666666667 0.0017740981667652277
1 66 115 62	0.045454545454545456 0.0008870490833826139
1 66 123 36	0.044270833333333336 0.005026611472501478
1 85 8 36	0.034482758620689655 0.00029568302779420464
1 85 36	0.024390243902439025 0.00029568302779420464
1 85 73 36	0.034482758620689655 0.00029568302779420464
1 85 123 36	0.0625 0.00029568302779420464
1 95 122 36	0.3333333333333333 0.00029568302779420464
1 121 85 36	0.09696969696969697 0.002365464222353637
6 71 2 36	0.05326460481099656 0.005322294500295683
6 71 2 62	0.012987012987012988 0.00029568302779420464
6 71 4 36	0.06172839506172839 0.0008870490833826139
6 71 8 36	0.08801955990220049 0.01537551744529864
6 71 8 62	0.07216494845360824 0.0011827321111768185
6 71 14 36	0.16363636363636364 0.0026611472501478417
6 71 23 36	0.042105263157894736 0.00768775872264932
6 71 31 36	0.032722513089005235 0.004730928444707274
6 71 36	0.1298963592878023 0.15582495564754584
6 71 36 64	0.0007664793050587634 0.0008870490833826139
6 71 36 129	0.0008878366380585972 0.0005913660555884093
6 71 44 36	0.056596253487445194 0.022767593140153756
6 71 44 62	0.023809523809523808 0.0017740981667652277
6 71 50 36	0.0392156862745098 0.0005913660555884093
6 71 55 36	0.25 0.0005913660555884093
6 71 58 36	0.0825242718446602 0.0026611472501478417
6 71 62	0.03389830508474576 0.007096392667060911
6 71 73 36	0.08801955990220049 0.01537551744529864
6 71 75 36	0.11743079584775086 0.035777646363098756
6 71 75 62	0.006437768240343348 0.00029568302779420464
6 71 88 36	0.04142011834319527 0.00768775872264932
6 71 109 36	0.04155567394778902 0.01537551744529864
6 71 109 62	0.015151515151515152 0.0005913660555884093
6 71 110 36	0.2 0.0014784151389710231
6 71 115 36	0.0392156862745098 0.0005913660555884093
6 71 123 36	0.030726256983240222 0.003252513305736251
6 87 36	0.12213740458015267 0.004435245416913069
6 87 62	0.05084745762711865 0.0005913660555884093
6 102 8 36	0.06923076923076923 0.0017740981667652277
6 102 36	0.07951070336391437 0.0127143701951508
6 102 44 36	0.0821917808219178 0.0056179775280898875
6 102 44 62	0.0784313725490196 0.0005913660555884093
6 102 75 36	0.11538461538461539 0.0035481963335304554
6 102 109 36	0.08196721311475409 0.0029568302779420462
6 111 36	0.14035087719298245 0.002365464222353637
8 6 71 36	0.1076388888888889 0.0035481963335304554
8 6 71 62	0.11764705882352941 0.0008870490833826139
8 8 8 36	0.4241090146750524 0.0127143701951508
8 8 36	0.6047120418848168 0.027794204612655235
8 8 73 36	0.4853873036598948 0.013010053222945003
8 8 73 62	0.208955223880597 0.0008870490833826139
8 8 123 36	0.2222222222222222 0.00029568302779420464
8 10 75 36	0.24 0.0008870490833826139
8 16 81 36	0.06349206349206349 0.0029568302779420462
8 16 81 62	0.045454545454545456 0.0005913660555884093
8 16 108 62	0.2857142857142857 0.0005913660555884093
8 20 85 36	0.04755967224795155 0.011235955056179775
8 22 87 62	1.0 0.0005913660555884093
8 24 89 36	0.06120826709062003 0.004139562389118865
8 35 100 36	0.051264367816091956 0.006505026611472502
8 35 100 62	0.0035629453681710215 0.0005913660555884093
8 36	0.2647058823529412 0.004435245416913069
8 36 13 78	0.021164021164021163 0.0011827321111768185
8 36 64 129	0.024844720496894408 0.0011827321111768185
8 36 101 36	0.2564997092781793 0.00827912477823773
8 36 101 62	0.5902192242833052 0.0026611472501478417
8 36 127 36	0.7543103448275862 0.0026611472501478417
8 36 127 62	0.7495291902071564 0.0026611472501478417
8 37 102 36	0.1267605633802817 0.0017740981667652277
8 37 111 36	0.013888888888888888 0.00029568302779420464
8 39 77 36	0.03529411764705882 0.0008870490833826139
8 39 104 36	0.08011049723756906 0.006505026611472502
8 39 105 36	0.06569343065693431 0.00384387936132466
8 40 77 36	0.10743801652892562 0.0014784151389710231
8 40 104 36	0.1001031991744066 0.005322294500295683
8 40 105 36	0.14196762141967623 0.008870490833826138
8 40 122 36	0.07142857142857142 0.0005913660555884093
8 43 108 36	0.075 0.0005913660555884093
8 45 110 36	0.05043859649122807 0.0017740981667652277
8 46 102 36	0.08203125 0.0026611472501478417
8 46 111 36	0.06744024029511529 0.021584861028976936
8 46 111 62	0.026823876197494472 0.005322294500295683
8 49 114 36	0.03571428571428571 0.0005913660555884093
8 51 116 36	0.05702364394993046 0.0056179775280898875
8 51 116 62	0.11428571428571428 0.0008870490833826139
8 62	0.4 0.0008870490833826139
8 62 101 36	0.7264653641207816 0.0011827321111768185
8 62 101 62	0.7913669064748201 0.0008870490833826139
8 62 127 36	0.6851851851851852 0.0014784151389710231
8 62 127 62	0.6559139784946236 0.0008870490833826139
8 67 2 36	0.275 0.0017740981667652277
8 67 4 36	0.16666666666666666 0.00029568302779420464
8 73 8 36	0.5817409206081081 0.013010053222945003
8 73 8 62	0.24561403508771928 0.0008870490833826139
8 73 36	0.5512658227848102 0.029272619751626257
8 73 62	0.47619047619047616 0.0014784151389710231
8 73 73 36	0.5817562752395281 0.013010053222945003
8 73 123 36	0.22093023255813954 0.00029568302779420464
8 79 110 36	0.05555555555555555 0.00029568302779420464
8 109 44 36	0.33766233766233766 0.0008870490833826139
8 123 36	0.13793103448275862 0.00029568302779420464
8 123 58 36	0.4418604651162791 0.0059136605558840925
10 6 71 36	0.1203991130820399 0.016853932584269662
10 6 71 62	0.00554016620498615 0.0005913660555884093
10 6 102 36	0.12980769230769232 0.003252513305736251
10 14 75 36	0.2 0.00029568302779420464
10 28 77 36	0.0815450643776824 0.011235955056179775
10 28 77 62	0.021897810218978103 0.0008870490833826139
10 28 104 36	0.05312157721796276 0.01744529863985807
10 28 104 62	0.005504587155963303 0.0008870490833826139
10 28 105 36	0.06015468347178459 0.015079834417504436
10 28 122 36	0.15730337078651685 0.006800709639266706
10 30 85 36	0.022292993630573247 0.0008870490833826139
10 32 75 36	0.05091649694501019 0.004730928444707274
10 37 71 36	0.16666666666666666 0.0008870490833826139
10 37 102 36	0.5 0.0008870490833826139
10 53 77 36	0.06467661691542288 0.0026611472501478417
10 53 104 36	0.06312098188194039 0.006505026611472502
10 53 105 36	0.05716523101018011 0.0059136605558840925
10 53 122 36	0.11842105263157894 0.0014784151389710231
10 75 8 36	0.1875 0.0017740981667652277
10 75 23 36	0.02631578947368421 0.0005913660555884093
10 75 36	0.15686805743700893 0.06741573033707865
10 75 44 36	0.0701219512195122 0.006800709639266706
10 75 58 36	0.1111111111111111 0.0014784151389710231
10 75 62	0.023109243697478993 0.003252513305736251
10 75 62 64	0.00425531914893617 0.00029568302779420464
10 75 73 36	0.1875 0.0017740981667652277
10 75 88 36	0.02631578947368421 0.0005913660555884093
10 75 98 36	0.17567567567567569 0.003252513305736251
10 75 109 36	0.08450704225352113 0.0008870490833826139
10 75 110 36	0.038461538461538464 0.0005913660555884093
10 97 75 36	0.050505050505050504 0.00384387936132466
12 15 100 36	0.07655358751125788 0.005026611472501478
12 18 77 36	0.05181347150259067 0.0020697811945594325
12 18 85 36	0.042855722382420205 0.004730928444707274
12 18 85 62	0.025974025974025976 0.0011827321111768185
12 18 122 36	0.021505376344086023 0.00029568302779420464
12 27 77 36	0.09523809523809523 0.0008870490833826139
12 27 85 36	0.05401459854014599 0.0029568302779420462
12 27 85 62	0.040229885057471264 0.0008870490833826139
12 27 104 36	0.05970149253731343 0.0005913660555884093
12 30 77 36	0.08333333333333333 0.0005913660555884093
12 30 85 36	0.06215676485272092 0.011531638083973979
12 30 85 62	0.058823529411764705 0.0014784151389710231
12 34 77 36	0.07575757575757576 0.0011827321111768185
12 34 104 36	0.04291044776119403 0.0020697811945594325
12 34 104 62	0.09803921568627451 0.0005913660555884093
12 34 105 36	0.03363914373088685 0.0011827321111768185
12 34 122 36	0.09090909090909091 0.00029568302779420464
12 45 108 36	0.07518796992481203 0.0017740981667652277
12 52 85 36	0.0679177837354781 0.005322294500295683
12 52 85 62	0.08888888888888889 0.0008870490833826139
12 52 104 36	0.17391304347826086 0.0011827321111768185
12 77 8 36	0.13636363636363635 0.0005913660555884093
12 77 36	0.4610526315789474 0.046126552335895916
12 77 44 36	0.04225352112676056 0.0020697811945594325
12 77 62	0.2375 0.0029568302779420462
12 77 109 36	0.0823045267489712 0.0017740981667652277
12 83 77 36	0.05181347150259067 0.0020697811945594325
12 83 85 36	0.043526560290850336 0.004730928444707274
12 83 85 62	0.02666666666666667 0.0011827321111768185
12 83 104 36	0.041666666666666664 0.0011827321111768185
12 83 105 36	0.01904761904761905 0.0005913660555884093
12 83 122 36	0.021739130434782608 0.00029568302779420464
12 85 36	0.0646186440677966 0.0035481963335304554
12 85 44 36	0.0392156862745098 0.0005913660555884093
12 85 109 36	0.05185185185185185 0.0005913660555884093
12 86 2 36	0.08542713567839195 0.0008870490833826139
12 92 77 36	0.1 0.0008870490833826139
12 92 85 36	0.053860819828408006 0.003252513305736251
12 92 85 62	0.03977272727272727 0.0008870490833826139
12 92 104 36	0.08235294117647059 0.0014784151389710231
12 92 105 36	0.03773584905660377 0.0005913660555884093
12 93 75 36	0.0773405698778833 0.0035481963335304554
12 93 75 62	0.016666666666666666 0.00029568302779420464
12 93 81 36	0.08235294117647059 0.0011827321111768185
12 93 81 62	0.08333333333333333 0.00029568302779420464
12 93 110 36	0.0728862973760933 0.0029568302779420462
12 93 110 62	0.030303030303030304 0.00029568302779420464
12 95 77 36	0.08333333333333333 0.0005913660555884093
12 95 104 36	0.07480314960629922 0.0017740981667652277
12 95 105 36	0.06451612903225806 0.0014784151389710231
12 99 85 36	0.051347629352744444 0.00827912477823773
12 99 85 62	0.04318181818181818 0.0011827321111768185
12 99 104 36	0.16 0.0005913660555884093
12 99 128 36	0.06666666666666667 0.00029568302779420464
12 104 23 36	0.13725490196078433 0.0020697811945594325
12 104 36	0.09369202226345083 0.020106445890005913
12 104 36 64	0.0024390243902439024 0.00029568302779420464
12 104 44 36	0.0761904761904762 0.0020697811945594325
12 104 50 36	0.10714285714285714 0.0008870490833826139
12 104 50 62	0.07142857142857142 0.00029568302779420464
12 104 58 36	0.09433962264150944 0.0011827321111768185
12 104 62	0.043795620437956206 0.0008870490833826139
12 104 88 36	0.13725490196078433 0.0020697811945594325
12 104 109 36	0.07662835249042145 0.0026611472501478417
12 104 115 36	0.10344827586206896 0.0008870490833826139
12 105 8 36	0.17261904761904762 0.0017740981667652277
12 105 23 36	0.049019607843137254 0.0008870490833826139
12 105 36	0.09148766905330151 0.02040212891780012
12 105 44 36	0.05806451612903226 0.0014784151389710231
12 105 58 36	0.07142857142857142 0.0005913660555884093
12 105 62	0.125 0.0014784151389710231
12 105 73 36	0.1676470588235294 0.0014784151389710231
12 105 88 36	0.052083333333333336 0.0008870490833826139
12 105 109 36	0.061224489795918366 0.0017740981667652277
12 117 81 36	0.019801980198019802 0.0005913660555884093
12 117 104 62	0.25 0.0005913660555884093
12 117 110 36	0.10158013544018059 0.003252513305736251
12 118 75 36	0.061611374407582936 0.0017740981667652277
12 122 36	0.13924050632911392 0.0026611472501478417
12 126 2 36	0.05090497737556561 0.005026611472501478
12 126 2 62	0.04 0.0014784151389710231
12 126 4 36	0.041237113402061855 0.0008870490833826139
12 126 55 36	0.5 0.00029568302779420464
14 79 36	1.0 0.00029568302779420464
16 28 104 36	0.13988919667590027 0.00384387936132466
16 28 104 62	0.024390243902439025 0.00029568302779420464
16 28 105 36	0.0888382687927107 0.003252513305736251
16 30 77 36	0.0625 0.0008870490833826139
16 30 85 36	0.08537005163511188 0.009757539917208752
16 30 85 62	0.02358490566037736 0.0011827321111768185
16 52 104 36	0.07469244288224956 0.007096392667060911
16 52 105 36	0.0647887323943662 0.0056179775280898875
16 53 104 36	0.10416666666666667 0.0008870490833826139
16 53 105 36	0.0784313725490196 0.0005913660555884093
16 81 8 36	0.0748663101604278 0.0029568302779420462
16 81 23 36	0.06220095693779904 0.003252513305736251
16 81 36	0.231757233592096 0.29568302779420463
16 81 36 129	0.0014903129657228018 0.00029568302779420464
16 81 44 36	0.04919786096256684 0.011531638083973979
16 81 58 36	0.10948905109489052 0.004435245416913069
16 81 62	0.07544757033248081 0.013897102306327618
16 81 73 36	0.0748663101604278 0.0029568302779420462
16 81 88 36	0.06220095693779904 0.003252513305736251
16 81 108 36	0.15 0.0008870490833826139
16 81 109 36	0.06398537477148081 0.00827912477823773
16 81 109 62	0.016260162601626018 0.0005913660555884093
16 81 115 36	0.05 0.00029568302779420464
16 81 123 36	0.08846153846153847 0.0059136605558840925
16 108 8 36	0.023809523809523808 0.00029568302779420464
16 108 23 36	0.22727272727272727 0.0014784151389710231
16 108 36	0.11439346323067254 0.04701360141927853
16 108 44 36	0.04518430439952437 0.007392075694855115
16 108 44 62	0.007722007722007722 0.0005913660555884093
16 108 58 36	0.13333333333333333 0.0005913660555884093
16 108 62	0.03345724907063197 0.0026611472501478417
16 108 73 36	0.023809523809523808 0.00029568302779420464
16 108 88 36	0.22727272727272727 0.0014784151389710231
16 108 109 36	0.06358381502890173 0.0029568302779420462
16 108 123 36	0.09090909090909091 0.0005913660555884093
20 1 66 36	0.06437408261690082 0.027202838557066823
20 1 66 62	0.019753086419753086 0.003252513305736251
20 14 36	0.21052631578947367 0.0011827321111768185
20 15 100 36	0.07192825274436873 0.12743938497930218
20 15 100 62	0.024808505773408027 0.018332347723240685
20 18 14 36	0.050271739130434784 0.01094027202838557
20 18 77 36	0.04404701073071027 0.09166173861620343
20 18 77 62	0.0035087719298245615 0.0020697811945594325
20 18 85 36	0.07197009398036544 0.22649319929036074
20 18 85 62	0.014684957985449274 0.04908338261383797
20 18 100 36	0.03565640194489465 0.006505026611472502
20 18 104 36	0.07100725952813067 0.11206386753400355
20 18 105 36	0.04319906596614127 0.06209343583678297
20 18 118 36	0.005270092226613966 0.0011827321111768185
20 18 122 36	0.05033629854632241 0.05381431105854524
20 27 77 36	0.05461575640405993 0.03311649911295092
20 27 77 62	0.012084592145015106 0.0011827321111768185
20 27 85 36	0.07051871193836269 0.18391484328799526
20 27 85 62	0.016414141414141416 0.024837374334713187
20 27 104 36	0.08458864426419467 0.021289178001182733
20 27 105 36	0.0703125 0.021289178001182733
20 27 122 36	0.0686456400742115 0.02188054405677114
20 30 85 36	0.026985350809560524 0.0020697811945594325
20 30 85 62	0.10743801652892562 0.0005913660555884093
20 33 85 36	0.5 0.0005913660555884093
20 34 7 36	0.030303030303030304 0.00029568302779420464
20 34 77 36	0.05207501995211492 0.0576581904198699
20 34 77 62	0.03091684434968017 0.00827912477823773
20 34 104 36	0.07093306816298506 0.17593140153755174
20 34 104 37	0.00014364376346660284 0.0008870490833826139
20 34 104 62	0.028795150290477394 0.013010053222945003
20 34 105 36	0.06167132952195597 0.14251921939680662
20 34 105 62	0.03656597774244833 0.006505026611472502
20 34 122 36	0.10232843137254902 0.03341218214074512
20 34 122 62	0.023529411764705882 0.002365464222353637
20 45 108 36	0.09327731092436975 0.06445890005913661
20 45 108 62	0.001176470588235294 0.00029568302779420464
20 45 110 36	0.07894736842105263 0.0008870490833826139
20 51 116 36	0.10344827586206896 0.0029568302779420462
20 52 85 36	0.018691588785046728 0.0008870490833826139
20 52 85 62	0.05555555555555555 0.00029568302779420464
20 56 66 36	0.09696969696969697 0.003252513305736251
20 56 66 62	0.05 0.0005913660555884093
20 56 104 36	0.14285714285714285 0.00029568302779420464
20 66 36	0.024630541871921183 0.0014784151389710231
20 77 23 36	0.0625 0.00029568302779420464
20 77 36	0.06524064171122995 0.018036664695446483
20 77 43 36	0.023255813953488372 0.00029568302779420464
20 77 44 36	0.08801213960546282 0.013897102306327618
20 77 88 36	0.0625 0.00029568302779420464
20 77 109 36	0.012285012285012284 0.0029568302779420462
20 83 14 36	0.050271739130434784 0.01094027202838557
20 83 77 36	0.043368887100020126 0.09166173861620343
20 83 77 62	0.0035787321063394683 0.0020697811945594325
20 83 85 36	0.07197645453274908 0.22649319929036074
20 83 85 62	0.014713822894168466 0.04908338261383797
20 83 100 36	0.03565640194489465 0.006505026611472502
20 83 104 36	0.07089680448974917 0.10999408633944412
20 83 105 36	0.04325798908807482 0.06209343583678297
20 83 118 36	0.005270092226613966 0.0011827321111768185
20 83 122 36	0.05015197568389058 0.05351862803075103
20 85 8 36	0.04130808950086059 0.04849201655824956
20 85 8 62	0.08835904628330996 0.011531638083973979
20 85 23 36	0.09696767744085305 0.04997043169722058
20 85 36	0.0897172588484973 0.34417504435245416
20 85 36 64	0.001695604991861096 0.0011827321111768185
20 85 36 129	0.0015656312625250501 0.0056179775280898875
20 85 37 78	0.005261180007515971 0.0026611472501478417
20 85 43 36	0.06097560975609756 0.004435245416913069
20 85 44 36	0.0541267243394903 0.0703725606150207
20 85 44 62	0.03228476821192053 0.00827912477823773
20 85 50 36	0.03336921420882669 0.01596688350088705
20 85 50 62	0.04864864864864865 0.0035481963335304554
20 85 58 36	0.09090909090909091 0.054405677114133646
20 85 58 62	0.05 0.003252513305736251
20 85 62	0.0368539960463146 0.03873447664104081
20 85 62 64	0.0004948861761794787 0.0005913660555884093
20 85 73 36	0.04130808950086059 0.04849201655824956
20 85 73 62	0.08835904628330996 0.011531638083973979
20 85 88 36	0.09463512162612463 0.047900650502661145
20 85 108 36	0.28125 0.0026611472501478417
20 85 109 36	0.05009077405512461 0.06771141336487285
20 85 109 62	0.017421602787456445 0.007392075694855115
20 85 115 36	0.03336921420882669 0.01596688350088705
20 85 115 62	0.043583535108958835 0.0035481963335304554
20 85 123 36	0.07533168428153812 0.05263157894736842
20 85 123 62	0.1625615763546798 0.009757539917208752
20 86 2 36	0.09422741720496258 0.07746895328208162
20 86 2 62	0.0048721071863581 0.0014784151389710231
20 86 4 36	0.10170218852810757 0.04701360141927853
20 86 4 62	0.014778325123152709 0.0008870490833826139
20 86 14 36	0.2558139534883721 0.0017740981667652277
20 86 31 36	0.14166666666666666 0.005026611472501478
20 86 55 36	0.14782608695652175 0.010053222945002957
20 86 108 36	0.08796622097114708 0.027202838557066823
20 92 77 36	0.05473372781065089 0.03252513305736251
20 92 77 62	0.012084592145015106 0.0011827321111768185
20 92 85 36	0.0704473103886186 0.1856889414547605
20 92 85 62	0.01664179960977849 0.024837374334713187
20 92 104 36	0.08733087330873308 0.020993494973388527
20 92 105 36	0.07121057985757884 0.02069781194559432
20 92 122 36	0.06839186691312385 0.02188054405677114
20 93 14 36	0.5 0.00029568302779420464
20 95 7 36	0.030303030303030304 0.00029568302779420464
20 95 14 36	0.036065573770491806 0.003252513305736251
20 95 56 36	0.04886769964243146 0.010644589000591367
20 95 75 36	0.022508038585209004 0.004139562389118865
20 95 77 36	0.06334266090053421 0.054109994086339444
20 95 77 62	0.048494983277591976 0.005026611472501478
20 95 81 36	0.08384043272481406 0.046126552335895916
20 95 81 62	0.03664921465968586 0.004139562389118865
20 95 85 36	0.027279812938425563 0.006505026611472502
20 95 85 62	0.03163686382393398 0.0035481963335304554
20 95 91 36	0.030303030303030304 0.00029568302779420464
20 95 104 36	0.0687680828384346 0.17534003548196334
20 95 104 37	4.9258657209004484e-05 0.00029568302779420464
20 95 104 62	0.036608863198458574 0.01034890597279716
20 95 105 36	0.06825564226956338 0.166173861620343
20 95 105 62	0.02435897435897436 0.00384387936132466
20 95 108 36	0.0990845449649973 0.03518628030751035
20 95 110 36	0.07841672890216579 0.058249556475458306
20 95 110 62	0.01744186046511628 0.004139562389118865
20 95 116 36	0.06382978723404255 0.005322294500295683
20 95 116 62	0.06578947368421052 0.0014784151389710231
20 95 122 36	0.06519208381839348 0.022176227084565348
20 95 122 62	0.035211267605633804 0.0014784151389710231
20 95 128 36	0.20512820512820512 0.004730928444707274
20 98 85 36	0.5 0.0008870490833826139
20 104 36	0.14925373134328357 0.017740981667652277
20 105 36	0.04522613065326633 0.005322294500295683
20 117 77 36	0.06828391734052111 0.021584861028976936
20 117 77 62	0.06086956521739131 0.00384387936132466
20 117 85 36	0.01904761904761905 0.0011827321111768185
20 117 85 62	0.00980392156862745 0.00029568302779420464
20 117 104 36	0.07830146062340008 0.04109994086339444
20 117 104 37	0.0001147842056932966 0.00029568302779420464
20 117 105 36	0.06630925507900677 0.03429923122412774
20 117 105 62	0.08421052631578947 0.0020697811945594325
20 117 122 36	0.11834319526627218 0.0056179775280898875
20 121 7 36	0.030303030303030304 0.00029568302779420464
20 121 85 36	0.01282051282051282 0.0011827321111768185
20 121 104 36	0.13131313131313133 0.00384387936132466
20 122 36	0.10904255319148937 0.01212300413956239
20 122 43 36	0.030303030303030304 0.00029568302779420464
20 126 2 36	0.08365437534397359 0.060615020697811946
20 126 2 62	0.009419152276295133 0.0017740981667652277
20 126 4 36	0.04757548032936871 0.01537551744529864
20 128 36	0.5 0.00029568302779420464
22 71 36	0.11594202898550725 0.0017740981667652277
22 87 8 36	0.3333333333333333 0.0014784151389710231
22 87 23 36	0.13333333333333333 0.0008870490833826139
22 87 36	0.24253731343283583 0.02424600827912478
22 87 44 36	0.11071428571428571 0.005322294500295683
22 87 44 62	0.12345679012345678 0.0020697811945594325
22 87 50 36	0.26666666666666666 0.002365464222353637
22 87 50 62	0.3333333333333333 0.0014784151389710231
22 87 62	0.2222222222222222 0.0026611472501478417
22 87 73 36	0.3333333333333333 0.0014784151389710231
22 87 73 62	0.3333333333333333 0.0014784151389710231
22 87 88 36	0.13333333333333333 0.0008870490833826139
22 87 109 36	0.06984126984126984 0.004730928444707274
22 87 109 62	0.11956521739130435 0.0017740981667652277
22 87 115 36	0.26666666666666666 0.002365464222353637
22 116 8 36	0.16666666666666666 0.00029568302779420464
22 116 23 36	0.041666666666666664 0.00029568302779420464
22 116 36	0.05615942028985507 0.0017740981667652277
22 116 44 36	0.03431372549019608 0.0008870490833826139
22 116 73 36	0.16666666666666666 0.00029568302779420464
22 116 88 36	0.041666666666666664 0.00029568302779420464
22 116 109 36	0.03939393939393939 0.0008870490833826139
22 116 115 36	0.041666666666666664 0.00029568302779420464
23 1 66 36	0.03090507726269316 0.002365464222353637
23 6 71 36	0.042748091603053436 0.0029568302779420462
23 6 102 36	0.10714285714285714 0.0005913660555884093
23 10 75 36	0.02531645569620253 0.0005913660555884093
23 12 104 36	0.06306306306306306 0.0008870490833826139
23 16 81 36	0.051643192488262914 0.0029568302779420462
23 16 108 36	0.07142857142857142 0.0005913660555884093
23 20 77 36	0.11428571428571428 0.0011827321111768185
23 20 85 36	0.09289067739771965 0.009757539917208752
23 20 104 36	0.25 0.0008870490833826139
23 20 122 36	0.15384615384615385 0.0005913660555884093
23 22 87 36	0.0967741935483871 0.0008870490833826139
23 23 8 36	0.25 0.00029568302779420464
23 23 23 36	0.10344827586206896 0.0017740981667652277
23 23 36	0.9197080291970803 0.036073329390892965
23 23 62	0.5454545454545454 0.0017740981667652277
23 23 88 36	0.1016949152542373 0.0017740981667652277
23 24 89 36	0.08844339622641509 0.004435245416913069
23 24 89 62	0.028169014084507043 0.0005913660555884093
23 35 100 36	0.054402579085230704 0.011827321111768185
23 35 100 62	0.020512820512820513 0.0029568302779420462
23 36	0.1276595744680851 0.0017740981667652277
23 36 101 36	0.13949969739761953 0.00384387936132466
23 36 101 62	0.007751937984496124 0.00029568302779420464
23 36 127 62	0.08955223880597014 0.0017740981667652277
23 37 111 36	0.07776049766718507 0.00029568302779420464
23 39 77 36	0.13725490196078433 0.0017740981667652277
23 39 104 36	0.07479674796747968 0.006209343583678297
23 39 105 36	0.04961832061068702 0.002365464222353637
23 40 104 36	0.06589595375722543 0.006209343583678297
23 40 105 36	0.0640625 0.0056179775280898875
23 40 122 36	0.13333333333333333 0.0005913660555884093
23 43 81 36	0.22727272727272727 0.00029568302779420464
23 43 108 36	0.05263157894736842 0.00029568302779420464
23 45 110 36	0.05308352849336456 0.00384387936132466
23 46 102 36	0.08947368421052632 0.004435245416913069
23 46 111 36	0.054748062015503876 0.031046717918391486
23 46 111 62	0.00994969256567915 0.006505026611472502
23 49 114 36	0.023809523809523808 0.00029568302779420464
23 50 36	1.0 0.00029568302779420464
23 51 116 36	0.06724003127443315 0.005322294500295683
23 57 122 36	0.09389671361502347 0.0026611472501478417
23 57 122 62	0.07142857142857142 0.00029568302779420464
23 58 123 36	0.4482758620689655 0.004435245416913069
23 62 127 36	0.07575757575757576 0.0005913660555884093
23 67 2 36	0.10240963855421686 0.0035481963335304554
23 67 4 36	0.38095238095238093 0.0014784151389710231
23 67 55 36	1.0 0.0005913660555884093
23 69 2 36	0.06666666666666667 0.0005913660555884093
23 88 8 36	0.25 0.00029568302779420464
23 88 23 36	0.1 0.0017740981667652277
23 88 36	0.9308176100628931 0.04169130691898285
23 88 62	0.46153846153846156 0.0017740981667652277
24 89 8 36	0.06473214285714286 0.017740981667652277
24 89 23 36	0.09472422062350119 0.022176227084565348
24 89 23 62	0.016042780748663103 0.0008870490833826139
24 89 36	0.14397525721138674 0.15257244234180958
24 89 43 36	0.10738255033557047 0.004730928444707274
24 89 44 36	0.09816753926701571 0.01596688350088705
24 89 44 62	0.02997275204359673 0.003252513305736251
24 89 50 36	0.0058309037900874635 0.0005913660555884093
24 89 58 36	0.1884422110552764 0.02040212891780012
24 89 62	0.03745851114272167 0.019810762862211707
24 89 62 64	0.0010548523206751054 0.00029568302779420464
24 89 73 36	0.05914343983684568 0.017740981667652277
24 89 88 36	0.09472422062350119 0.022176227084565348
24 89 88 62	0.016042780748663103 0.0008870490833826139
24 89 109 36	0.13289473684210526 0.011235955056179775
24 89 115 36	0.0738255033557047 0.003252513305736251
24 89 123 36	0.06464250734573947 0.018036664695446483
24 89 123 62	0.015151515151515152 0.00029568302779420464
24 110 36	1.0 0.00029568302779420464
26 30 85 36	0.030303030303030304 0.00029568302779420464
26 49 114 36	0.09259259259259259 0.0005913660555884093
26 91 36	1.0 0.0035481963335304554
29 94 36	1.0 0.00029568302779420464
33 6 71 36	0.0625 0.00029568302779420464
33 10 75 36	0.203125 0.0005913660555884093
33 14 36	1.0 0.00029568302779420464
33 53 77 36	1.0 0.00029568302779420464
33 53 104 36	0.25 0.00029568302779420464
33 53 105 36	0.2608695652173913 0.0005913660555884093
33 98 36	0.75 0.0035481963335304554
33 98 50 36	1.0 0.00029568302779420464
33 98 115 36	1.0 0.00029568302779420464
35 18 85 36	0.0352 0.00029568302779420464
35 27 85 36	0.018018018018018018 0.00029568302779420464
35 80 14 36	0.03278688524590164 0.0005913660555884093
35 80 56 36	0.09482758620689655 0.003252513305736251
35 80 77 36	0.077957811066952 0.06800709639266705
35 80 85 36	0.07188596649904128 0.22176227084565345
35 80 85 62	0.027483751160631384 0.01478415138971023
35 80 104 36	0.0762596071733561 0.1419278533412182
35 80 104 62	0.016423357664233577 0.0026611472501478417
35 80 105 36	0.06490625447259196 0.140153755174453
35 80 105 62	0.002403846153846154 0.0005913660555884093
35 80 116 36	0.06944444444444445 0.005322294500295683
35 80 122 36	0.05043859649122807 0.013305736250739207
35 83 85 36	0.0352 0.00029568302779420464
35 85 36	0.08333333333333333 0.00029568302779420464
35 92 85 36	0.018018018018018018 0.00029568302779420464
35 95 110 36	0.25 0.00029568302779420464
35 100 8 36	0.04891238056515552 0.09520993494973388
35 100 23 36	0.0545659976073375 0.11827321111768184
35 100 23 62	0.054279749478079335 0.007392075694855115
35 100 36	0.06951831538713639 0.2882909520993495
35 100 36 64	0.0003952725404166173 0.0059136605558840925
35 100 36 129	0.00047329436543057954 0.00029568302779420464
35 100 37 36	0.0021413276231263384 0.00029568302779420464
35 100 37 78	0.0053533190578158455 0.0014784151389710231
35 100 43 36	0.047109207708779445 0.013010053222945003
35 100 44 36	0.055197167386137655 0.11649911295091661
35 100 44 62	0.03652058432934927 0.011235955056179775
35 100 50 36	0.06129247168554297 0.026020106445890007
35 100 50 62	0.04475043029259897 0.007392075694855115
35 100 56 36	0.02569593147751606 0.007096392667060911
35 100 56 62	0.05139186295503212 0.007096392667060911
35 100 58 36	0.06792570951585977 0.09846244825547014
35 100 62	0.024925224327018942 0.04050857480780603
35 100 62 64	0.0004664179104477612 0.0008870490833826139
35 100 62 129	0.0010706638115631692 0.00029568302779420464
35 100 73 36	0.04891238056515552 0.09520993494973388
35 100 88 36	0.05430014621826399 0.11768184506209343
35 100 88 62	0.054279749478079335 0.007392075694855115
35 100 108 36	0.06209850107066381 0.008574807806031934
35 100 109 36	0.048454833597464345 0.09491425192193968
35 100 109 62	0.02140309155766944 0.01034890597279716
35 100 115 36	0.06129247168554297 0.026020106445890007
35 100 115 62	0.016288539848749273 0.007983441750443524
35 100 123 36	0.065479056331247 0.0641632170313424
35 100 123 62	0.008565310492505354 0.0011827321111768185
35 103 2 36	0.08823529411764706 0.0008870490833826139
35 103 14 36	0.08635578583765112 0.01478415138971023
35 103 31 36	0.03483606557377049 0.0017740981667652277
35 103 108 36	0.03125 0.0020697811945594325
36	1.0 1.0
36 5 70	0.47058823529411764 0.07953873447664105
36 13 78	0.08111336757854498 0.11324659964518037
36 13 78 64	0.00019264110961279138 0.0011827321111768185
36 64 129	0.0889720702562626 0.0892962743938498
36 101 8 36	0.25611555486526366 0.34269662921348315
36 101 8 62	0.35980323260716796 0.03015966883500887
36 101 23 36	0.1465818759936407 0.205204021289178
36 101 23 62	0.0011627906976744186 0.00029568302779420464
36 101 36	0.9670198587322312 1.0
36 101 44 36	0.08247495414138564 0.33707865168539325
36 101 44 62	0.001384083044982699 0.0005913660555884093
36 101 58 36	0.11998110533774209 0.15020697811945594
36 101 62	0.5877636065159743 0.29863985807214666
36 101 73 36	0.25478986402966625 0.34269662921348315
36 101 73 62	0.35980323260716796 0.03015966883500887
36 101 88 36	0.14493816809893104 0.2043169722057954
36 101 109 36	0.07835120643431635 0.33767001774098165
36 101 109 62	0.00038153376573826786 0.00029568302779420464
36 101 123 36	0.0968356843309188 0.14991129509166173
36 102 37	1.0 0.005026611472501478
36 127 8 36	0.7673545966228893 0.030455351862803074
36 127 8 62	1.0 0.03015966883500887
36 127 23 62	1.0 0.0011827321111768185
36 127 36	0.8026383859286084 0.3007096392667061
36 127 44 62	0.5789473684210527 0.003252513305736251
36 127 62	0.906890756302521 0.5647545830869308
36 127 73 36	0.7673545966228893 0.030455351862803074
36 127 73 62	1.0 0.03015966883500887
36 127 88 62	1.0 0.0011827321111768185
36 127 109 62	0.03254437869822485 0.003252513305736251
36 129 64	0.21440480160053352 0.17090479006505027
37 71 23 36	0.09375 0.0008870490833826139
37 71 36	0.08227848101265822 0.00384387936132466
37 71 44 36	0.0945945945945946 0.0011827321111768185
37 71 75 36	0.12272727272727273 0.0008870490833826139
37 71 88 36	0.09375 0.0008870490833826139
37 71 109 36	0.04040404040404041 0.0014784151389710231
37 102 36	0.29222520107238603 0.04878769958604376
37 102 44 36	0.06191950464396285 0.0035481963335304554
37 102 44 62	0.0392156862745098 0.0005913660555884093
37 102 58 36	0.07692307692307693 0.00029568302779420464
37 102 62	0.17567567567567569 0.0020697811945594325
37 102 73 36	0.1323529411764706 0.0017740981667652277
37 102 75 36	0.3333333333333333 0.0008870490833826139
37 102 88 36	0.16666666666666666 0.00029568302779420464
37 102 109 36	0.06422018348623854 0.0014784151389710231
37 111 8 36	0.12760416666666666 0.002365464222353637
37 111 23 36	0.08585858585858586 0.002365464222353637
37 111 36	0.06257344300822562 0.007096392667060911
37 111 36 129	0.0023942537909018356 0.00029568302779420464
37 111 43 36	0.08333333333333333 0.00029568302779420464
37 111 44 36	0.04391891891891892 0.0026611472501478417
37 111 44 62	0.015625 0.0005913660555884093
37 111 50 36	0.03225806451612903 0.0005913660555884093
37 111 58 36	0.0625 0.0014784151389710231
37 111 58 62	0.1 0.00029568302779420464
37 111 73 36	0.12760416666666666 0.002365464222353637
37 111 88 36	0.08585858585858586 0.002365464222353637
37 111 109 36	0.0774487471526196 0.0020697811945594325
37 111 115 36	0.06666666666666667 0.0008870490833826139
37 111 123 36	0.06538461538461539 0.002365464222353637
37 114 36	0.18518518518518517 0.00029568302779420464
39 1 66 36	0.05555555555555555 0.0005913660555884093
39 15 100 36	0.07519366790165039 0.04346540508574808
39 15 100 62	0.02319842053307009 0.008574807806031934
39 18 14 36	0.08333333333333333 0.00029568302779420464
39 18 77 36	0.041666666666666664 0.0017740981667652277
39 18 85 36	0.07005432322317791 0.005322294500295683
39 18 85 62	0.027417027417027416 0.0011827321111768185
39 18 104 36	0.09302325581395349 0.0026611472501478417
39 27 77 36	0.058333333333333334 0.0020697811945594325
39 27 85 36	0.08595641646489104 0.0014784151389710231
39 27 104 36	0.03981264637002342 0.004730928444707274
39 27 105 36	0.06926406926406926 0.0035481963335304554
39 27 122 36	0.015384615384615385 0.00029568302779420464
39 30 77 36	0.07539682539682539 0.0056179775280898875
39 30 85 36	0.0684138766853507 0.12004730928444707
39 30 85 62	0.026009316770186336 0.010053222945002957
39 30 104 36	0.1111111111111111 0.004435245416913069
39 30 105 36	0.031578947368421054 0.0008870490833826139
39 30 122 36	0.059322033898305086 0.0020697811945594325
39 33 104 36	0.053763440860215055 0.0014784151389710231
39 34 77 36	0.16 0.0005913660555884093
39 34 104 36	0.0990990990990991 0.0014784151389710231
39 34 105 36	0.10526315789473684 0.0011827321111768185
39 34 122 36	0.5 0.0005913660555884093
39 45 108 36	0.09774436090225563 0.0014784151389710231
39 45 110 36	0.16666666666666666 0.00029568302779420464
39 52 77 36	0.042801556420233464 0.003252513305736251
39 52 85 36	0.07878787878787878 0.04257835600236547
39 52 85 62	0.014112903225806451 0.0014784151389710231
39 52 104 36	0.052763819095477386 0.006209343583678297
39 52 105 36	0.008097165991902834 0.0005913660555884093
39 52 122 36	0.022988505747126436 0.0005913660555884093
39 52 128 36	0.02127659574468085 0.0008870490833826139
39 56 85 36	0.13131313131313133 0.0008870490833826139
39 56 104 36	0.10526315789473684 0.0005913660555884093
39 56 105 36	0.14285714285714285 0.0005913660555884093
39 56 122 36	0.16666666666666666 0.00029568302779420464
39 71 36	0.5 0.00029568302779420464
39 77 8 36	0.072 0.0017740981667652277
39 77 23 36	0.06422018348623854 0.0020697811945594325
39 77 23 62	0.14285714285714285 0.00029568302779420464
39 77 36	0.09421641791044776 0.04937906564163217
39 77 36 129	0.004761904761904762 0.00029568302779420464
39 77 44 36	0.08210890233362143 0.01862803075103489
39 77 50 36	0.06382978723404255 0.0008870490833826139
39 77 58 36	0.03669724770642202 0.0011827321111768185
39 77 62	0.04024767801857585 0.00384387936132466
39 77 73 36	0.06666666666666667 0.0017740981667652277
39 77 88 36	0.06422018348623854 0.0020697811945594325
39 77 109 36	0.08816568047337278 0.01714961561206387
39 77 109 62	0.008064516129032258 0.00029568302779420464
39 77 115 36	0.06382978723404255 0.0008870490833826139
39 77 123 36	0.011111111111111112 0.00029568302779420464
39 83 14 36	0.08333333333333333 0.00029568302779420464
39 83 77 36	0.041176470588235294 0.0017740981667652277
39 83 85 36	0.07017150543661024 0.0056179775280898875
39 83 85 62	0.027259684361549498 0.0011827321111768185
39 83 100 36	0.1111111111111111 0.00029568302779420464
39 83 104 36	0.09302325581395349 0.0026611472501478417
39 83 105 36	0.03125 0.0008870490833826139
39 83 122 36	0.04054054054054054 0.0005913660555884093
39 85 23 36	0.23076923076923078 0.0005913660555884093
39 85 36	0.14705882352941177 0.004730928444707274
39 85 44 36	0.08823529411764706 0.00029568302779420464
39 86 4 36	0.1 0.00029568302779420464
39 92 77 36	0.045454545454545456 0.0011827321111768185
39 92 85 36	0.08314350797266515 0.0014784151389710231
39 92 85 62	0.15384615384615385 0.0005913660555884093
39 92 104 36	0.03935185185185185 0.00384387936132466
39 92 105 36	0.07096774193548387 0.006209343583678297
39 93 75 36	0.05151354221986192 0.02040212891780012
39 93 75 62	0.0018957345971563982 0.00029568302779420464
39 93 81 36	0.14106145251396648 0.013897102306327618
39 93 81 62	0.17307692307692307 0.005322294500295683
39 93 108 36	0.14285714285714285 0.005322294500295683
39 93 110 36	0.10924956369982548 0.03400354819633353
39 93 110 62	0.010638297872340425 0.0008870490833826139
39 95 104 36	0.1111111111111111 0.0017740981667652277
39 95 104 62	0.18181818181818182 0.0005913660555884093
39 95 105 36	0.11363636363636363 0.0020697811945594325
39 95 110 36	0.22727272727272727 0.00029568302779420464
39 95 116 36	0.037037037037037035 0.0005913660555884093
39 98 104 36	0.053763440860215055 0.00029568302779420464
39 99 77 36	0.04339622641509434 0.006800709639266706
39 99 85 36	0.07080566256233309 0.08515671200473093
39 99 85 62	0.030700530281886688 0.012418687167356593
39 99 104 36	0.1 0.004139562389118865
39 99 105 36	0.02197802197802198 0.0011827321111768185
39 99 122 36	0.06578947368421052 0.0029568302779420462
39 99 128 36	0.02127659574468085 0.0008870490833826139
39 104 8 36	0.07972972972972973 0.01655824955647546
39 104 23 36	0.0779436152570481 0.012418687167356593
39 104 36	0.1606611570247934 0.41957421643997633
39 104 36 64	0.0002554931016862545 0.00029568302779420464
39 104 36 129	0.00025150905432595576 0.00029568302779420464
39 104 44 36	0.05170387779083431 0.011235955056179775
39 104 50 36	0.0759493670886076 0.005322294500295683
39 104 50 62	0.04040404040404041 0.0011827321111768185
39 104 58 36	0.06875 0.00827912477823773
39 104 62	0.05263157894736842 0.01478415138971023
39 104 73 36	0.07804232804232804 0.01655824955647546
39 104 88 36	0.07666666666666666 0.01212300413956239
39 104 109 36	0.06159420289855073 0.018036664695446483
39 104 109 62	0.02112676056338028 0.0014784151389710231
39 104 115 36	0.08016877637130802 0.0056179775280898875
39 104 123 36	0.03202846975088968 0.005322294500295683
39 105 8 36	0.07894736842105263 0.01537551744529864
39 105 23 36	0.06702702702702702 0.015079834417504436
39 105 36	0.08130234308835983 0.1218214074512123
39 105 36 64	0.0012586532410320957 0.0005913660555884093
39 105 36 129	0.0011723329425556857 0.00029568302779420464
39 105 37 78	0.006030150753768844 0.0017740981667652277
39 105 44 36	0.0693950177935943 0.01714961561206387
39 105 44 62	0.019138755980861243 0.0008870490833826139
39 105 58 36	0.043478260869565216 0.0029568302779420462
39 105 62	0.02107728337236534 0.0026611472501478417
39 105 73 36	0.07830648182840015 0.015079834417504436
39 105 88 36	0.06529209621993128 0.013601419278533412
39 105 109 36	0.07320644216691069 0.01478415138971023
39 105 109 62	0.009523809523809525 0.00029568302779420464
39 105 123 36	0.06696428571428571 0.020106445890005913
39 117 14 36	0.10810810810810811 0.002365464222353637
39 117 56 36	0.10952380952380952 0.006800709639266706
39 117 77 36	0.16666666666666666 0.0008870490833826139
39 117 81 36	0.07346585998271392 0.023358959195742164
39 117 81 62	0.09230769230769231 0.005322294500295683
39 117 104 36	0.05289672544080604 0.0017740981667652277
39 117 105 36	0.08661417322834646 0.0014784151389710231
39 117 108 36	0.028846153846153848 0.0008870490833826139
39 117 110 36	0.12185510760836617 0.039621525724423415
39 117 110 62	0.0165016501650165 0.0014784151389710231
39 117 122 36	0.0379746835443038 0.0005913660555884093
39 118 75 36	0.06153846153846154 0.01596688350088705
39 118 81 36	0.0797872340425532 0.004435245416913069
39 118 98 36	0.25 0.00029568302779420464
39 118 110 36	0.06611570247933884 0.002365464222353637
39 121 56 36	0.04597701149425287 0.0011827321111768185
39 121 104 36	0.10526315789473684 0.0005913660555884093
39 121 105 36	0.12 0.0008870490833826139
39 122 23 36	0.1111111111111111 0.00029568302779420464
39 122 36	0.12753036437246965 0.016262566528681254
39 122 44 36	0.024390243902439025 0.0005913660555884093
39 122 109 36	0.04888888888888889 0.003252513305736251
39 126 2 36	0.07152145643693109 0.04376108811354228
39 126 2 62	0.026260504201680673 0.006209343583678297
39 126 4 36	0.05708661417322835 0.00827912477823773
39 126 31 36	0.12195121951219512 0.0029568302779420462
40 15 100 36	0.0637341016091631 0.0254287403903016
40 15 100 62	0.02561837455830389 0.00384387936132466
40 18 77 36	0.01904761904761905 0.0005913660555884093
40 18 77 62	0.05555555555555555 0.00029568302779420464
40 18 85 36	0.04274162495186754 0.002365464222353637
40 18 85 62	0.004866180048661801 0.0005913660555884093
40 27 77 36	0.028169014084507043 0.0005913660555884093
40 27 85 36	0.07021063189568706 0.0011827321111768185
40 27 104 36	0.06832298136645963 0.004435245416913069
40 27 105 36	0.10687022900763359 0.004730928444707274
40 27 122 36	0.125 0.0014784151389710231
40 30 77 36	0.06493506493506493 0.0029568302779420462
40 30 85 36	0.06754613008265843 0.08426966292134831
40 30 85 62	0.017112299465240642 0.006209343583678297
40 30 104 36	0.11764705882352941 0.0029568302779420462
40 30 122 36	0.057971014492753624 0.0011827321111768185
40 34 104 36	0.021739130434782608 0.0011827321111768185
40 45 108 36	0.07142857142857142 0.0008870490833826139
40 52 77 36	0.043795620437956206 0.0017740981667652277
40 52 85 36	0.06700883946392928 0.02631578947368421
40 52 85 62	0.030927835051546393 0.0014784151389710231
40 52 104 36	0.08870967741935484 0.003252513305736251
40 52 122 36	0.06153846153846154 0.0011827321111768185
40 52 128 36	0.09803921568627451 0.0014784151389710231
40 56 105 36	0.08 0.00029568302779420464
40 56 109 36	0.08333333333333333 0.00029568302779420464
40 77 8 36	0.058823529411764705 0.0008870490833826139
40 77 36	0.09156050955414012 0.03015966883500887
40 77 44 36	0.057103064066852366 0.008574807806031934
40 77 44 62	0.003937007874015748 0.00029568302779420464
40 77 58 36	0.03488372093023256 0.0008870490833826139
40 77 62	0.03524229074889868 0.002365464222353637
40 77 73 36	0.05263157894736842 0.0008870490833826139
40 77 109 36	0.07623762376237624 0.00827912477823773
40 77 115 36	0.058823529411764705 0.00029568302779420464
40 77 123 36	0.03076923076923077 0.0005913660555884093
40 83 77 62	0.05555555555555555 0.00029568302779420464
40 83 85 36	0.04268409921169006 0.002365464222353637
40 83 85 62	0.004866180048661801 0.0005913660555884093
40 83 104 36	0.03125 0.0008870490833826139
40 83 122 36	0.022222222222222223 0.00029568302779420464
40 85 36	0.04488778054862843 0.003252513305736251
40 92 85 36	0.06923076923076923 0.0014784151389710231
40 92 85 62	0.013513513513513514 0.00029568302779420464
40 92 104 36	0.06866952789699571 0.0035481963335304554
40 92 105 36	0.10852713178294573 0.0059136605558840925
40 92 122 36	0.16666666666666666 0.0005913660555884093
40 93 14 36	0.0975609756097561 0.0011827321111768185
40 93 75 36	0.058365758754863814 0.015079834417504436
40 93 81 36	0.09006928406466513 0.006505026611472502
40 93 108 36	0.07042253521126761 0.0014784151389710231
40 93 110 36	0.0825211176088369 0.016262566528681254
40 95 104 36	0.031578947368421054 0.0008870490833826139
40 95 105 36	0.013333333333333334 0.00029568302779420464
40 99 77 36	0.03426791277258567 0.003252513305736251
40 99 85 36	0.061814191660570596 0.04878769958604376
40 99 85 62	0.017447199265381085 0.006209343583678297
40 99 104 36	0.109375 0.002365464222353637
40 99 105 36	0.008928571428571428 0.00029568302779420464
40 99 122 36	0.07526881720430108 0.0020697811945594325
40 99 128 36	0.09803921568627451 0.0014784151389710231
40 104 8 36	0.06682577565632458 0.007392075694855115
40 104 8 62	0.02564102564102564 0.00029568302779420464
40 104 23 36	0.04980842911877394 0.00384387936132466
40 104 36	0.08098987626546682 0.09934949733885275
40 104 36 64	0.0010554089709762533 0.0005913660555884093
40 104 36 129	0.0009186954524575103 0.00029568302779420464
40 104 44 36	0.05142857142857143 0.007096392667060911
40 104 44 62	0.008849557522123894 0.00029568302779420464
40 104 50 36	0.008620689655172414 0.00029568302779420464
40 104 58 36	0.09666666666666666 0.007983441750443524
40 104 58 62	0.06666666666666667 0.00029568302779420464
40 104 73 36	0.06698564593301436 0.007392075694855115
40 104 73 62	0.02564102564102564 0.00029568302779420464
40 104 88 36	0.04980842911877394 0.00384387936132466
40 104 109 36	0.05936454849498328 0.009461856889414548
40 104 115 36	0.03225806451612903 0.0011827321111768185
40 104 123 36	0.032448377581120944 0.0029568302779420462
40 105 8 36	0.10172143974960876 0.01655824955647546
40 105 23 36	0.06277372262773723 0.010644589000591367
40 105 36	0.1833943570967047 0.34772324068598465
40 105 44 36	0.058981233243967826 0.008870490833826138
40 105 50 36	0.034482758620689655 0.0005913660555884093
40 105 58 36	0.1141732283464567 0.008574807806031934
40 105 62	0.07805907172995781 0.01094027202838557
40 105 73 36	0.10135135135135136 0.01655824955647546
40 105 88 36	0.06212121212121212 0.010053222945002957
40 105 109 36	0.052930056710775046 0.00827912477823773
40 105 109 62	0.012195121951219513 0.00029568302779420464
40 105 115 36	0.08450704225352113 0.0017740981667652277
40 105 123 36	0.06729634002361275 0.01212300413956239
40 117 56 36	0.07 0.0020697811945594325
40 117 81 36	0.06353591160220995 0.010644589000591367
40 117 104 36	0.008130081300813009 0.0005913660555884093
40 117 110 36	0.10452322738386308 0.018036664695446483
40 117 110 62	0.020689655172413793 0.0008870490833826139
40 118 14 36	0.16666666666666666 0.00029568302779420464
40 118 75 36	0.05628373168851195 0.011235955056179775
40 118 81 36	0.058823529411764705 0.0011827321111768185
40 118 98 36	0.24 0.0017740981667652277
40 118 109 36	0.07692307692307693 0.00029568302779420464
40 118 123 36	1.0 0.0005913660555884093
40 121 56 36	0.08333333333333333 0.0005913660555884093
40 121 104 36	0.14285714285714285 0.0005913660555884093
40 122 36	0.11202185792349727 0.01034890597279716
40 122 44 36	0.05357142857142857 0.0008870490833826139
40 122 109 36	0.05844155844155844 0.0026611472501478417
40 126 2 36	0.06630309988518944 0.026611472501478415
40 126 2 62	0.012718600953895072 0.002365464222353637
40 126 4 36	0.04833836858006042 0.004730928444707274
40 126 31 36	0.12962962962962962 0.0020697811945594325
41 106 8 36	0.058823529411764705 0.0008870490833826139
41 106 36	0.10067266268611594 0.06889414547604968
41 106 36 64	0.004297114794352364 0.004139562389118865
41 106 36 129	0.005681818181818182 0.0005913660555884093
41 106 44 36	0.10070052539404553 0.025133057362507392
41 106 58 36	0.0365296803652968 0.002365464222353637
41 106 62	0.006715916722632639 0.002365464222353637
41 106 62 64	0.001646542261251372 0.00029568302779420464
41 106 73 36	0.058823529411764705 0.0008870490833826139
41 106 109 36	0.07289293849658314 0.004730928444707274
41 106 123 36	0.06377551020408163 0.00384387936132466
41 111 44 36	0.14285714285714285 0.0008870490833826139
43 14 36	1.0 0.00029568302779420464
43 20 85 36	0.2727272727272727 0.00029568302779420464
43 21 85 36	0.08710801393728224 0.0020697811945594325
43 28 77 36	0.15384615384615385 0.0005913660555884093
43 28 104 36	0.14173228346456693 0.00029568302779420464
43 30 85 36	0.09808102345415778 0.005026611472501478
43 35 100 36	0.060669456066945605 0.00029568302779420464
43 38 100 36	0.03125 0.0005913660555884093
43 46 111 36	0.06191950464396285 0.0011827321111768185
43 46 111 62	0.0379746835443038 0.00029568302779420464
43 52 105 36	0.029411764705882353 0.00029568302779420464
43 81 8 36	0.06666666666666667 0.0008870490833826139
43 81 23 36	0.07142857142857142 0.0008870490833826139
43 81 36	0.11417816813048934 0.03282081608515671
43 81 44 36	0.04824561403508772 0.0029568302779420462
43 81 58 36	0.02857142857142857 0.00029568302779420464
43 81 73 36	0.06666666666666667 0.0008870490833826139
43 81 88 36	0.07142857142857142 0.0008870490833826139
43 81 109 36	0.05223880597014925 0.0017740981667652277
43 81 123 36	0.16666666666666666 0.002365464222353637
43 108 8 36	0.11904761904761904 0.0008870490833826139
43 108 36	0.38152266894781867 0.09107037256061502
43 108 44 36	0.036637931034482756 0.0035481963335304554
43 108 58 36	0.2857142857142857 0.0005913660555884093
43 108 62	0.12096774193548387 0.00384387936132466
43 108 109 36	0.05217391304347826 0.0017740981667652277
43 108 123 36	0.23076923076923078 0.0008870490833826139
43 110 36	0.18461538461538463 0.0014784151389710231
43 110 77 36	0.07518796992481203 0.0017740981667652277
43 110 85 36	0.09208561473369836 0.0017740981667652277
43 110 104 36	0.09774436090225563 0.0011827321111768185
43 110 105 36	0.07142857142857142 0.0011827321111768185
43 110 122 36	0.09523809523809523 0.0008870490833826139
43 122 44 36	0.1111111111111111 0.0005913660555884093
44 1 66 36	0.06683673469387755 0.009166173861620342
44 1 66 62	0.023026315789473683 0.0011827321111768185
44 6 71 36	0.040625 0.0059136605558840925
44 6 71 62	0.01834862385321101 0.0005913660555884093
44 10 75 36	0.08108108108108109 0.0008870490833826139
44 12 77 36	0.08196721311475409 0.0020697811945594325
44 12 85 36	0.012165450121654502 0.0005913660555884093
44 12 104 36	0.08693115519253208 0.004139562389118865
44 12 104 62	0.007352941176470588 0.00029568302779420464
44 12 105 36	0.07504873294346978 0.0035481963335304554
44 16 81 36	0.06386861313868614 0.006209343583678297
44 20 85 36	0.04919491148474335 0.013601419278533412
44 20 85 62	0.023185483870967742 0.0029568302779420462
44 20 104 36	0.09523809523809523 0.0008870490833826139
44 22 87 36	0.056657223796033995 0.0026611472501478417
44 22 116 36	0.07608695652173914 0.0011827321111768185
44 23 88 36	0.125 0.0005913660555884093
44 24 89 36	0.13032258064516128 0.0020697811945594325
44 35 100 36	0.04854239101364001 0.009461856889414548
44 35 100 62	0.03395472703062583 0.0035481963335304554
44 36	0.04878048780487805 0.0011827321111768185
44 36 101 36	0.07543395495902433 0.0056179775280898875
44 36 101 62	0.01072961373390558 0.0017740981667652277
44 36 127 36	0.012048192771084338 0.0020697811945594325
44 37 71 36	0.07936507936507936 0.0011827321111768185
44 37 102 36	0.0625 0.0014784151389710231
44 39 77 36	0.07662835249042145 0.004139562389118865
44 39 104 36	0.06074527820316488 0.00827912477823773
44 39 104 62	0.05181347150259067 0.0008870490833826139
44 39 105 36	0.05834018077239113 0.005322294500295683
44 39 122 36	0.12359550561797752 0.0017740981667652277
44 40 77 36	0.061224489795918366 0.0011827321111768185
44 40 104 36	0.07194244604316546 0.004435245416913069
44 40 105 36	0.05185185185185185 0.003252513305736251
44 41 106 36	0.07032967032967033 0.0008870490833826139
44 43 81 36	0.06321839080459771 0.0020697811945594325
44 43 108 36	0.05217391304347826 0.0014784151389710231
44 43 110 36	0.06521739130434782 0.0005913660555884093
44 44 36	0.06329113924050633 0.0011827321111768185
44 44 50 36	0.125 0.00029568302779420464
44 44 62	0.05 0.00029568302779420464
44 44 109 36	0.14405594405594405 0.0056179775280898875
44 45 110 36	0.05902887972072358 0.006800709639266706
44 45 110 62	0.02197802197802198 0.0017740981667652277
44 46 102 36	0.07352941176470588 0.004139562389118865
44 46 111 36	0.052870945171423045 0.02069781194559432
44 46 111 62	0.026636417107806065 0.00827912477823773
44 49 114 36	0.16666666666666666 0.00029568302779420464
44 51 116 36	0.0673003219377587 0.011827321111768185
44 51 116 62	0.007228915662650603 0.0014784151389710231
44 53 105 36	0.07692307692307693 0.00029568302779420464
44 57 77 36	0.06666666666666667 0.00029568302779420464
44 57 104 36	0.04824561403508772 0.0005913660555884093
44 57 105 36	0.05732484076433121 0.0005913660555884093
44 57 122 36	0.0691358024691358 0.0029568302779420462
44 62 101 36	0.0029498525073746312 0.00029568302779420464
44 63 128 36	0.058823529411764705 0.00029568302779420464
44 109 36	0.4698275862068966 0.024837374334713187
44 109 44 36	0.07767752059631228 0.009461856889414548
44 109 44 62	0.026438569206842923 0.0005913660555884093
44 109 62	0.3018867924528302 0.0020697811945594325
44 109 109 36	0.1079136690647482 0.0056179775280898875
45 6 71 36	0.18181818181818182 0.0011827321111768185
45 10 75 36	0.03571428571428571 0.00029568302779420464
45 14 8 36	0.05555555555555555 0.00029568302779420464
45 14 123 36	0.1111111111111111 0.00029568302779420464
45 28 77 36	0.07267441860465117 0.006505026611472502
45 28 77 62	0.034482758620689655 0.00029568302779420464
45 28 104 36	0.10796826491893756 0.012418687167356593
45 28 104 62	0.034013605442176874 0.0014784151389710231
45 28 105 36	0.08193548387096775 0.01094027202838557
45 28 122 36	0.09090909090909091 0.0017740981667652277
45 30 85 36	0.07762444553967472 0.02040212891780012
45 30 85 62	0.037800687285223365 0.002365464222353637
45 30 100 36	0.25 0.00029568302779420464
45 30 104 36	0.22727272727272727 0.0014784151389710231
45 52 77 36	0.09375 0.009166173861620342
45 52 104 36	0.11946508172362556 0.016262566528681254
45 52 104 62	0.02857142857142857 0.0008870490833826139
45 52 105 36	0.10395136778115502 0.015671200473092846
45 52 122 36	0.125 0.0020697811945594325
45 53 104 36	0.06504065040650407 0.0005913660555884093
45 53 105 36	0.015384615384615385 0.00029568302779420464
45 81 62	0.10909090909090909 0.0017740981667652277
45 98 36	0.5 0.0005913660555884093
45 108 36	0.18461538461538463 0.0026611472501478417
45 108 44 36	0.05555555555555555 0.0008870490833826139
45 108 109 36	0.06521739130434782 0.0008870490833826139
45 108 109 62	0.125 0.0005913660555884093
45 110 8 36	0.05216426193118757 0.006209343583678297
45 110 8 62	0.0043859649122807015 0.00029568302779420464
45 110 23 36	0.058875219683655534 0.013897102306327618
45 110 23 62	0.008733624454148471 0.0005913660555884093
45 110 36	0.10409583093581629 0.11028976936723832
45 110 36 64	0.0002738975623116954 0.00029568302779420464
45 110 37 78	0.011904761904761904 0.00029568302779420464
45 110 43 36	0.05263157894736842 0.00029568302779420464
45 110 44 36	0.0527971684200177 0.033707865168539325
45 110 44 62	0.013115916341722794 0.0020697811945594325
45 110 58 36	0.09032258064516129 0.00827912477823773
45 110 62	0.026410998552821998 0.010644589000591367
45 110 62 64	0.0032537960954446853 0.0005913660555884093
45 110 73 36	0.05216426193118757 0.006209343583678297
45 110 73 62	0.0043859649122807015 0.00029568302779420464
45 110 88 36	0.05435651478816946 0.013897102306327618
45 110 104 36	0.16666666666666666 0.00029568302779420464
45 110 109 36	0.06056659068707262 0.024837374334713187
45 110 109 62	0.03821656050955414 0.0017740981667652277
45 110 123 36	0.07068062827225131 0.007983441750443524
46 71 36	0.17391304347826086 0.0011827321111768185
46 71 109 36	0.125 0.00029568302779420464
46 102 23 36	0.07874015748031496 0.01478415138971023
46 102 36	0.06364858807709547 0.1153163808397398
46 102 36 64	0.0018679950186799503 0.0008870490833826139
46 102 50 36	0.006944444444444444 0.00029568302779420464
46 102 88 36	0.07874015748031496 0.01478415138971023
46 102 115 36	0.18549747048903878 0.03252513305736251
46 111 8 36	0.06602457110022711 0.4615612063867534
46 111 8 62	0.01649239139675253 0.013305736250739207
46 111 23 36	0.057125738412424985 0.4293317563571851
46 111 23 62	0.00936085797532701 0.016853932584269662
46 111 36	0.07057775272864102 0.9266706091070372
46 111 36 64	0.0014039731546024834 0.06327616794795979
46 111 36 129	0.0013689910448802351 0.025133057362507392
46 111 37 78	0.005986032590621883 0.005322294500295683
46 111 43 36	0.059602649006622516 0.04139562389118864
46 111 44 36	0.05730258907717537 0.4926079243051449
46 111 44 62	0.02698350524437481 0.0514488468361916
46 111 50 36	0.035659474586982036 0.13010053222945003
46 111 50 62	0.008305647840531562 0.011827321111768185
46 111 56 36	0.00853658536585366 0.0059136605558840925
46 111 56 62	0.013821138211382113 0.005026611472501478
46 111 58 36	0.0590520458709371 0.3633944411590775
46 111 58 62	0.023366714353838816 0.024541691306918984
46 111 62	0.019047903238640886 0.19722057953873448
46 111 62 64	0.0011520544971866495 0.006209343583678297
46 111 62 129	0.0004572473708276177 0.0005913660555884093
46 111 73 36	0.06589661826492767 0.4577173270254287
46 111 73 62	0.01649239139675253 0.013305736250739207
46 111 88 36	0.057089119287345134 0.42814902424600826
46 111 88 62	0.00936085797532701 0.016853932584269662
46 111 108 36	0.06264682850430697 0.023063276167947958
46 111 109 36	0.05274356034361185 0.37463039621525723
46 111 109 62	0.013727847364951333 0.02956830277942046
46 111 115 36	0.05315471045808125 0.12536960378474277
46 111 115 62	0.00400627068454973 0.01212300413956239
46 111 120 62	0.019271948608137045 0.006800709639266706
46 111 121 36	0.017361111111111112 0.011827321111768185
46 111 123 36	0.06021726818720074 0.47959787108219987
46 111 123 62	0.03995560488346282 0.047900650502661145
49 102 36	0.18518518518518517 0.0014784151389710231
49 114 2 36	0.037037037037037035 0.00029568302779420464
49 114 4 36	0.037037037037037035 0.00029568302779420464
49 114 7 36	0.17647058823529413 0.0008870490833826139
49 114 8 36	0.036036036036036036 0.0005913660555884093
49 114 23 36	0.030303030303030304 0.0005913660555884093
49 114 36	0.16204986149584488 0.03282081608515671
49 114 44 36	0.1111111111111111 0.0011827321111768185
49 114 58 36	0.3333333333333333 0.0005913660555884093
49 114 62 64	0.014492753623188406 0.0008870490833826139
49 114 73 36	0.036036036036036036 0.0005913660555884093
49 114 88 36	0.024096385542168676 0.0005913660555884093
49 114 91 36	0.09803921568627451 0.0008870490833826139
49 114 109 36	0.18181818181818182 0.0005913660555884093
49 114 123 36	0.034482758620689655 0.00029568302779420464
50 1 66 36	0.06666666666666667 0.0005913660555884093
50 6 71 36	0.03571428571428571 0.0005913660555884093
50 20 85 36	0.03067484662576687 0.0029568302779420462
50 20 85 62	0.047337278106508875 0.0005913660555884093
50 22 87 36	0.23529411764705882 0.0005913660555884093
50 24 89 36	0.07096774193548387 0.0005913660555884093
50 33 98 36	1.0 0.00029568302779420464
50 35 100 36	0.059322033898305086 0.0020697811945594325
50 37 111 36	0.1757188498402556 0.00029568302779420464
50 39 104 36	0.07851239669421488 0.0008870490833826139
50 39 104 62	0.2 0.00029568302779420464
50 39 105 36	0.031746031746031744 0.0005913660555884093
50 46 111 36	0.055074910318632625 0.004730928444707274
50 46 111 62	0.01821286283437678 0.0008870490833826139
50 50 36	0.8461538461538461 0.0056179775280898875
50 51 116 36	0.08064516129032258 0.0014784151389710231
50 57 122 36	0.02702702702702703 0.00029568302779420464
50 58 123 36	0.5 0.00029568302779420464
50 67 2 36	0.13043478260869565 0.0014784151389710231
50 109 44 36	0.3 0.0005913660555884093
50 115 36	0.8823529411764706 0.006800709639266706
51 14 36	0.07142857142857142 0.0008870490833826139
51 15 100 36	0.06666666666666667 0.006209343583678297
51 30 14 36	0.06060606060606061 0.0005913660555884093
51 30 85 36	0.06607929515418502 0.0035481963335304554
51 30 104 36	0.04040404040404041 0.0011827321111768185
51 51 116 36	0.1 0.0011827321111768185
51 87 36	0.056776556776556776 0.007096392667060911
51 87 44 36	0.04804270462633452 0.006209343583678297
51 87 109 36	0.07692307692307693 0.00827912477823773
51 116 8 36	0.0613905325443787 0.018332347723240685
51 116 8 62	0.03194888178913738 0.0017740981667652277
51 116 23 36	0.07068273092369477 0.020993494973388527
51 116 23 62	0.02857142857142857 0.0008870490833826139
51 116 36	0.09488433327064134 0.1419278533412182
51 116 44 36	0.05730828311473473 0.032229450029568306
51 116 44 62	0.023289665211062592 0.0026611472501478417
51 116 50 36	0.06987951807228916 0.008574807806031934
51 116 50 62	0.043478260869565216 0.0008870490833826139
51 116 58 36	0.06279069767441861 0.01537551744529864
51 116 58 62	0.03759398496240601 0.0014784151389710231
51 116 62	0.033925049309664695 0.01094027202838557
51 116 73 36	0.06030701754385965 0.018036664695446483
51 116 73 62	0.03194888178913738 0.0017740981667652277
51 116 85 36	0.10714285714285714 0.013897102306327618
51 116 88 36	0.07068273092369477 0.020993494973388527
51 116 88 62	0.02857142857142857 0.0008870490833826139
51 116 109 36	0.0699685534591195 0.041986989946777055
51 116 109 62	0.007707129094412331 0.002365464222353637
51 116 115 36	0.0823045267489712 0.011827321111768185
51 116 116 36	0.1038961038961039 0.005026611472501478
51 116 120 62	0.125 0.00029568302779420464
51 116 123 36	0.05370101596516691 0.01537551744529864
51 116 123 62	0.05263157894736842 0.0008870490833826139
51 116 128 36	0.25 0.0017740981667652277
53 18 85 36	0.005201560468140442 0.00029568302779420464
53 83 85 36	0.005201560468140442 0.00029568302779420464
53 118 36	1.0 0.0005913660555884093
53 126 2 36	0.0625 0.00029568302779420464
56 46 111 36	0.025597269624573378 0.0008870490833826139
56 121 36	1.0 0.0008870490833826139
57 15 100 36	0.04946236559139785 0.0014784151389710231
57 18 85 36	0.049570815450643776 0.0020697811945594325
57 27 85 36	0.0677035681610247 0.0014784151389710231
57 27 85 62	0.021739130434782608 0.00029568302779420464
57 27 105 36	0.16666666666666666 0.0005913660555884093
57 30 66 36	0.5 0.00029568302779420464
57 30 85 36	0.07286922576447626 0.004730928444707274
57 34 77 36	0.11764705882352941 0.00029568302779420464
57 34 105 36	0.07446808510638298 0.0005913660555884093
57 52 85 36	0.11834319526627218 0.0014784151389710231
57 52 104 36	0.0375 0.0008870490833826139
57 77 36	0.14102564102564102 0.0026611472501478417
57 77 44 36	0.04081632653061224 0.00029568302779420464
57 77 109 36	0.14084507042253522 0.0005913660555884093
57 83 85 36	0.049753377653870896 0.0020697811945594325
57 85 36	0.10761154855643044 0.0014784151389710231
57 85 123 36	0.15 0.00029568302779420464
57 86 2 36	0.1477832512315271 0.00029568302779420464
57 86 4 36	0.06666666666666667 0.00029568302779420464
57 92 85 36	0.06795224977043159 0.0014784151389710231
57 92 85 62	0.021739130434782608 0.00029568302779420464
57 92 104 36	0.015384615384615385 0.00029568302779420464
57 92 105 36	0.125 0.0011827321111768185
57 93 75 36	0.15053763440860216 0.0011827321111768185
57 93 110 36	0.09090909090909091 0.0011827321111768185
57 95 104 36	0.058333333333333334 0.0011827321111768185
57 99 85 36	0.10096735187424426 0.0020697811945594325
57 99 85 62	0.019736842105263157 0.0005913660555884093
57 104 23 36	0.21428571428571427 0.0008870490833826139
57 104 36	0.12650602409638553 0.00768775872264932
57 104 44 36	0.15789473684210525 0.0008870490833826139
57 104 58 36	0.125 0.0005913660555884093
57 104 109 36	0.12359550561797752 0.0008870490833826139
57 104 123 36	0.037037037037037035 0.00029568302779420464
57 105 8 36	0.06060606060606061 0.0005913660555884093
57 105 23 36	0.16129032258064516 0.0008870490833826139
57 105 36	0.11021505376344086 0.005026611472501478
57 105 58 36	0.16666666666666666 0.0005913660555884093
57 105 73 36	0.06060606060606061 0.0005913660555884093
57 105 109 36	0.125 0.0008870490833826139
57 117 56 36	0.25 0.00029568302779420464
57 117 81 36	0.05 0.00029568302779420464
57 117 104 36	0.022727272727272728 0.0005913660555884093
57 117 105 36	0.06060606060606061 0.0008870490833826139
57 117 110 36	0.125 0.0008870490833826139
57 122 8 36	0.2907801418439716 0.006505026611472502
57 122 23 36	0.0966183574879227 0.0059136605558840925
57 122 36	0.21700223713646533 0.14872856298048492
57 122 44 36	0.03508771929824561 0.0017740981667652277
57 122 44 62	0.03389830508474576 0.00029568302779420464
57 122 50 36	0.02702702702702703 0.00029568302779420464
57 122 58 36	0.2553191489361702 0.0056179775280898875
57 122 62	0.10087719298245613 0.006505026611472502
57 122 73 36	0.2907801418439716 0.006505026611472502
57 122 88 36	0.09569377990430622 0.0059136605558840925
57 122 88 62	0.047619047619047616 0.00029568302779420464
57 122 109 36	0.0707070707070707 0.004730928444707274
57 122 115 36	0.02702702702702703 0.00029568302779420464
57 122 123 36	0.16037735849056603 0.0035481963335304554
57 126 2 36	0.08191126279863481 0.002365464222353637
57 126 4 36	0.06451612903225806 0.0005913660555884093
58 1 66 36	0.0425 0.0014784151389710231
58 6 71 36	0.029490616621983913 0.0017740981667652277
58 8 8 36	0.18181818181818182 0.00029568302779420464
58 8 36	0.21875 0.00029568302779420464
58 8 73 36	0.1762114537444934 0.00029568302779420464
58 8 123 36	0.8571428571428571 0.007096392667060911
58 12 104 36	0.01098901098901099 0.00029568302779420464
58 12 105 36	0.030303030303030304 0.00029568302779420464
58 16 81 36	0.09019607843137255 0.0035481963335304554
58 16 108 36	0.1694915254237288 0.0020697811945594325
58 20 77 36	0.05357142857142857 0.0005913660555884093
58 20 85 36	0.07867543447627995 0.01212300413956239
58 20 85 62	0.01366120218579235 0.0014784151389710231
58 20 104 36	0.20833333333333334 0.0008870490833826139
58 20 122 36	0.15789473684210525 0.0005913660555884093
58 23 58 36	0.5 0.00029568302779420464
58 24 89 36	0.06279733587059944 0.00384387936132466
58 24 89 62	0.022222222222222223 0.0005913660555884093
58 28 77 36	0.2 0.00029568302779420464
58 28 104 36	0.10666666666666667 0.00029568302779420464
58 28 105 36	0.1509433962264151 0.00029568302779420464
58 28 122 36	0.5 0.00029568302779420464
58 35 100 36	0.06424185167690127 0.007096392667060911
58 35 100 62	0.015873015873015872 0.0005913660555884093
58 36	0.13513513513513514 0.0014784151389710231
58 36 101 36	0.09568656997551328 0.002365464222353637
58 36 102 37	1.0 0.00029568302779420464
58 36 127 36	0.025974025974025976 0.00029568302779420464
58 36 127 62	0.07547169811320754 0.0005913660555884093
58 39 104 36	0.03163444639718805 0.002365464222353637
58 39 105 36	0.03197674418604651 0.0017740981667652277
58 40 77 36	0.05333333333333334 0.0020697811945594325
58 40 104 36	0.06564551422319474 0.007392075694855115
58 40 104 62	0.009259259259259259 0.00029568302779420464
58 40 105 36	0.06651108518086347 0.0059136605558840925
58 40 105 62	0.05 0.00029568302779420464
58 40 122 36	0.1 0.0011827321111768185
58 41 106 36	0.06157635467980296 0.0011827321111768185
58 43 108 36	0.23076923076923078 0.0008870490833826139
58 45 110 36	0.06958762886597938 0.0008870490833826139
58 45 110 62	0.034482758620689655 0.00029568302779420464
58 46 102 36	0.06827309236947791 0.005026611472501478
58 46 111 36	0.06035451705043464 0.026611472501478415
58 46 111 62	0.012052778482618624 0.007983441750443524
58 49 114 36	0.034482758620689655 0.00029568302779420464
58 51 116 36	0.05108467459762071 0.007096392667060911
58 51 116 62	0.01485148514851485 0.00029568302779420464
58 53 105 36	1.0 0.00029568302779420464
58 57 122 36	0.16666666666666666 0.00384387936132466
58 58 8 36	0.25 0.00029568302779420464
58 58 36	0.2857142857142857 0.0005913660555884093
58 58 73 36	0.25 0.00029568302779420464
58 63 128 36	0.2 0.00029568302779420464
58 67 2 36	0.08196721311475409 0.0008870490833826139
58 67 4 36	0.14285714285714285 0.00029568302779420464
58 69 2 36	0.25 0.00029568302779420464
58 69 2 62	1.0 0.00029568302779420464
58 73 8 36	0.18791946308724833 0.00029568302779420464
58 73 36	0.2 0.00029568302779420464
58 73 73 36	0.18791946308724833 0.00029568302779420464
58 73 123 36	0.8333333333333334 0.007096392667060911
58 88 58 36	0.3333333333333333 0.00029568302779420464
58 123 23 36	0.5 0.004435245416913069
58 123 36	0.9294117647058824 0.035777646363098756
58 123 58 36	0.1232876712328767 0.0014784151389710231
58 123 62	0.625 0.0014784151389710231
58 123 88 36	0.5 0.004435245416913069
58 123 115 36	0.5 0.00029568302779420464
62	0.7354838709677419 0.033707865168539325
62 13 78	0.122 0.01537551744529864
62 13 78 64	0.0029702970297029703 0.0008870490833826139
62 64 129	0.07391304347826087 0.0026611472501478417
62 64 129 64	0.0013698630136986301 0.00029568302779420464
62 101 8 36	0.8288288288288288 0.019515079834417505
62 101 8 62	0.9821428571428571 0.016262566528681254
62 101 23 36	0.03125 0.00029568302779420464
62 101 36	0.8020851283818714 0.03636901241868717
62 101 44 36	0.022988505747126436 0.002365464222353637
62 101 58 36	0.04411764705882353 0.0008870490833826139
62 101 62	0.9176557863501483 0.033707865168539325
62 101 73 36	0.8288288288288288 0.019515079834417505
62 101 73 62	0.9821428571428571 0.016262566528681254
62 101 109 36	0.012674271229404309 0.0017740981667652277
62 127 8 36	0.7231270358306189 0.016853932584269662
62 127 8 62	0.9821428571428571 0.016262566528681254
62 127 23 36	0.08064516129032258 0.0014784151389710231
62 127 36	0.7995211492418196 0.04701360141927853
62 127 44 36	0.02005730659025788 0.0020697811945594325
62 127 44 62	0.125 0.00029568302779420464
62 127 62	0.8793780193236715 0.033707865168539325
62 127 73 36	0.7231270358306189 0.016853932584269662
62 127 73 62	0.9821428571428571 0.016262566528681254
62 127 88 36	0.08064516129032258 0.0014784151389710231
62 127 109 36	0.011049723756906077 0.0008870490833826139
62 127 109 62	0.014925373134328358 0.00029568302779420464
63 30 85 36	0.20512820512820512 0.0008870490833826139
63 34 77 36	0.06666666666666667 0.00029568302779420464
63 34 104 36	0.020833333333333332 0.00029568302779420464
63 34 105 36	0.09803921568627451 0.0008870490833826139
63 51 116 36	0.25 0.0008870490833826139
63 85 36	0.5 0.00029568302779420464
63 117 77 36	0.06666666666666667 0.00029568302779420464
63 117 104 36	0.020833333333333332 0.00029568302779420464
63 117 105 36	0.09803921568627451 0.0008870490833826139
63 117 122 36	0.3333333333333333 0.00029568302779420464
63 128 23 36	0.1111111111111111 0.0008870490833826139
63 128 36	0.10304942166140904 0.012418687167356593
63 128 44 36	0.03296703296703297 0.0008870490833826139
63 128 62	0.06315789473684211 0.0011827321111768185
63 128 88 36	0.1111111111111111 0.0008870490833826139
63 128 109 36	0.06060606060606061 0.0005913660555884093
67 2 8 36	0.33707865168539325 0.002365464222353637
67 2 23 36	0.17567567567567569 0.0035481963335304554
67 2 36	0.5431502715751357 0.11295091661738617
67 2 44 36	0.11764705882352941 0.002365464222353637
67 2 50 36	0.25806451612903225 0.0026611472501478417
67 2 62	0.2564102564102564 0.0029568302779420462
67 2 73 36	0.32989690721649484 0.0029568302779420462
67 2 88 36	0.16129032258064516 0.004730928444707274
67 2 115 36	0.21052631578947367 0.0026611472501478417
67 2 123 36	0.08196721311475409 0.0014784151389710231
67 2 123 62	0.14285714285714285 0.00029568302779420464
67 4 23 36	0.08695652173913043 0.0005913660555884093
67 4 36	0.3130434782608696 0.008574807806031934
67 4 88 36	0.07407407407407407 0.0005913660555884093
67 4 123 36	0.25 0.00029568302779420464
67 4 123 62	0.3333333333333333 0.00029568302779420464
67 6 71 36	0.04983922829581994 0.004730928444707274
67 6 102 36	0.125 0.00029568302779420464
67 21 77 36	0.08808290155440414 0.0059136605558840925
67 21 85 36	0.09563618704037741 0.025133057362507392
67 21 85 62	0.009854158454867954 0.00384387936132466
67 21 105 36	0.02 0.0005913660555884093
67 21 122 36	0.15228426395939088 0.005026611472501478
67 30 85 36	0.03571428571428571 0.0005913660555884093
67 38 100 36	0.08333333333333333 0.00029568302779420464
67 55 36	0.5 0.00029568302779420464
67 61 77 36	0.052878965922444184 0.00827912477823773
67 61 77 62	0.01875 0.00029568302779420464
67 61 85 36	0.09085475194261805 0.014488468361916026
67 61 85 62	0.014925373134328358 0.0017740981667652277
67 61 104 36	0.07497565725413827 0.023063276167947958
67 61 105 36	0.07021276595744681 0.020993494973388527
67 61 118 36	0.0625 0.00029568302779420464
67 61 122 36	0.08571428571428572 0.0056179775280898875
69 2 36	0.32142857142857145 0.006800709639266706
69 2 88 36	0.2962962962962963 0.0014784151389710231
69 4 36	0.9389312977099237 0.01596688350088705
69 4 58 36	1.0 0.00029568302779420464
69 6 71 36	0.058823529411764705 0.0011827321111768185
69 21 77 36	0.061224489795918366 0.0014784151389710231
69 21 85 36	0.10129648098019661 0.006800709639266706
69 21 85 62	0.030595813204508857 0.0014784151389710231
69 61 85 36	0.04684684684684685 0.0017740981667652277
69 61 104 36	0.06016597510373444 0.0035481963335304554
69 61 105 36	0.050473186119873815 0.002365464222353637
69 61 122 36	0.06666666666666667 0.0005913660555884093
72 7 36	1.0 0.0005913660555884093
72 30 85 36	0.030303030303030304 0.00029568302779420464
72 49 114 36	0.16666666666666666 0.00029568302779420464
72 56 85 36	0.030303030303030304 0.00029568302779420464
72 99 85 36	0.030303030303030304 0.00029568302779420464
73 6 71 36	0.1076388888888889 0.0035481963335304554
73 6 102 36	0.2 0.0008870490833826139
73 8 8 36	0.43669724770642204 0.0127143701951508
73 8 8 62	0.23728813559322035 0.0008870490833826139
73 8 36	0.6099476439790575 0.028385570668243643
73 8 73 36	0.5061855670103093 0.013010053222945003
73 10 75 36	0.24 0.0008870490833826139
73 12 77 36	0.09090909090909091 0.0005913660555884093
73 12 105 36	0.058823529411764705 0.0008870490833826139
73 16 81 36	0.06349206349206349 0.0029568302779420462
73 16 81 62	0.045454545454545456 0.0005913660555884093
73 16 108 62	0.2857142857142857 0.0005913660555884093
73 20 85 36	0.04755967224795155 0.011235955056179775
73 24 89 36	0.06832298136645963 0.004139562389118865
73 24 89 62	0.029411764705882353 0.0008870490833826139
73 33 98 36	1.0 0.0005913660555884093
73 35 100 36	0.051264367816091956 0.006505026611472502
73 36	0.2647058823529412 0.004435245416913069
73 36 5 70	0.0784313725490196 0.0005913660555884093
73 36 13 78	0.021164021164021163 0.0011827321111768185
73 36 64 129	0.024844720496894408 0.0011827321111768185
73 36 101 36	0.2579567287611728 0.00827912477823773
73 36 101 62	0.5912162162162162 0.0026611472501478417
73 36 127 36	0.7543103448275862 0.0026611472501478417
73 36 127 62	0.7495291902071564 0.0026611472501478417
73 37 102 36	0.1267605633802817 0.0017740981667652277
73 39 104 36	0.0821529745042493 0.006505026611472502
73 39 105 36	0.06553398058252427 0.00384387936132466
73 40 77 36	0.1206896551724138 0.0017740981667652277
73 40 104 36	0.10208333333333333 0.0056179775280898875
73 40 105 36	0.14339622641509434 0.008870490833826138
73 43 108 36	0.075 0.0005913660555884093
73 45 110 36	0.05043859649122807 0.0017740981667652277
73 46 102 36	0.08203125 0.0026611472501478417
73 46 111 36	0.06764977800098158 0.021584861028976936
73 46 111 62	0.02679228617694686 0.005322294500295683
73 51 116 36	0.058435438265786996 0.0059136605558840925
73 51 116 62	0.11726384364820847 0.0008870490833826139
73 62	0.4 0.0008870490833826139
73 62 101 36	0.7264653641207816 0.0011827321111768185
73 62 101 62	0.7913669064748201 0.0008870490833826139
73 62 127 36	0.6851851851851852 0.0014784151389710231
73 62 127 62	0.6559139784946236 0.0008870490833826139
73 67 2 36	0.28169014084507044 0.0014784151389710231
73 73 8 36	0.4146700294241278 0.0127143701951508
73 73 8 62	0.3181818181818182 0.0008870490833826139
73 73 36	0.6078947368421053 0.027794204612655235
73 73 73 36	0.4146700294241278 0.0127143701951508
73 73 123 36	0.2222222222222222 0.00029568302779420464
73 109 44 36	0.33766233766233766 0.0008870490833826139
73 123 36	0.14285714285714285 0.00029568302779420464
73 123 58 36	0.4461538461538462 0.005322294500295683
73 123 123 36	0.25 0.00029568302779420464
79 6 71 36	0.15254237288135594 0.0008870490833826139
79 14 36	1.0 0.004139562389118865
79 15 100 36	0.03125 0.00029568302779420464
79 18 85 36	0.04979811574697174 0.00029568302779420464
79 18 85 62	0.05084745762711865 0.00029568302779420464
79 18 122 36	0.16666666666666666 0.00029568302779420464
79 21 85 36	0.24444444444444444 0.00029568302779420464
79 28 85 36	0.5 0.00029568302779420464
79 30 85 36	0.03571428571428571 0.0011827321111768185
79 38 100 36	0.0847457627118644 0.0005913660555884093
79 52 104 36	0.10666666666666667 0.00029568302779420464
79 56 36	1.0 0.00029568302779420464
79 83 85 36	0.04979811574697174 0.00029568302779420464
79 83 85 62	0.05084745762711865 0.00029568302779420464
79 83 104 36	0.08333333333333333 0.00029568302779420464
79 83 122 36	0.16666666666666666 0.00029568302779420464
79 98 36	1.0 0.00029568302779420464
79 116 36	0.07142857142857142 0.0005913660555884093
88 1 66 36	0.03090507726269316 0.002365464222353637
88 6 71 36	0.043478260869565216 0.0029568302779420462
88 10 75 36	0.02531645569620253 0.0005913660555884093
88 12 85 36	0.0625 0.00029568302779420464
88 12 104 36	0.06306306306306306 0.0008870490833826139
88 12 104 62	0.25 0.00029568302779420464
88 16 81 36	0.051643192488262914 0.0029568302779420462
88 16 108 36	0.07142857142857142 0.0005913660555884093
88 20 85 36	0.09523809523809523 0.009757539917208752
88 22 87 36	0.0967741935483871 0.0008870490833826139
88 23 8 36	0.25 0.00029568302779420464
88 23 36	0.9202898550724637 0.03636901241868717
88 23 62	0.5454545454545454 0.0017740981667652277
88 23 73 36	0.25 0.00029568302779420464
88 23 109 36	0.125 0.0005913660555884093
88 24 89 36	0.08844339622641509 0.004435245416913069
88 35 100 36	0.05467123379676271 0.011827321111768185
88 35 100 62	0.020512820512820513 0.0029568302779420462
88 36	0.1276595744680851 0.0017740981667652277
88 36 5 70	0.13445378151260504 0.0005913660555884093
88 36 64 129	0.021739130434782608 0.0005913660555884093
88 36 101 36	0.14110805019895928 0.00384387936132466
88 36 101 62	0.008 0.00029568302779420464
88 36 129 64	0.0625 0.0005913660555884093
88 37 111 36	0.07776049766718507 0.00029568302779420464
88 39 104 36	0.07605177993527508 0.006505026611472502
88 39 105 36	0.04961832061068702 0.002365464222353637
88 39 122 36	0.21428571428571427 0.0005913660555884093
88 40 104 36	0.06761177753544166 0.006505026611472502
88 40 105 36	0.06466165413533835 0.0059136605558840925
88 45 81 62	0.16666666666666666 0.00029568302779420464
88 45 110 36	0.05751072961373391 0.0035481963335304554
88 46 102 36	0.08947368421052632 0.004435245416913069
88 46 111 36	0.05478666046714086 0.031046717918391486
88 46 111 62	0.009953030641914561 0.006505026611472502
88 49 114 36	0.030303030303030304 0.00029568302779420464
88 51 87 36	0.041666666666666664 0.0005913660555884093
88 51 116 36	0.06724003127443315 0.005322294500295683
88 57 122 36	0.0947867298578199 0.0026611472501478417
88 58 123 36	0.4482758620689655 0.004435245416913069
88 62 127 36	0.07575757575757576 0.0005913660555884093
88 67 2 36	0.09219858156028368 0.002365464222353637
88 67 4 36	0.3333333333333333 0.0008870490833826139
88 67 55 36	1.0 0.00029568302779420464
88 69 2 36	0.07692307692307693 0.0005913660555884093
88 88 36	0.9197080291970803 0.036073329390892965
88 88 73 36	0.25 0.00029568302779420464
96 6 71 36	0.044326241134751775 0.0020697811945594325
96 21 85 36	0.13934426229508196 0.0005913660555884093
96 31 36	1.0 0.002365464222353637
96 38 100 36	0.0456989247311828 0.0011827321111768185
96 61 77 36	0.25 0.0005913660555884093
96 61 104 36	0.12048192771084337 0.0005913660555884093
96 61 105 36	0.12727272727272726 0.0005913660555884093
96 61 122 36	0.5 0.00029568302779420464
108 20 85 36	0.06 0.00029568302779420464
108 24 89 36	0.1038961038961039 0.0005913660555884093
108 35 100 36	0.04602510460251046 0.0005913660555884093
108 45 110 36	0.05263157894736842 0.00029568302779420464
108 46 111 36	0.058695652173913045 0.0011827321111768185
108 46 111 62	0.015544041450777202 0.00029568302779420464
108 57 85 36	0.030303030303030304 0.00029568302779420464
109 1 66 36	0.08048937540244688 0.008870490833826138
109 1 66 62	0.07450980392156863 0.002365464222353637
109 6 71 36	0.05786163522012579 0.009757539917208752
109 6 102 36	0.0958904109589041 0.0026611472501478417
109 10 75 36	0.10747663551401869 0.0020697811945594325
109 12 77 62	0.02857142857142857 0.00029568302779420464
109 12 85 36	0.08721804511278196 0.0011827321111768185
109 12 85 62	0.21311475409836064 0.0008870490833826139
109 12 104 36	0.08620689655172414 0.005026611472501478
109 12 104 62	0.1111111111111111 0.0005913660555884093
109 12 105 36	0.06119402985074627 0.004435245416913069
109 12 122 36	0.044444444444444446 0.0005913660555884093
109 16 81 36	0.04904051172707889 0.006800709639266706
109 16 108 36	0.04824561403508772 0.0029568302779420462
109 20 85 36	0.05442176870748299 0.013305736250739207
109 20 85 62	0.07350901525658807 0.003252513305736251
109 22 87 36	0.10299003322259136 0.004139562389118865
109 22 87 62	0.28205128205128205 0.0020697811945594325
109 22 116 36	0.04736842105263158 0.0014784151389710231
109 22 116 62	0.058823529411764705 0.0005913660555884093
109 24 89 36	0.09554140127388536 0.003252513305736251
109 35 100 36	0.05647571291090513 0.011531638083973979
109 35 100 62	0.07935341660543718 0.004139562389118865
109 36	0.05 0.0011827321111768185
109 36 101 36	0.07939418636240152 0.006505026611472502
109 36 127 36	0.02197802197802198 0.0017740981667652277
109 36 127 62	0.025179856115107913 0.0020697811945594325
109 37 71 36	0.08053691275167785 0.003252513305736251
109 37 102 36	0.059880239520958084 0.004139562389118865
109 39 104 36	0.05057471264367816 0.004435245416913069
109 39 105 36	0.05075187969924812 0.003252513305736251
109 40 77 36	0.059602649006622516 0.0017740981667652277
109 40 104 36	0.07188940092165899 0.006209343583678297
109 40 104 62	0.06896551724137931 0.0017740981667652277
109 40 105 36	0.06060606060606061 0.00384387936132466
109 40 122 36	0.18181818181818182 0.0014784151389710231
109 41 106 36	0.12935883014623173 0.0029568302779420462
109 43 81 36	0.0448642266824085 0.004139562389118865
109 43 108 36	0.0368763557483731 0.004139562389118865
109 43 110 36	0.06756756756756757 0.0008870490833826139
109 44 8 36	0.32 0.0008870490833826139
109 44 8 62	0.33962264150943394 0.0008870490833826139
109 44 36	0.43555555555555553 0.03429923122412774
109 44 44 36	0.14623338257016247 0.007096392667060911
109 44 44 62	0.16939890710382513 0.0017740981667652277
109 44 50 36	0.375 0.0008870490833826139
109 44 50 62	0.6666666666666666 0.0005913660555884093
109 44 62	0.3167701863354037 0.005026611472501478
109 44 73 36	0.32 0.0008870490833826139
109 44 73 62	0.33962264150943394 0.0008870490833826139
109 44 109 36	0.07890070921985816 0.0127143701951508
109 44 115 62	0.6666666666666666 0.0005913660555884093
109 45 110 36	0.05076440611524892 0.014488468361916026
109 45 110 62	0.04728877679697352 0.004730928444707274
109 46 102 36	0.04826254826254826 0.004435245416913069
109 46 111 36	0.059342501729333 0.03252513305736251
109 46 111 62	0.0717067275412918 0.01212300413956239
109 50 115 36	0.2 0.00029568302779420464
109 51 87 36	0.03825136612021858 0.0020697811945594325
109 51 116 36	0.057139284821205304 0.013010053222945003
109 51 116 62	0.06389157792836399 0.0026611472501478417
109 57 122 36	0.03463203463203463 0.002365464222353637
109 62 101 36	0.0018050541516245488 0.00029568302779420464
109 62 127 36	0.019021739130434784 0.0011827321111768185
109 63 128 36	0.031914893617021274 0.0008870490833826139
109 109 36	0.06493506493506493 0.0014784151389710231
109 109 44 36	0.16886930983847284 0.007983441750443524
109 109 44 62	0.19487179487179487 0.002365464222353637
109 109 62	0.16666666666666666 0.0005913660555884093
115 1 66 36	0.06666666666666667 0.0005913660555884093
115 6 71 36	0.03571428571428571 0.0005913660555884093
115 20 85 36	0.03067484662576687 0.0029568302779420462
115 20 85 62	0.047337278106508875 0.0005913660555884093
115 22 87 36	0.23529411764705882 0.0005913660555884093
115 22 87 62	0.5 0.00029568302779420464
115 24 89 36	0.005649717514124294 0.0005913660555884093
115 33 98 36	1.0 0.00029568302779420464
115 35 100 36	0.059322033898305086 0.0020697811945594325
115 37 111 36	0.006944444444444444 0.00029568302779420464
115 39 77 36	0.10714285714285714 0.0005913660555884093
115 39 104 36	0.07468879668049792 0.0005913660555884093
115 39 105 36	0.00847457627118644 0.00029568302779420464
115 40 105 36	0.034482758620689655 0.0005913660555884093
115 46 111 36	0.0382269428962036 0.0059136605558840925
115 46 111 62	0.020539906103286387 0.0011827321111768185
115 50 36	0.8125 0.006800709639266706
115 51 116 36	0.06839622641509434 0.0014784151389710231
115 57 122 36	0.02702702702702703 0.00029568302779420464
115 58 123 36	0.5 0.00029568302779420464
115 67 2 36	0.16666666666666666 0.0017740981667652277
115 109 44 36	0.3 0.0005913660555884093
115 109 109 36	0.125 0.00029568302779420464
115 109 109 62	0.5 0.00029568302779420464
115 115 36	0.8461538461538461 0.0056179775280898875
120 2 23 36	1.0 0.00029568302779420464
120 2 36	0.3333333333333333 0.00029568302779420464
120 2 88 36	1.0 0.0005913660555884093
120 6 71 36	0.25 0.00029568302779420464
120 21 85 36	0.1459227467811159 0.0005913660555884093
120 55 36	1.0 0.0011827321111768185
120 61 77 36	0.5 0.00029568302779420464
121 30 85 36	0.048406139315230225 0.0029568302779420462
121 35 100 36	0.0502092050209205 0.00029568302779420464
121 35 100 62	0.3 0.00029568302779420464
121 46 111 36	0.016329704510108865 0.0005913660555884093
121 46 111 62	0.10714285714285714 0.00029568302779420464
121 52 104 36	0.10952380952380952 0.0005913660555884093
121 52 105 36	0.07 0.0005913660555884093
121 56 36	1.0 0.006505026611472502
121 56 104 36	0.0449438202247191 0.0005913660555884093
121 56 105 36	0.08333333333333333 0.00029568302779420464
123 1 66 36	0.025547445255474453 0.0008870490833826139
123 6 71 36	0.08018867924528301 0.0005913660555884093
123 10 75 36	0.10869565217391304 0.00029568302779420464
123 12 105 36	0.03409090909090909 0.0008870490833826139
123 16 81 36	0.125 0.002365464222353637
123 16 108 36	0.03125 0.00029568302779420464
123 20 85 36	0.08943445857080227 0.009166173861620342
123 20 85 62	0.05263157894736842 0.0011827321111768185
123 23 58 36	0.7142857142857143 0.0014784151389710231
123 23 123 36	0.3333333333333333 0.00029568302779420464
123 24 89 36	0.1875 0.002365464222353637
123 24 89 62	0.05 0.00029568302779420464
123 35 100 36	0.07374263706388763 0.006505026611472502
123 35 100 62	0.014209591474245116 0.0011827321111768185
123 36	0.13513513513513514 0.0014784151389710231
123 36 101 36	0.11877484217909749 0.002365464222353637
123 36 102 37	1.0 0.00029568302779420464
123 36 129	0.3333333333333333 0.00029568302779420464
123 37 102 36	0.07692307692307693 0.00029568302779420464
123 39 104 36	0.07158351409978309 0.004139562389118865
123 39 105 36	0.10069444444444445 0.005026611472501478
123 39 105 62	0.1111111111111111 0.00029568302779420464
123 40 77 36	0.07142857142857142 0.0005913660555884093
123 40 104 36	0.04291845493562232 0.0017740981667652277
123 40 105 36	0.11328125 0.004139562389118865
123 40 122 36	0.16666666666666666 0.0005913660555884093
123 41 106 36	0.03524229074889868 0.0005913660555884093
123 43 108 36	0.2857142857142857 0.0005913660555884093
123 45 110 36	0.08860759493670886 0.0014784151389710231
123 45 110 62	0.022727272727272728 0.00029568302779420464
123 46 102 36	0.058823529411764705 0.0026611472501478417
123 46 111 36	0.06073680716893462 0.018923713778829097
123 46 111 62	0.016091417910447763 0.006505026611472502
123 49 114 36	0.3333333333333333 0.00029568302779420464
123 51 116 36	0.06199770378874857 0.004139562389118865
123 51 116 62	0.007142857142857143 0.00029568302779420464
123 57 105 36	0.06060606060606061 0.00029568302779420464
123 57 122 36	0.25 0.004139562389118865
123 58 8 36	0.40816326530612246 0.005322294500295683
123 58 36	0.8252427184466019 0.02365464222353637
123 58 58 36	0.0625 0.00029568302779420464
123 58 62	0.5 0.0005913660555884093
123 58 73 36	0.4166666666666667 0.0059136605558840925
123 58 123 36	0.1232876712328767 0.0014784151389710231
123 88 58 36	0.7142857142857143 0.0014784151389710231
123 121 36	1.0 0.00029568302779420464
123 123 36	0.2857142857142857 0.0005913660555884093
123 123 58 36	0.0625 0.00029568302779420464
