3	1.0 1.0
3 68 3	1.0 1.0
3 68 30 3	1.0 1.0
3 68 95 3	1.0 1.0
18 18 3	1.0 0.25
18 18 18 3	1.0 0.25
18 18 27 3	1.0 0.25
18 18 83 3	1.0 0.25
18 18 92 3	1.0 0.25
18 18 95 3	1.0 0.25
18 19 84 3	1.0 0.25
18 27 3	1.0 0.25
18 27 18 3	1.0 0.25
18 27 27 3	1.0 0.25
18 27 52 3	1.0 0.25
18 27 83 3	1.0 0.25
18 27 92 3	1.0 0.25
18 27 95 3	1.0 0.25
18 34 99 3	1.0 0.25
18 45 110 3	1.0 0.25
18 56 30 3	1.0 0.25
18 77 20 3	1.0 0.25
18 83 3	1.0 0.25
18 83 18 3	1.0 0.25
18 83 27 3	1.0 0.25
18 83 83 3	1.0 0.25
18 83 92 3	1.0 0.25
18 83 95 3	1.0 0.25
18 85 12 3	1.0 0.25
18 85 20 3	1.0 0.25
18 85 39 3	1.0 0.25
18 85 40 3	1.0 0.25
18 86 21 3	1.0 0.25
18 86 61 3	1.0 0.25
18 92 3	1.0 0.25
18 92 18 3	1.0 0.25
18 92 27 3	1.0 0.25
18 92 83 3	1.0 0.25
18 92 92 3	1.0 0.25
18 92 95 3	1.0 0.25
18 95 21 3	1.0 0.25
18 95 30 3	1.0 0.25
18 104 20 3	1.0 0.25
18 105 20 3	1.0 0.25
18 126 21 3	1.0 0.25
19 84 3	1.0 0.25
19 84 18 3	1.0 0.25
19 84 30 3	1.0 0.25
19 84 52 3	1.0 0.25
19 84 83 3	1.0 0.25
19 84 92 3	1.0 0.25
19 84 95 3	1.0 0.25
19 121 18 3	1.0 0.25
19 121 83 3	1.0 0.25
19 126 21 3	1.0 0.25
27 18 3	1.0 0.25
27 18 18 3	1.0 0.25
27 18 27 3	1.0 0.25
27 18 83 3	1.0 0.25
27 18 92 3	1.0 0.25
27 18 95 3	1.0 0.25
27 19 84 3	1.0 0.25
27 27 3	1.0 0.25
27 27 18 3	1.0 0.25
27 27 27 3	1.0 0.25
27 27 92 3	1.0 0.25
27 27 95 3	1.0 0.25
27 45 110 3	1.0 0.25
27 77 20 3	1.0 0.25
27 83 3	1.0 0.25
27 83 18 3	1.0 0.25
27 83 27 3	1.0 0.25
27 83 83 3	1.0 0.25
27 83 92 3	1.0 0.25
27 83 95 3	1.0 0.25
27 85 20 3	1.0 0.25
27 85 39 3	1.0 0.25
27 85 40 3	1.0 0.25
27 86 21 3	1.0 0.25
27 86 61 3	1.0 0.25
27 92 3	1.0 0.25
27 92 18 3	1.0 0.25
27 92 83 3	1.0 0.25
27 92 92 3	1.0 0.25
27 92 95 3	1.0 0.25
27 95 30 3	1.0 0.25
27 105 20 3	1.0 0.25
27 126 21 3	1.0 0.25
30 3	1.0 0.75
30 3 68 3	1.0 0.75
30 18 18 3	1.0 0.75
30 18 27 3	1.0 0.75
30 18 83 3	1.0 0.75
30 18 92 3	1.0 0.75
30 19 84 3	1.0 0.75
30 27 18 3	1.0 0.75
30 27 27 3	1.0 0.75
30 27 83 3	1.0 0.75
30 27 92 3	1.0 0.75
30 34 99 3	1.0 0.75
30 45 110 3	1.0 0.75
30 66 1 3	1.0 0.75
30 66 20 3	1.0 0.75
30 77 12 3	1.0 0.75
30 77 20 3	1.0 0.75
30 83 18 3	1.0 0.75
30 83 27 3	1.0 0.75
30 83 83 3	1.0 0.75
30 83 92 3	1.0 0.75
30 85 1 3	1.0 0.75
30 85 12 3	1.0 0.75
30 85 20 3	1.0 0.75
30 85 39 3	1.0 0.75
30 85 40 3	1.0 0.75
30 85 57 3	1.0 0.75
30 86 21 3	1.0 0.75
30 86 30 3	1.0 0.75
30 86 61 3	1.0 0.75
30 92 18 3	1.0 0.75
30 92 27 3	1.0 0.75
30 92 83 3	1.0 0.75
30 92 92 3	1.0 0.75
30 95 3	1.0 0.75
30 95 21 3	1.0 0.75
30 95 30 3	1.0 0.75
30 95 33 3	1.0 0.75
30 95 52 3	1.0 0.75
30 98 30 3	1.0 0.75
30 98 33 3	1.0 0.75
30 98 52 3	1.0 0.75
30 104 20 3	1.0 0.75
30 104 39 3	1.0 0.75
30 105 20 3	1.0 0.75
30 105 40 3	1.0 0.75
30 117 30 3	1.0 0.75
30 117 33 3	1.0 0.75
30 117 52 3	1.0 0.75
30 122 20 3	1.0 0.75
30 122 57 3	1.0 0.75
30 126 21 3	1.0 0.75
30 126 61 3	1.0 0.75
34 30 83 3	1.0 0.25
34 77 20 3	1.0 0.25
34 99 3	1.0 0.25
34 99 83 3	1.0 0.25
34 99 95 3	1.0 0.25
34 104 20 3	1.0 0.25
34 105 20 3	1.0 0.25
34 122 20 3	1.0 0.25
34 126 21 3	1.0 0.25
45 108 12 3	1.0 0.25
45 108 20 3	1.0 0.25
45 110 3	1.0 0.25
45 110 18 3	1.0 0.25
45 110 27 3	1.0 0.25
45 110 83 3	1.0 0.25
45 110 92 3	1.0 0.25
45 110 95 3	1.0 0.25
66 1 3	1.0 0.25
66 20 3	1.0 0.25
77 8 20 3	1.0 0.25
77 12 3	1.0 0.25
77 12 83 3	1.0 0.25
77 12 95 3	1.0 0.25
77 20 3	1.0 0.25
77 20 18 3	1.0 0.25
77 20 83 3	1.0 0.25
77 20 95 3	1.0 0.25
77 43 30 3	1.0 0.25
77 120 21 3	1.0 0.25
83 18 3	1.0 0.25
83 18 18 3	1.0 0.25
83 18 27 3	1.0 0.25
83 18 83 3	1.0 0.25
83 18 92 3	1.0 0.25
83 18 95 3	1.0 0.25
83 19 84 3	1.0 0.25
83 27 3	1.0 0.25
83 27 18 3	1.0 0.25
83 27 27 3	1.0 0.25
83 27 83 3	1.0 0.25
83 27 92 3	1.0 0.25
83 27 95 3	1.0 0.25
83 45 110 3	1.0 0.25
83 56 30 3	1.0 0.25
83 77 12 3	1.0 0.25
83 83 3	1.0 0.25
83 83 18 3	1.0 0.25
83 83 27 3	1.0 0.25
83 83 83 3	1.0 0.25
83 83 92 3	1.0 0.25
83 83 95 3	1.0 0.25
83 85 12 3	1.0 0.25
83 85 20 3	1.0 0.25
83 85 39 3	1.0 0.25
83 85 40 3	1.0 0.25
83 86 21 3	1.0 0.25
83 86 61 3	1.0 0.25
83 92 3	1.0 0.25
83 92 18 3	1.0 0.25
83 92 27 3	1.0 0.25
83 92 83 3	1.0 0.25
83 92 92 3	1.0 0.25
83 92 95 3	1.0 0.25
83 95 30 3	1.0 0.25
83 104 20 3	1.0 0.25
83 105 20 3	1.0 0.25
83 122 20 3	1.0 0.25
83 126 21 3	1.0 0.25
83 126 61 3	1.0 0.25
85 1 3	1.0 0.25
85 1 95 3	1.0 0.25
85 8 12 3	1.0 0.25
85 8 20 3	1.0 0.25
85 10 30 3	1.0 0.25
85 12 3	1.0 0.25
85 12 18 3	1.0 0.25
85 12 27 3	1.0 0.25
85 12 30 3	1.0 0.25
85 12 83 3	1.0 0.25
85 12 92 3	1.0 0.25
85 12 95 3	1.0 0.25
85 12 99 3	1.0 0.25
85 16 30 3	1.0 0.25
85 20 3	1.0 1.0
85 20 18 3	1.0 0.5
85 20 27 3	1.0 0.25
85 20 30 3	1.0 1.0
85 20 83 3	1.0 0.5
85 20 92 3	1.0 0.25
85 20 95 3	1.0 0.75
85 23 20 3	1.0 0.25
85 39 3	1.0 0.25
85 39 18 3	1.0 0.25
85 39 30 3	1.0 0.5
85 39 83 3	1.0 0.25
85 39 92 3	1.0 0.25
85 39 95 3	1.0 0.25
85 39 99 3	1.0 0.25
85 40 3	1.0 0.25
85 40 18 3	1.0 0.25
85 40 27 3	1.0 0.25
85 40 30 3	1.0 0.25
85 40 83 3	1.0 0.25
85 40 95 3	1.0 0.25
85 40 99 3	1.0 0.25
85 43 21 3	1.0 0.5
85 43 30 3	1.0 0.5
85 43 110 3	1.0 0.25
85 44 20 3	1.0 0.75
85 45 30 3	1.0 0.25
85 50 20 3	1.0 0.5
85 57 3	1.0 0.25
85 57 83 3	1.0 0.25
85 57 95 3	1.0 0.25
85 58 20 3	1.0 0.25
85 67 21 3	1.0 0.25
85 67 61 3	1.0 0.25
85 69 21 3	1.0 0.25
85 73 20 3	1.0 0.25
85 79 30 3	1.0 0.25
85 88 20 3	1.0 0.25
85 109 20 3	1.0 0.75
85 115 20 3	1.0 0.5
85 121 30 3	1.0 0.25
85 123 20 3	1.0 0.25
86 2 20 3	1.0 0.25
86 2 57 3	1.0 0.25
86 4 20 3	1.0 0.25
86 21 3	1.0 0.25
86 21 18 3	1.0 0.25
86 21 27 3	1.0 0.25
86 21 83 3	1.0 0.25
86 21 92 3	1.0 0.25
86 21 95 3	1.0 0.25
86 30 3	1.0 0.25
86 30 95 3	1.0 0.25
86 61 3	1.0 0.25
86 61 18 3	1.0 0.25
86 61 27 3	1.0 0.25
86 61 83 3	1.0 0.25
86 61 84 3	1.0 0.25
86 61 92 3	1.0 0.25
86 61 95 3	1.0 0.25
86 61 99 3	1.0 0.25
86 108 20 3	1.0 0.25
92 18 3	1.0 0.25
92 18 18 3	1.0 0.25
92 18 27 3	1.0 0.25
92 18 83 3	1.0 0.25
92 18 92 3	1.0 0.25
92 18 95 3	1.0 0.25
92 19 84 3	1.0 0.25
92 27 3	1.0 0.5
92 27 18 3	1.0 0.5
92 27 27 3	1.0 0.5
92 27 30 3	1.0 0.5
92 27 83 3	1.0 0.5
92 27 92 3	1.0 0.5
92 27 95 3	1.0 0.25
92 45 110 3	1.0 0.25
92 77 20 3	1.0 0.25
92 83 3	1.0 0.25
92 83 18 3	1.0 0.25
92 83 27 3	1.0 0.25
92 83 83 3	1.0 0.25
92 83 92 3	1.0 0.25
92 83 95 3	1.0 0.25
92 85 20 3	1.0 0.25
92 85 39 3	1.0 0.25
92 86 21 3	1.0 0.25
92 86 61 3	1.0 0.25
92 92 3	1.0 0.25
92 92 18 3	1.0 0.25
92 92 27 3	1.0 0.25
92 92 30 3	1.0 0.25
92 92 83 3	1.0 0.25
92 92 92 3	1.0 0.25
92 92 95 3	1.0 0.25
92 95 30 3	1.0 0.5
92 102 20 3	1.0 0.25
92 104 20 3	1.0 0.25
92 105 20 3	1.0 0.25
92 126 21 3	1.0 0.25
95 3	1.0 0.25
95 3 68 3	1.0 0.25
95 14 20 3	1.0 0.25
95 19 84 3	1.0 0.25
95 21 3	1.0 0.25
95 21 95 3	1.0 0.25
95 27 18 3	1.0 0.25
95 27 27 3	1.0 0.25
95 27 30 3	1.0 0.25
95 27 92 3	1.0 0.25
95 30 3	1.0 0.75
95 30 18 3	1.0 0.75
95 30 27 3	1.0 0.25
95 30 30 3	1.0 0.5
95 30 83 3	1.0 0.75
95 30 92 3	1.0 0.25
95 30 95 3	1.0 0.25
95 32 30 3	1.0 0.25
95 33 3	1.0 0.25
95 33 30 3	1.0 0.25
95 33 95 3	1.0 0.25
95 52 3	1.0 0.25
95 52 95 3	1.0 0.25
95 59 30 3	1.0 0.25
95 75 20 3	1.0 0.25
95 81 20 3	1.0 0.25
95 85 20 3	1.0 0.25
95 92 27 3	1.0 0.25
95 92 30 3	1.0 0.25
95 92 92 3	1.0 0.25
95 95 30 3	1.0 0.25
95 104 20 3	1.0 0.25
95 105 20 3	1.0 0.75
95 108 12 3	1.0 0.25
95 108 20 3	1.0 0.25
95 110 20 3	1.0 0.25
95 121 18 3	1.0 0.5
95 121 83 3	1.0 0.5
98 27 27 3	1.0 0.25
98 30 3	1.0 0.25
98 30 95 3	1.0 0.25
98 52 3	1.0 0.25
104 20 3	1.0 0.25
104 20 27 3	1.0 0.25
104 20 83 3	1.0 0.25
104 20 92 3	1.0 0.25
104 20 95 3	1.0 0.25
104 39 3	1.0 0.25
104 39 95 3	1.0 0.25
105 16 30 3	1.0 0.25
105 20 3	1.0 0.25
105 20 92 3	1.0 0.25
105 20 95 3	1.0 0.25
105 40 3	1.0 0.25
105 40 95 3	1.0 0.25
117 27 18 3	1.0 0.25
117 27 27 3	1.0 0.25
117 27 83 3	1.0 0.25
117 27 92 3	1.0 0.25
117 30 3	1.0 0.25
117 30 95 3	1.0 0.25
117 33 3	1.0 0.25
117 52 3	1.0 0.25
117 52 95 3	1.0 0.25
117 92 83 3	1.0 0.25
117 104 20 3	1.0 0.25
117 105 20 3	1.0 0.25
122 57 3	1.0 0.25
122 57 95 3	1.0 0.25
122 67 21 3	1.0 0.25
126 2 20 3	1.0 0.25
126 4 20 3	1.0 0.25
126 21 3	1.0 0.25
126 21 18 3	1.0 0.25
126 21 27 3	1.0 0.25
126 21 92 3	1.0 0.25
126 21 95 3	1.0 0.25
126 61 3	1.0 0.25
126 61 95 3	1.0 0.25
