16 81 12 117	0.5 0.16666666666666666
16 81 39 117	0.5 0.16666666666666666
16 81 40 117	0.5 0.16666666666666666
16 81 125	1.0 0.5
16 108 39 117	0.5 0.16666666666666666
16 108 40 117	0.5 0.16666666666666666
20 1 66 95	0.05853658536585366 0.3333333333333333
20 15 80 95	0.0625 0.16666666666666666
20 18 18 95	0.005527757925957184 0.5
20 18 27 95	0.0011600367344965924 0.3333333333333333
20 18 34 93	0.004347826086956522 0.16666666666666666
20 18 83 95	0.0057496705129483966 0.5
20 18 85 43	0.0006325110689437065 0.16666666666666666
20 18 85 125	0.5714285714285714 0.3333333333333333
20 18 92 95	0.0014026556947821208 0.3333333333333333
20 18 95	0.0006983240223463687 0.3333333333333333
20 18 95 32	0.03333333333333333 0.16666666666666666
20 18 95 93	0.006802721088435374 0.16666666666666666
20 18 95 97	0.03333333333333333 0.16666666666666666
20 18 95 124	0.02666666666666667 0.3333333333333333
20 19 84 95	0.01098901098901099 0.3333333333333333
20 27 18 95	0.0031658092599920855 0.3333333333333333
20 27 27 95	0.0784313725490196 0.3333333333333333
20 27 83 95	0.003143418467583497 0.3333333333333333
20 27 92 95	0.08 0.3333333333333333
20 33 98 95	0.05555555555555555 0.3333333333333333
20 34 30 95	0.08695652173913043 0.3333333333333333
20 34 93	0.5 0.16666666666666666
20 34 93 32	1.0 0.16666666666666666
20 34 99 95	0.07692307692307693 0.5
20 45 110 95	0.0012152458110845149 0.5
20 56 121 95	0.07142857142857142 0.16666666666666666
20 77 12 95	0.08695652173913043 0.3333333333333333
20 77 20 95	0.06060606060606061 0.3333333333333333
20 83 18 95	0.004852399474614378 0.5
20 83 27 95	0.0012091289233714545 0.3333333333333333
20 83 34 93	0.004347826086956522 0.16666666666666666
20 83 83 95	0.004809128634739826 0.5
20 83 85 43	0.0006325110689437065 0.16666666666666666
20 83 85 125	0.5714285714285714 0.3333333333333333
20 83 92 95	0.0011857121683711278 0.3333333333333333
20 83 95	0.0006985679357317499 0.3333333333333333
20 83 95 32	0.03333333333333333 0.16666666666666666
20 83 95 93	0.006802721088435374 0.16666666666666666
20 83 95 97	0.03333333333333333 0.16666666666666666
20 83 95 124	0.02666666666666667 0.3333333333333333
20 85 12 93	0.012096774193548387 0.16666666666666666
20 85 12 95	0.08 0.3333333333333333
20 85 20 95	0.07537054556922107 0.5
20 85 39 93	0.014213197969543147 0.16666666666666666
20 85 39 95	0.07692307692307693 0.5
20 85 40 93	0.11410788381742738 0.16666666666666666
20 85 40 95	0.08333333333333333 0.5
20 85 43	0.05172413793103448 0.3333333333333333
20 85 43 97	0.2857142857142857 0.16666666666666666
20 85 79	0.5 0.16666666666666666
20 85 121	0.5 0.16666666666666666
20 85 125	0.625 0.5
20 85 125 32	0.6666666666666666 0.16666666666666666
20 85 125 97	0.3333333333333333 0.16666666666666666
20 86 21 95	0.06731875719217491 0.5
20 86 30 95	0.047619047619047616 0.5
20 86 53 93	0.06818181818181818 0.16666666666666666
20 86 61 95	0.014502762430939226 0.5
20 92 18 95	0.0031658092599920855 0.3333333333333333
20 92 27 95	0.0784313725490196 0.3333333333333333
20 92 83 95	0.003143418467583497 0.3333333333333333
20 92 92 95	0.08 0.3333333333333333
20 95	0.08108108108108109 0.5
20 95 14 79	0.16666666666666666 0.16666666666666666
20 95 14 121	0.5 0.16666666666666666
20 95 17 82	0.0125 0.16666666666666666
20 95 21 95	0.056818181818181816 0.5
20 95 28 93	0.25 0.16666666666666666
20 95 30 95	0.05567226890756303 0.5
20 95 32	0.5 0.16666666666666666
20 95 32 97	0.16666666666666666 0.16666666666666666
20 95 53 118	0.020833333333333332 0.16666666666666666
20 95 56 79	0.5 0.16666666666666666
20 95 56 121	0.25 0.16666666666666666
20 95 59 124	0.375 0.3333333333333333
20 95 60 43	0.5 0.3333333333333333
20 95 60 125	0.8333333333333334 0.5
20 95 93	0.25 0.16666666666666666
20 95 93 32	1.0 0.16666666666666666
20 95 97	0.5 0.16666666666666666
20 95 97 32	1.0 0.16666666666666666
20 95 99 95	0.08695652173913043 0.3333333333333333
20 95 108 43	0.375 0.3333333333333333
20 95 108 125	0.625 0.5
20 95 118	0.125 0.16666666666666666
20 95 121 124	0.6666666666666666 0.3333333333333333
20 95 124	0.6666666666666666 0.3333333333333333
20 95 124 32	1.0 0.16666666666666666
20 95 124 97	0.5 0.16666666666666666
20 104 20 95	0.009966777408637873 0.5
20 104 39 95	0.0784313725490196 0.5
20 105 20 95	0.08333333333333333 0.5
20 105 39 93	0.5 0.16666666666666666
20 105 40 95	0.08333333333333333 0.5
20 126 21 95	0.04046242774566474 0.5
20 126 61 95	0.08527131782945736 0.5
43	0.6666666666666666 0.3333333333333333
43 14 20 95	0.14285714285714285 0.16666666666666666
43 14 79	1.0 0.16666666666666666
43 14 121	1.0 0.16666666666666666
43 17 82	0.0125 0.16666666666666666
43 30 18 95	0.0006983240223463687 0.3333333333333333
43 30 34 93	0.5 0.16666666666666666
43 30 83 95	0.0006985679357317499 0.3333333333333333
43 30 85 43	0.05172413793103448 0.3333333333333333
43 30 85 79	0.5 0.16666666666666666
43 30 85 121	0.5 0.16666666666666666
43 30 85 125	0.625 0.5
43 30 95	0.08108108108108109 0.5
43 30 95 32	0.5 0.16666666666666666
43 30 95 93	0.25 0.16666666666666666
43 30 95 97	0.5 0.16666666666666666
43 30 95 118	0.125 0.16666666666666666
43 30 95 124	0.6666666666666666 0.3333333333333333
43 53 30 95	0.14285714285714285 0.16666666666666666
43 53 118	0.2 0.16666666666666666
43 56 20 95	0.14285714285714285 0.16666666666666666
43 56 79	1.0 0.16666666666666666
43 56 121	1.0 0.16666666666666666
43 59 30 95	0.08695652173913043 0.3333333333333333
43 59 124	0.6666666666666666 0.3333333333333333
43 59 124 32	1.0 0.16666666666666666
43 59 124 97	0.5 0.16666666666666666
43 60 20 95	0.08108108108108109 0.5
43 60 43	0.6666666666666666 0.3333333333333333
43 60 43 97	0.5 0.16666666666666666
43 60 125	1.0 0.5
43 60 125 32	1.0 0.16666666666666666
43 60 125 97	0.5 0.16666666666666666
43 97	0.5 0.16666666666666666
43 97 28 93	0.3333333333333333 0.16666666666666666
43 97 30 95	0.08695652173913043 0.3333333333333333
43 97 32	1.0 0.16666666666666666
43 97 32 97	0.5 0.16666666666666666
43 97 59 124	0.6666666666666666 0.3333333333333333
43 97 60 43	0.5 0.16666666666666666
43 97 60 125	1.0 0.3333333333333333
43 108 20 95	0.07462686567164178 0.5
43 108 43	0.6 0.3333333333333333
43 108 43 97	0.5 0.16666666666666666
43 108 125	1.0 0.5
43 108 125 32	1.0 0.16666666666666666
43 108 125 97	0.5 0.16666666666666666
45 110 12 93	0.3333333333333333 0.16666666666666666
45 110 20 95	0.012055109070034443 0.5
45 110 39 93	0.5 0.16666666666666666
45 110 40 93	0.022222222222222223 0.16666666666666666
45 110 43	0.2857142857142857 0.3333333333333333
45 110 43 97	0.3333333333333333 0.16666666666666666
45 110 125	1.0 0.5
45 110 125 32	1.0 0.16666666666666666
45 110 125 97	0.5 0.16666666666666666
46 111 12 93	0.0009487666034155598 0.16666666666666666
46 111 12 117	0.0029985007496251873 0.16666666666666666
46 111 20 95	0.00017085300333294782 0.5
46 111 39 93	0.0025201612903225806 0.3333333333333333
46 111 39 95	0.00041684035014589413 0.3333333333333333
46 111 39 117	0.002982530890498509 0.5
46 111 39 118	0.0019738022609007717 0.3333333333333333
46 111 40 93	0.001337920489296636 0.3333333333333333
46 111 40 95	0.0035366931918656055 0.3333333333333333
46 111 40 117	0.0017683465959328027 0.5
46 111 40 118	0.0005425935973955507 0.3333333333333333
46 111 43	0.0007616146230007616 0.16666666666666666
46 111 43 97	0.016129032258064516 0.16666666666666666
46 111 125	1.0 0.8333333333333334
46 111 125 32	1.0 0.16666666666666666
46 111 125 97	0.5 0.16666666666666666
125	1.0 1.0
125 14 20 95	0.14285714285714285 0.16666666666666666
125 14 79	1.0 0.16666666666666666
125 14 121	1.0 0.16666666666666666
125 17 82	0.025 0.16666666666666666
125 28 30 95	0.075 0.5
125 28 52 95	0.058823529411764705 0.16666666666666666
125 28 93	0.3333333333333333 0.3333333333333333
125 28 93 32	1.0 0.16666666666666666
125 28 99 95	0.075 0.5
125 28 117	0.3333333333333333 0.16666666666666666
125 28 118	0.16666666666666666 0.16666666666666666
125 30 34 93	0.375 0.3333333333333333
125 30 34 117	0.3333333333333333 0.16666666666666666
125 30 34 118	0.07692307692307693 0.16666666666666666
125 30 85 43	0.034482758620689655 0.3333333333333333
125 30 85 79	1.0 0.16666666666666666
125 30 85 121	0.5 0.16666666666666666
125 30 85 125	0.7142857142857143 0.5
125 30 95	0.08571428571428572 0.6666666666666666
125 30 95 32	0.8 0.16666666666666666
125 30 95 93	0.25 0.3333333333333333
125 30 95 97	0.5 0.16666666666666666
125 30 95 117	0.2 0.16666666666666666
125 30 95 118	0.125 0.3333333333333333
125 30 95 124	0.6666666666666666 0.3333333333333333
125 30 117 93	0.25 0.16666666666666666
125 30 117 117	0.3333333333333333 0.16666666666666666
125 30 117 118	0.3333333333333333 0.16666666666666666
125 32	1.0 0.16666666666666666
125 32 30 95	0.08695652173913043 0.3333333333333333
125 32 59 124	0.6666666666666666 0.3333333333333333
125 32 60 43	0.5 0.16666666666666666
125 32 60 125	1.0 0.3333333333333333
125 32 97	0.5 0.16666666666666666
125 32 97 32	1.0 0.16666666666666666
125 32 108 43	0.5 0.16666666666666666
125 32 108 125	1.0 0.3333333333333333
125 52 30 95	0.05263157894736842 0.16666666666666666
125 52 52 95	0.058823529411764705 0.16666666666666666
125 52 93	0.06666666666666667 0.16666666666666666
125 52 99 95	0.05555555555555555 0.16666666666666666
125 52 117	0.375 0.5
125 52 118	0.09523809523809523 0.3333333333333333
125 53 30 95	0.08333333333333333 0.3333333333333333
125 53 52 95	0.058823529411764705 0.16666666666666666
125 53 93	0.09090909090909091 0.16666666666666666
125 53 99 95	0.05555555555555555 0.16666666666666666
125 53 117	0.3333333333333333 0.3333333333333333
125 53 118	0.2 0.5
125 56 20 95	0.14285714285714285 0.16666666666666666
125 56 79	1.0 0.16666666666666666
125 56 121	1.0 0.16666666666666666
125 59 30 95	0.08695652173913043 0.3333333333333333
125 59 124	0.6666666666666666 0.3333333333333333
125 59 124 32	1.0 0.16666666666666666
125 59 124 97	0.5 0.16666666666666666
125 60 20 95	0.07462686567164178 0.5
125 60 43	0.6 0.3333333333333333
125 60 43 97	0.5 0.16666666666666666
125 60 125	1.0 1.0
125 60 125 32	1.0 0.16666666666666666
125 60 125 97	0.5 0.16666666666666666
125 97	0.5 0.16666666666666666
125 97 28 93	0.3333333333333333 0.16666666666666666
125 97 30 95	0.08695652173913043 0.3333333333333333
125 97 32	1.0 0.16666666666666666
125 97 32 97	0.5 0.16666666666666666
125 97 59 124	0.6666666666666666 0.3333333333333333
125 97 60 43	0.5 0.16666666666666666
125 97 60 125	1.0 0.3333333333333333
125 108 20 95	0.08108108108108109 0.5
125 108 43	0.6666666666666666 0.3333333333333333
125 108 43 97	0.5 0.16666666666666666
125 108 125	1.0 0.5
125 108 125 32	1.0 0.16666666666666666
125 108 125 97	0.5 0.16666666666666666
