0 16 81 37	0.08333333333333333 0.018867924528301886
0 16 108 37	0.04 0.018867924528301886
0 37	1.0 0.018867924528301886
0 37 94 29	1.0 0.018867924528301886
0 37 94 56	1.0 0.018867924528301886
0 37 102 37	1.0 0.018867924528301886
0 37 121 29	1.0 0.018867924528301886
0 37 121 56	1.0 0.018867924528301886
0 39 93 29	1.0 0.018867924528301886
0 39 93 56	1.0 0.018867924528301886
0 39 104 37	0.3333333333333333 0.018867924528301886
0 40 105 37	0.1111111111111111 0.018867924528301886
0 43 108 37	0.08333333333333333 0.018867924528301886
0 45 0 37	1.0 0.018867924528301886
0 45 29	1.0 0.018867924528301886
0 45 56	1.0 0.018867924528301886
0 45 110 37	0.0330188679245283 0.018867924528301886
0 46 111 37	0.02348993288590604 0.018867924528301886
0 51 116 37	0.013888888888888888 0.018867924528301886
0 65 0 37	1.0 0.018867924528301886
0 65 29	1.0 0.018867924528301886
0 65 56	1.0 0.018867924528301886
0 65 110 37	0.6666666666666666 0.018867924528301886
6 71 10 29	0.6900420757363254 0.16981132075471697
6 71 29	0.7674418604651163 0.16981132075471697
6 71 32 29	0.59375 0.1320754716981132
6 71 33 29	0.6666666666666666 0.11320754716981132
6 71 37	0.01020408163265306 0.03773584905660377
6 71 44 37	0.0625 0.018867924528301886
6 71 50 37	0.1 0.07547169811320754
6 71 75 37	0.05319148936170213 0.07547169811320754
6 71 79 29	0.9 0.09433962264150944
6 71 97 29	1.0 0.018867924528301886
6 71 109 37	0.045454545454545456 0.03773584905660377
6 71 115 37	0.1 0.07547169811320754
6 71 121 29	0.5 0.018867924528301886
6 102 10 29	0.5 0.018867924528301886
14 6 71 29	0.6428571428571429 0.05660377358490566
14 10 29	0.8333333333333334 0.05660377358490566
14 10 32 29	0.5 0.03773584905660377
14 10 33 29	0.5 0.03773584905660377
14 10 75 37	0.08333333333333333 0.03773584905660377
14 10 97 29	1.0 0.018867924528301886
14 23 10 29	1.0 0.018867924528301886
14 24 89 37	0.05555555555555555 0.018867924528301886
14 28 93 29	0.75 0.018867924528301886
14 28 118 29	1.0 0.018867924528301886
14 35 100 37	0.06666666666666667 0.018867924528301886
14 40 93 29	1.0 0.018867924528301886
14 46 111 6	0.00014238929232521716 0.018867924528301886
14 46 111 37	0.012145748987854251 0.07547169811320754
14 79 29	1.0 0.20754716981132076
14 79 32 29	0.5 0.018867924528301886
14 88 10 29	1.0 0.018867924528301886
14 121 29	1.0 0.018867924528301886
16 81 29	1.0 0.018867924528301886
20 15 100 29	1.0 0.018867924528301886
20 18 85 29	0.5 0.05660377358490566
20 18 85 37	0.001892147587511826 0.07547169811320754
20 34 104 29	0.5 0.018867924528301886
20 34 105 29	1.0 0.018867924528301886
20 83 85 29	0.5 0.05660377358490566
20 83 85 37	0.0018796992481203006 0.07547169811320754
20 85 29	1.0 0.07547169811320754
20 95 104 29	0.5 0.018867924528301886
20 95 105 29	1.0 0.018867924528301886
20 117 104 29	0.5 0.018867924528301886
20 117 105 29	1.0 0.018867924528301886
21 86 29	1.0 0.05660377358490566
21 95 29	1.0 0.05660377358490566
25 90 29	0.4634146341463415 0.24528301886792453
25 90 32 29	0.2 0.018867924528301886
25 90 97 29	0.6 0.03773584905660377
28 15 100 37	0.06666666666666667 0.018867924528301886
28 27 104 37	0.16666666666666666 0.018867924528301886
28 30 85 6	0.01509433962264151 0.05660377358490566
28 30 85 37	0.021798365122615803 0.05660377358490566
28 52 93 29	0.6666666666666666 0.09433962264150944
28 52 118 29	0.8333333333333334 0.07547169811320754
28 77 10 29	0.10526315789473684 0.018867924528301886
28 93 0 37	1.0 0.018867924528301886
28 93 29	0.8113207547169812 0.49056603773584906
28 93 32 29	0.21875 0.05660377358490566
28 93 49	0.5 0.018867924528301886
28 93 56	0.5 0.018867924528301886
28 93 75 37	0.01904761904761905 0.018867924528301886
28 93 75 49	0.038461538461538464 0.018867924528301886
28 93 79 29	1.0 0.05660377358490566
28 93 97 29	1.0 0.018867924528301886
28 93 108 49	0.8333333333333334 0.018867924528301886
28 93 110 37	0.02040816326530612 0.018867924528301886
28 99 85 6	0.0030991735537190084 0.05660377358490566
28 99 85 37	0.008534850640113799 0.05660377358490566
28 104 10 29	0.21052631578947367 0.018867924528301886
28 104 37	0.024 0.05660377358490566
28 104 44 6	0.03125 0.018867924528301886
28 104 45 29	1.0 0.018867924528301886
28 104 45 56	0.3333333333333333 0.018867924528301886
28 104 65 29	1.0 0.018867924528301886
28 104 65 56	1.0 0.018867924528301886
28 105 10 29	0.37254901960784315 0.1320754716981132
28 105 37	0.022556390977443608 0.05660377358490566
28 105 43 29	0.75 0.05660377358490566
28 105 79 29	1.0 0.018867924528301886
28 117 29	1.0 0.018867924528301886
28 117 93 29	0.8888888888888888 0.07547169811320754
28 118 10 29	0.3235294117647059 0.11320754716981132
28 118 29	0.75 0.11320754716981132
28 118 49	1.0 0.018867924528301886
28 118 108 49	0.8333333333333334 0.018867924528301886
28 126 2 37	0.04895104895104895 0.07547169811320754
29	1.0 1.0
29 71 6	0.3333333333333333 0.09433962264150944
29 94 0 37	1.0 0.018867924528301886
29 94 29	0.8058103975535168 1.0
29 94 32 29	0.6165413533834586 0.39622641509433965
29 94 49	1.0 0.018867924528301886
29 94 56	0.25 0.018867924528301886
29 94 75 37	0.04540763673890609 0.37735849056603776
29 94 97 29	0.9647058823529412 0.3584905660377358
29 94 108 49	0.8333333333333334 0.018867924528301886
29 94 110 37	0.6666666666666666 0.018867924528301886
29 102 10 29	0.4888888888888889 0.39622641509433965
29 102 37	0.5026833631484794 0.8490566037735849
29 102 44 37	0.21666666666666667 0.4528301886792453
29 102 45 29	1.0 0.018867924528301886
29 102 45 56	0.6666666666666666 0.018867924528301886
29 102 65 29	1.0 0.018867924528301886
29 102 65 56	1.0 0.018867924528301886
29 102 109 37	0.21666666666666667 0.4528301886792453
29 111 46	0.25 0.018867924528301886
29 111 123 49	1.0 0.018867924528301886
29 114 8 49	1.0 0.018867924528301886
29 114 23 49	1.0 0.018867924528301886
29 114 29	1.0 0.018867924528301886
29 114 43 29	1.0 0.018867924528301886
29 114 43 49	1.0 0.018867924528301886
29 114 49	0.9 0.018867924528301886
29 114 58 46	0.125 0.018867924528301886
29 114 58 49	1.0 0.018867924528301886
29 114 73 49	1.0 0.018867924528301886
29 114 88 49	1.0 0.018867924528301886
29 114 98 49	1.0 0.018867924528301886
29 114 108 49	0.8333333333333334 0.018867924528301886
29 114 123 49	1.0 0.018867924528301886
29 121 0 37	1.0 0.018867924528301886
29 121 29	1.0 0.018867924528301886
29 121 56	1.0 0.018867924528301886
29 121 110 37	0.6666666666666666 0.018867924528301886
30 86 29	1.0 0.05660377358490566
30 95 29	1.0 0.05660377358490566
32 6 71 29	1.0 0.018867924528301886
32 25 90 29	0.4 0.09433962264150944
32 28 93 29	0.5 0.05660377358490566
32 29	0.5714285714285714 0.07547169811320754
32 29 94 29	0.6949152542372882 0.07547169811320754
32 29 102 37	0.25 0.07547169811320754
32 75 10 29	0.5606557377049181 0.11320754716981132
32 75 37	0.12121212121212122 0.07547169811320754
32 75 44 37	0.16666666666666666 0.05660377358490566
32 75 79 29	1.0 0.05660377358490566
32 75 109 37	0.125 0.03773584905660377
32 97 14 29	1.0 0.05660377358490566
32 97 29	1.0 0.1320754716981132
32 97 32 29	0.5110294117647058 0.09433962264150944
32 97 33 29	0.5 0.05660377358490566
32 97 75 37	0.03643724696356275 0.05660377358490566
32 98 32 29	0.5 0.05660377358490566
32 98 33 29	0.5 0.05660377358490566
32 98 75 37	0.13333333333333333 0.05660377358490566
35 80 85 29	1.0 0.018867924528301886
35 100 29	1.0 0.018867924528301886
36 101 29	1.0 0.018867924528301886
38 103 29	1.0 0.018867924528301886
39 30 85 29	0.5 0.018867924528301886
39 52 85 29	0.5 0.018867924528301886
39 99 85 29	0.5 0.018867924528301886
39 104 29	0.5 0.03773584905660377
39 105 29	0.5 0.018867924528301886
40 30 85 29	1.0 0.018867924528301886
40 52 85 29	1.0 0.018867924528301886
40 99 85 29	1.0 0.018867924528301886
40 104 29	0.5 0.018867924528301886
40 105 29	1.0 0.018867924528301886
45 110 29	1.0 0.018867924528301886
46 111 29	0.6 0.09433962264150944
46 111 37	0.003679175864606328 0.03773584905660377
49	1.0 0.018867924528301886
49 94 29	1.0 0.018867924528301886
49 94 49	1.0 0.018867924528301886
49 94 108 49	0.8333333333333334 0.018867924528301886
49 111 46	0.25 0.018867924528301886
49 111 123 49	1.0 0.018867924528301886
49 114 8 49	1.0 0.018867924528301886
49 114 23 49	1.0 0.018867924528301886
49 114 29	1.0 0.018867924528301886
49 114 43 29	1.0 0.018867924528301886
49 114 43 49	1.0 0.018867924528301886
49 114 49	0.9 0.018867924528301886
49 114 73 49	1.0 0.018867924528301886
49 114 98 49	1.0 0.018867924528301886
49 114 108 49	0.8333333333333334 0.018867924528301886
49 114 123 49	1.0 0.018867924528301886
52 93 29	1.0 0.018867924528301886
52 117 29	1.0 0.018867924528301886
53 30 85 6	0.011363636363636364 0.018867924528301886
53 30 85 37	0.014084507042253521 0.018867924528301886
53 77 10 29	0.4 0.018867924528301886
53 93 29	0.6428571428571429 0.09433962264150944
53 93 32 29	0.5714285714285714 0.018867924528301886
53 93 49	1.0 0.018867924528301886
53 93 79 29	1.0 0.03773584905660377
53 93 108 49	0.8333333333333334 0.018867924528301886
53 104 10 29	1.0 0.018867924528301886
53 104 43 29	1.0 0.018867924528301886
53 105 10 29	0.6666666666666666 0.05660377358490566
53 117 93 29	0.8333333333333334 0.03773584905660377
53 118 10 29	0.6956521739130435 0.05660377358490566
53 118 29	1.0 0.09433962264150944
53 118 49	1.0 0.018867924528301886
53 118 108 49	0.8333333333333334 0.018867924528301886
53 126 2 37	0.14705882352941177 0.05660377358490566
56	0.5 0.018867924528301886
56 6 71 29	0.5 0.018867924528301886
56 10 29	1.0 0.018867924528301886
56 23 10 29	1.0 0.018867924528301886
56 79 29	1.0 0.018867924528301886
56 88 10 29	1.0 0.018867924528301886
56 94 0 37	1.0 0.018867924528301886
56 94 29	1.0 0.018867924528301886
56 94 56	1.0 0.018867924528301886
56 94 110 37	0.6666666666666666 0.018867924528301886
56 102 37	1.0 0.018867924528301886
56 102 45 29	1.0 0.018867924528301886
56 102 45 56	0.6666666666666666 0.018867924528301886
56 102 65 29	1.0 0.018867924528301886
56 102 65 56	1.0 0.018867924528301886
56 121 0 37	1.0 0.018867924528301886
56 121 29	1.0 0.03773584905660377
56 121 56	0.5 0.018867924528301886
56 121 110 37	0.6666666666666666 0.018867924528301886
75 6 71 29	0.503582395087001 0.3018867924528302
75 6 71 37	0.019054878048780487 0.22641509433962265
75 10 29	0.936923076923077 0.5283018867924528
75 10 32 29	0.5723270440251572 0.22641509433962265
75 10 33 29	0.631578947368421 0.1509433962264151
75 10 75 37	0.03840149859506713 0.16981132075471697
75 10 97 29	0.9743589743589743 0.1509433962264151
75 12 93 29	0.10526315789473684 0.03773584905660377
75 12 118 29	0.4 0.03773584905660377
75 23 10 29	1.0 0.018867924528301886
75 23 79 29	1.0 0.018867924528301886
75 23 121 29	1.0 0.018867924528301886
75 24 89 37	0.004219409282700422 0.018867924528301886
75 33 10 29	1.0 0.03773584905660377
75 35 100 37	0.0029860650298606504 0.07547169811320754
75 37	0.03333333333333333 0.018867924528301886
75 37 71 29	0.5 0.018867924528301886
75 37 94 29	0.7213114754098361 0.03773584905660377
75 37 102 37	0.008478568064060292 0.1320754716981132
75 39 93 29	0.21052631578947367 0.03773584905660377
75 39 118 29	1.0 0.03773584905660377
75 40 93 29	0.3584905660377358 0.1320754716981132
75 40 118 29	0.6666666666666666 0.05660377358490566
75 41 106 37	0.002150537634408602 0.09433962264150944
75 44 10 29	0.9444444444444444 0.09433962264150944
75 44 37	0.09090909090909091 0.018867924528301886
75 45 10 29	0.8421052631578947 0.16981132075471697
75 46 111 37	0.008719223445876613 0.37735849056603776
75 53 93 29	0.3728813559322034 0.1320754716981132
75 53 118 29	0.8421052631578947 0.1320754716981132
75 73 10 29	0.8 0.03773584905660377
75 79 29	1.0 0.09433962264150944
75 88 10 29	1.0 0.018867924528301886
75 88 79 29	1.0 0.018867924528301886
75 88 121 29	1.0 0.018867924528301886
75 98 10 29	1.0 0.03773584905660377
75 109 10 29	0.7727272727272727 0.09433962264150944
75 109 37	0.08333333333333333 0.018867924528301886
75 110 10 29	0.8421052631578947 0.1509433962264151
75 121 29	1.0 0.018867924528301886
76 11 29	1.0 0.018867924528301886
79 14 29	1.0 0.018867924528301886
79 32 29	0.5 0.018867924528301886
79 75 10 29	0.5 0.018867924528301886
79 75 37	0.2 0.018867924528301886
97 6 71 29	0.7195121951219512 0.07547169811320754
97 6 71 37	0.02195945945945946 0.05660377358490566
97 14 29	1.0 0.018867924528301886
97 25 90 29	0.2 0.018867924528301886
97 28 93 29	0.358974358974359 0.07547169811320754
97 28 118 29	1.0 0.05660377358490566
97 29	1.0 0.03773584905660377
97 29 94 29	0.82 0.05660377358490566
97 29 102 37	0.25 0.03773584905660377
97 32 29	0.9897959183673469 0.11320754716981132
97 32 32 29	0.625 0.05660377358490566
97 32 75 37	0.11386138613861387 0.03773584905660377
97 32 97 29	1.0 0.05660377358490566
97 33 29	1.0 0.03773584905660377
97 75 10 29	0.9550173010380623 0.09433962264150944
97 75 37	0.04225352112676056 0.018867924528301886
97 75 44 37	0.125 0.018867924528301886
97 75 79 29	1.0 0.018867924528301886
97 75 109 37	0.09090909090909091 0.018867924528301886
97 79 14 29	1.0 0.018867924528301886
97 79 75 37	0.2 0.018867924528301886
98 6 71 29	0.8 0.03773584905660377
98 32 29	1.0 0.03773584905660377
98 32 97 29	1.0 0.018867924528301886
98 33 29	1.0 0.03773584905660377
98 75 10 29	0.96 0.03773584905660377
98 75 37	0.13333333333333333 0.018867924528301886
98 75 79 29	1.0 0.018867924528301886
108 8 49	1.0 0.018867924528301886
108 8 73 49	1.0 0.018867924528301886
108 12 105 49	0.07142857142857142 0.018867924528301886
108 16 81 49	0.16666666666666666 0.018867924528301886
108 20 85 6	0.011494252873563218 0.018867924528301886
108 20 85 37	0.014492753623188406 0.018867924528301886
108 33 49	1.0 0.018867924528301886
108 33 98 49	1.0 0.018867924528301886
108 35 100 37	0.043478260869565216 0.018867924528301886
108 37 111 6	0.0029069767441860465 0.018867924528301886
108 37 111 37	0.03389830508474576 0.018867924528301886
108 40 77 49	0.2 0.018867924528301886
108 40 93 29	0.75 0.018867924528301886
108 40 104 37	0.03125 0.018867924528301886
108 40 105 37	0.024390243902439025 0.018867924528301886
108 40 105 49	0.10256410256410256 0.018867924528301886
108 41 106 49	0.2 0.018867924528301886
108 43 29	1.0 0.1320754716981132
108 43 49	1.0 0.018867924528301886
108 43 108 37	0.07407407407407407 0.03773584905660377
108 43 108 49	0.625 0.018867924528301886
108 46 111 6	0.0017210357506062739 0.07547169811320754
108 46 111 37	0.02462526766595289 0.09433962264150944
108 46 111 49	0.09109730848861283 0.018867924528301886
108 49	0.8333333333333334 0.018867924528301886
108 49 94 29	1.0 0.018867924528301886
108 49 94 49	1.0 0.018867924528301886
108 49 111 46	0.25 0.018867924528301886
108 49 114 29	1.0 0.018867924528301886
108 49 114 49	0.8823529411764706 0.018867924528301886
108 58 46	0.25 0.018867924528301886
108 58 123 49	1.0 0.018867924528301886
108 67 2 49	0.75 0.018867924528301886
108 73 8 49	1.0 0.018867924528301886
108 73 49	1.0 0.018867924528301886
108 73 73 49	1.0 0.018867924528301886
110 16 81 37	0.04285714285714286 0.018867924528301886
110 16 108 37	0.05263157894736842 0.018867924528301886
110 37	0.6666666666666666 0.018867924528301886
110 37 94 29	1.0 0.018867924528301886
110 37 94 56	1.0 0.018867924528301886
110 37 102 37	0.09836065573770492 0.018867924528301886
110 37 121 29	1.0 0.018867924528301886
110 37 121 56	1.0 0.018867924528301886
110 39 93 29	1.0 0.018867924528301886
110 39 93 56	1.0 0.018867924528301886
110 39 104 37	0.16666666666666666 0.018867924528301886
110 40 105 37	0.15384615384615385 0.018867924528301886
110 43 81 37	0.0196078431372549 0.018867924528301886
110 43 108 37	0.09433962264150944 0.018867924528301886
110 45 0 37	1.0 0.018867924528301886
110 45 29	1.0 0.018867924528301886
110 45 56	0.9 0.018867924528301886
110 45 110 37	0.03810775295663601 0.018867924528301886
110 46 111 37	0.021440536013400336 0.018867924528301886
110 51 116 37	0.013513513513513514 0.018867924528301886
110 65 0 37	1.0 0.018867924528301886
110 65 29	1.0 0.018867924528301886
110 65 56	1.0 0.018867924528301886
110 65 110 37	0.6666666666666666 0.018867924528301886
123 58 29	1.0 0.018867924528301886
