94	1.0 0.0006493506493506494
94 28 118 108	0.7142857142857143 0.003246753246753247
94 29 94	1.0 0.0006493506493506494
94 29 114	1.0 0.02922077922077922
94 29 114 23	0.5 0.0012987012987012987
94 29 114 43	1.0 0.0006493506493506494
94 29 114 73	0.6666666666666666 0.0012987012987012987
94 49 94	1.0 0.0006493506493506494
94 49 94 108	0.7142857142857143 0.003246753246753247
94 49 111 123	1.0 0.0006493506493506494
94 49 114	1.0 0.02922077922077922
94 49 114 43	1.0 0.0006493506493506494
94 49 114 88	0.5 0.0012987012987012987
94 49 114 108	0.7142857142857143 0.003246753246753247
94 49 114 123	1.0 0.0006493506493506494
94 53 93	0.1 0.0006493506493506494
94 53 93 108	0.7142857142857143 0.003246753246753247
94 53 118	0.16666666666666666 0.0006493506493506494
94 53 118 108	0.7142857142857143 0.003246753246753247
94 108	0.7142857142857143 0.003246753246753247
94 108 8	1.0 0.0006493506493506494
94 108 8 73	1.0 0.0006493506493506494
94 108 40 77	0.03333333333333333 0.0006493506493506494
94 108 40 105	0.016 0.0025974025974025974
94 108 41 106	0.004081632653061225 0.0006493506493506494
94 108 43	1.0 0.0006493506493506494
94 108 43 108	0.7142857142857143 0.003246753246753247
94 108 46 111	0.015688511730728088 0.02857142857142857
94 108 49 94	1.0 0.0006493506493506494
94 108 49 114	0.9782608695652174 0.02922077922077922
94 108 67 2	0.2903225806451613 0.004545454545454545
94 108 73 8	1.0 0.0006493506493506494
102	0.25 0.0012987012987012987
102 1 66	0.001422475106685633 0.0006493506493506494
102 20 18 85	0.00023543260741612713 0.0012987012987012987
102 20 27 85	0.001148105625717566 0.0006493506493506494
102 20 83 85	0.0002353494939985879 0.0012987012987012987
102 20 92 85	0.001145475372279496 0.0006493506493506494
102 37 102	0.13157894736842105 0.0012987012987012987
102 37 114	1.0 0.30584415584415586
102 46 111	0.01737887451098405 0.21948051948051947
102 49 102	0.4 0.0012987012987012987
102 49 114	0.9411764705882353 0.05194805194805195
102 123 46 111	0.0022346368715083797 0.0012987012987012987
111 41 106 23	0.05555555555555555 0.0006493506493506494
111 46 111	0.0013137727173199037 0.007142857142857143
111 46 111 88	0.012048192771084338 0.0012987012987012987
111 46 111 123	0.041237113402061855 0.0006493506493506494
111 46 114	1.0 0.02922077922077922
111 46 114 43	1.0 0.0006493506493506494
111 46 114 73	0.6666666666666666 0.0012987012987012987
111 46 114 108	0.7142857142857143 0.003246753246753247
111 123	1.0 0.0006493506493506494
111 123 40 105	0.1 0.0006493506493506494
111 123 41 106	0.004081632653061225 0.0006493506493506494
111 123 43	1.0 0.0006493506493506494
111 123 43 108	0.7142857142857143 0.003246753246753247
111 123 46 111	0.007974618418796089 0.02857142857142857
111 123 49 114	1.0 0.02922077922077922
113 48 114	1.0 0.1974025974025974
113 48 114 26	0.3802083333333333 0.01103896103896104
113 48 114 65	1.0 0.0006493506493506494
113 48 114 91	0.9605263157894737 0.03636363636363636
114	1.0 1.0
114 0	1.0 0.006493506493506494
114 0 26 91	0.8860759493670886 0.00909090909090909
114 0 26 98	1.0 0.001948051948051948
114 0 35 100	0.06060606060606061 0.00909090909090909
114 0 46 111	0.024240465416936006 0.01818181818181818
114 0 49 114	1.0 0.1974025974025974
114 0 65 91	0.7 0.004545454545454545
114 1 66	0.01609036757227953 0.03701298701298701
114 1 66 23	0.002728512960436562 0.0012987012987012987
114 1 66 44	0.0017452006980802793 0.0006493506493506494
114 1 66 50	0.0033333333333333335 0.0006493506493506494
114 1 66 67	0.0012970168612191958 0.0006493506493506494
114 1 66 73	0.0020920502092050207 0.0006493506493506494
114 1 66 85	0.002583979328165375 0.001948051948051948
114 1 66 86	0.013333333333333334 0.0006493506493506494
114 1 66 88	0.003236245954692557 0.0012987012987012987
114 1 66 115	0.0038022813688212928 0.0006493506493506494
114 2	0.029850746268656716 0.0012987012987012987
114 2 1 66	0.007051282051282051 0.007142857142857143
114 2 16 81	0.0051508462104488595 0.001948051948051948
114 2 24 89	0.00031486146095717883 0.0006493506493506494
114 2 26 91	0.8666666666666667 0.016233766233766232
114 2 35 100	0.0006524859715516117 0.003246753246753247
114 2 39 117	0.08333333333333333 0.0006493506493506494
114 2 39 126	0.03225806451612903 0.0006493506493506494
114 2 40 77	0.007751937984496124 0.0006493506493506494
114 2 40 105	0.001445086705202312 0.0006493506493506494
114 2 40 117	0.047619047619047616 0.0006493506493506494
114 2 40 126	0.022222222222222223 0.0006493506493506494
114 2 46 111	0.0019639405773361823 0.11558441558441558
114 2 49 114	0.7427884615384616 0.1974025974025974
114 2 63 128	0.01 0.0006493506493506494
114 2 67	0.2637795275590551 0.008441558441558441
114 4 46 111	0.0006306874493197585 0.004545454545454545
114 4 69	0.24 0.003896103896103896
114 6 71	0.005436487192890748 0.03116883116883117
114 6 71 2	0.002335164835164835 0.02012987012987013
114 6 71 31	0.05343511450381679 0.0006493506493506494
114 6 71 44	0.002008032128514056 0.0006493506493506494
114 6 71 75	0.0028146361077603537 0.0025974025974025974
114 6 71 98	0.025 0.0006493506493506494
114 6 71 110	0.011428571428571429 0.0012987012987012987
114 7 46 111	0.003580511310400214 0.01948051948051948
114 7 72	0.3988439306358382 0.013636363636363636
114 8	0.36363636363636365 0.004545454545454545
114 8 1 66	0.034482758620689655 0.0006493506493506494
114 8 8	0.45112781954887216 0.00909090909090909
114 8 8 8	0.3205282112845138 0.005194805194805195
114 8 8 43	1.0 0.0006493506493506494
114 8 8 73	0.3450074515648286 0.005844155844155844
114 8 8 121	1.0 0.0006493506493506494
114 8 16 81	0.029182879377431907 0.001948051948051948
114 8 16 108	0.015748031496062992 0.0006493506493506494
114 8 20 85	0.03086344151867728 0.025324675324675326
114 8 24 89	0.004048582995951417 0.0012987012987012987
114 8 26 91	0.3333333333333333 0.0012987012987012987
114 8 36 101	0.004509582863585118 0.0012987012987012987
114 8 36 127	0.010810810810810811 0.0006493506493506494
114 8 37 102	0.11764705882352941 0.0012987012987012987
114 8 39 104	0.006097560975609756 0.0006493506493506494
114 8 39 105	0.004048582995951417 0.0006493506493506494
114 8 40 105	0.04861878453038674 0.01103896103896104
114 8 45 110	0.007653061224489796 0.003246753246753247
114 8 46 111	0.03697381208122347 0.2961038961038961
114 8 49 94	1.0 0.0006493506493506494
114 8 49 114	1.0 0.33246753246753247
114 8 51 116	0.005154639175257732 0.0012987012987012987
114 8 58 123	1.0 0.0006493506493506494
114 8 67 2	0.011363636363636364 0.0006493506493506494
114 8 73	0.59375 0.00974025974025974
114 8 73 8	0.288125 0.005844155844155844
114 8 73 43	1.0 0.0006493506493506494
114 8 73 73	0.3570875290472502 0.005844155844155844
114 8 73 121	1.0 0.0006493506493506494
114 8 121 56	1.0 0.0006493506493506494
114 10 6 71	0.0013930348258706469 0.003246753246753247
114 10 28 104	0.000975609756097561 0.0012987012987012987
114 10 28 105	0.002953586497890295 0.003246753246753247
114 10 30 85	0.02030456852791878 0.015584415584415584
114 10 32 75	0.003590664272890485 0.0012987012987012987
114 10 53 105	0.0023584905660377358 0.0012987012987012987
114 10 75	0.015471167369901548 0.00974025974025974
114 10 75 44	0.018018018018018018 0.0006493506493506494
114 10 75 50	0.030303030303030304 0.0006493506493506494
114 10 75 98	0.03571428571428571 0.0006493506493506494
114 10 75 110	0.013333333333333334 0.0012987012987012987
114 10 75 115	0.02857142857142857 0.0006493506493506494
114 10 75 120	0.4 0.0006493506493506494
114 10 97 75	0.002035623409669211 0.001948051948051948
114 12 15 100	0.00810234541577825 0.008441558441558441
114 12 18 77	0.026490066225165563 0.0006493506493506494
114 12 18 85	0.0004730368968779565 0.004545454545454545
114 12 27 77	0.05263157894736842 0.0006493506493506494
114 12 27 85	0.00078003120124805 0.0006493506493506494
114 12 30 85	0.009959686981266303 0.04350649350649351
114 12 30 95	0.005664263645726055 0.007142857142857143
114 12 45 108	0.014150943396226415 0.0006493506493506494
114 12 77	0.09655172413793103 0.033766233766233764
114 12 77 23	0.0196078431372549 0.0006493506493506494
114 12 77 88	0.022222222222222223 0.0006493506493506494
114 12 83 77	0.026490066225165563 0.0006493506493506494
114 12 83 85	0.0004664435054601328 0.004545454545454545
114 12 85	0.004291845493562232 0.0012987012987012987
114 12 92 77	0.04878048780487805 0.0006493506493506494
114 12 92 85	0.00078003120124805 0.0006493506493506494
114 12 92 105	0.012658227848101266 0.0006493506493506494
114 12 99 85	0.006340869787997182 0.03831168831168831
114 12 99 95	0.0051387461459403904 0.001948051948051948
114 12 104	0.00440251572327044 0.007142857142857143
114 12 104 88	0.029411764705882353 0.0006493506493506494
114 12 105	0.008337675872850442 0.01818181818181818
114 12 105 8	0.003278688524590164 0.0006493506493506494
114 12 105 56	1.0 0.0006493506493506494
114 12 105 67	0.0008818342151675485 0.0006493506493506494
114 12 117	0.029411764705882353 0.001948051948051948
114 12 117 56	0.09090909090909091 0.0006493506493506494
114 12 121 56	0.04 0.0006493506493506494
114 12 126 2	0.0018535681186283596 0.003896103896103896
114 15 80	0.0021008403361344537 0.0006493506493506494
114 15 80 85	0.0005659309564233164 0.0006493506493506494
114 15 80 95	0.0022091310751104565 0.001948051948051948
114 15 80 104	0.0035460992907801418 0.0006493506493506494
114 15 80 105	0.0027472527472527475 0.0006493506493506494
114 15 100	0.000391491582930967 0.001948051948051948
114 16 30 85	0.0008722197993894462 0.0012987012987012987
114 16 81	0.03705568422112577 0.16233766233766234
114 16 81 8	0.07258064516129033 0.0012987012987012987
114 16 81 23	0.0033003300330033004 0.0006493506493506494
114 16 81 43	0.00033003300330033004 0.0006493506493506494
114 16 81 67	0.002770083102493075 0.0006493506493506494
114 16 81 73	0.13533834586466165 0.0012987012987012987
114 16 81 121	0.42857142857142855 0.001948051948051948
114 16 81 123	0.03153153153153153 0.001948051948051948
114 16 108	0.003791795932437091 0.007142857142857143
114 16 108 40	0.0009191176470588235 0.0006493506493506494
114 20 1 66	0.0003664681630783326 0.0012987012987012987
114 20 15 80	2.0366183988106147e-05 0.0006493506493506494
114 20 15 100	0.0028632932482877474 0.09155844155844156
114 20 18 77	2.0159776491856908e-07 0.0012987012987012987
114 20 18 85	0.011916281817943955 0.30454545454545456
114 20 18 86	1.0368993589761849e-05 0.0012987012987012987
114 20 18 95	0.0019284375423292142 0.023376623376623377
114 20 18 104	0.018137961733306174 0.001948051948051948
114 20 18 105	0.017588592885323977 0.005844155844155844
114 20 18 117	0.0029588130892661086 0.0012987012987012987
114 20 18 122	0.000150999202907238 0.0006493506493506494
114 20 18 126	3.1394655619464645e-07 0.0006493506493506494
114 20 27 77	6.610259122157589e-05 0.0006493506493506494
114 20 27 85	0.01220125744094189 0.24285714285714285
114 20 27 95	0.002635480798499622 0.02077922077922078
114 20 27 104	0.001327433628318584 0.001948051948051948
114 20 27 105	0.0246711523307268 0.003896103896103896
114 20 30 85	0.010248112189859764 0.011688311688311689
114 20 34 77	0.00807109082015327 0.004545454545454545
114 20 34 104	0.004701330205795968 0.033766233766233764
114 20 34 105	0.009043847708616921 0.06103896103896104
114 20 34 117	0.016599040944300997 0.005194805194805195
114 20 45 108	0.0004384682841274481 0.0012987012987012987
114 20 45 110	7.573997960069883e-06 0.0006493506493506494
114 20 52 85	0.011129848229342328 0.008441558441558441
114 20 56 100	0.037037037037037035 0.0006493506493506494
114 20 77	0.0007513148009015778 0.0012987012987012987
114 20 83 77	2.0451767077762368e-07 0.0012987012987012987
114 20 83 85	0.011766431430311487 0.30454545454545456
114 20 83 86	9.803829525136978e-06 0.0012987012987012987
114 20 83 95	0.0016801616133045368 0.023376623376623377
114 20 83 104	0.01731662033468237 0.001948051948051948
114 20 83 105	0.01852078633487097 0.005844155844155844
114 20 83 117	0.002836294559613658 0.0012987012987012987
114 20 83 122	0.00013515541959071713 0.0006493506493506494
114 20 83 126	3.205569783882141e-07 0.0006493506493506494
114 20 85	0.012090519095792411 0.35064935064935066
114 20 85 8	0.03230616302186879 0.003246753246753247
114 20 85 23	0.004077337892936999 0.0025974025974025974
114 20 85 26	0.11615669460144222 0.005844155844155844
114 20 85 58	0.0042780748663101605 0.001948051948051948
114 20 85 72	0.16539923954372623 0.003246753246753247
114 20 85 73	0.0388794736317416 0.003246753246753247
114 20 85 88	0.0039090777472129724 0.001948051948051948
114 20 85 121	0.08666666666666667 0.0025974025974025974
114 20 85 123	0.009839752600506044 0.0025974025974025974
114 20 86	2.038902255025894e-05 0.0006493506493506494
114 20 86 2	0.001645952300974135 0.00909090909090909
114 20 86 4	0.0034437896992423663 0.0006493506493506494
114 20 86 14	0.02617801047120419 0.0006493506493506494
114 20 86 108	0.00033858134416793635 0.0012987012987012987
114 20 92 77	6.639665360865813e-05 0.0006493506493506494
114 20 92 85	0.012116050671347914 0.24285714285714285
114 20 92 95	0.0025977394633790356 0.02077922077922078
114 20 92 104	0.001312565628281414 0.001948051948051948
114 20 92 105	0.024726609963547995 0.003896103896103896
114 20 95	0.005453983035670677 0.01948051948051948
114 20 95 14	0.0013513513513513514 0.0006493506493506494
114 20 95 27	4.027692624399762e-05 0.0006493506493506494
114 20 95 56	0.00832072617246596 0.0012987012987012987
114 20 95 77	0.009420208590333072 0.006493506493506494
114 20 95 81	0.00021188685242080728 0.0006493506493506494
114 20 95 85	0.015091342335186657 0.003246753246753247
114 20 95 91	0.39389067524115756 0.014285714285714285
114 20 95 92	4.090258367986911e-05 0.0006493506493506494
114 20 95 104	0.006342424510758877 0.04935064935064935
114 20 95 105	0.010975844396634658 0.10909090909090909
114 20 95 108	0.0002554278416347382 0.0012987012987012987
114 20 95 110	0.00038726939867624277 0.0025974025974025974
114 20 95 117	0.013003901170351105 0.005194805194805195
114 20 95 122	0.00040192926045016077 0.0006493506493506494
114 20 105	0.019540623928693865 0.005194805194805195
114 20 117 85	0.04193138500635324 0.0025974025974025974
114 20 117 104	0.007574286269178481 0.011688311688311689
114 20 117 105	0.00762551906379766 0.014935064935064935
114 20 117 122	0.00423728813559322 0.0006493506493506494
114 20 122	0.0024096385542168677 0.0006493506493506494
114 20 126 2	0.003831784653702462 0.005844155844155844
114 21 1 66	0.006644518272425249 0.0012987012987012987
114 21 18 85	0.0031107320254879335 0.03636363636363636
114 21 18 86	0.0010335917312661498 0.0006493506493506494
114 21 18 126	0.002347417840375587 0.0006493506493506494
114 21 34 104	0.037037037037037035 0.0006493506493506494
114 21 34 105	0.010869565217391304 0.0006493506493506494
114 21 83 85	0.003111200321156162 0.03636363636363636
114 21 83 86	0.0010335917312661498 0.0006493506493506494
114 21 83 126	0.002347417840375587 0.0006493506493506494
114 21 85	0.0024875621890547263 0.0006493506493506494
114 21 86	0.047619047619047616 0.0012987012987012987
114 21 95 104	0.016666666666666666 0.0006493506493506494
114 21 95 105	0.005714285714285714 0.0006493506493506494
114 21 126	0.04 0.0006493506493506494
114 23	0.1111111111111111 0.0012987012987012987
114 23 1 66	0.02857142857142857 0.0006493506493506494
114 23 12 77	0.011627906976744186 0.0006493506493506494
114 23 12 105	0.002331002331002331 0.0006493506493506494
114 23 16 81	0.0047169811320754715 0.0006493506493506494
114 23 20 85	0.0050991501416430595 0.01753246753246753
114 23 23	0.8571428571428571 0.011688311688311689
114 23 23 23	0.09523809523809523 0.0012987012987012987
114 23 23 88	0.09523809523809523 0.0012987012987012987
114 23 24 89	0.008888888888888889 0.01038961038961039
114 23 39 77	0.013513513513513514 0.0006493506493506494
114 23 39 104	0.010178117048346057 0.0025974025974025974
114 23 46 111	0.0063193199893478436 0.35064935064935066
114 23 49 114	1.0 0.02922077922077922
114 23 51 116	0.0035587188612099642 0.0025974025974025974
114 23 58 123	0.46153846153846156 0.001948051948051948
114 23 67 2	0.022388059701492536 0.0006493506493506494
114 23 88	0.8571428571428571 0.011688311688311689
114 23 88 23	0.09523809523809523 0.0012987012987012987
114 23 88 88	0.09523809523809523 0.0012987012987012987
114 23 88 123	1.0 0.0006493506493506494
114 23 123	0.5 0.0006493506493506494
114 24 89	0.010638297872340425 0.05844155844155844
114 24 89 8	0.007653061224489796 0.0012987012987012987
114 24 89 23	0.013605442176870748 0.0012987012987012987
114 24 89 39	0.001447178002894356 0.0006493506493506494
114 24 89 67	9.959167413604223e-05 0.0006493506493506494
114 24 89 73	0.00909090909090909 0.0012987012987012987
114 24 89 88	0.01419698314108252 0.0012987012987012987
114 24 89 121	0.012738853503184714 0.0006493506493506494
114 24 89 123	0.05203619909502263 0.0025974025974025974
114 26	0.2835820895522388 0.011688311688311689
114 26 0	0.875 0.006493506493506494
114 26 0 65	0.875 0.0006493506493506494
114 26 30 85	0.043540074640127956 0.032467532467532464
114 26 30 95	0.041019955654102 0.007792207792207792
114 26 32 97	0.875 0.001948051948051948
114 26 33 91	0.875 0.004545454545454545
114 26 33 97	0.875 0.001948051948051948
114 26 33 98	0.875 0.001948051948051948
114 26 45 110	1.0 0.0025974025974025974
114 26 49 114	0.9602223754525082 0.21753246753246752
114 26 91	0.8871493803000652 0.09610389610389611
114 26 91 8	0.13333333333333333 0.0012987012987012987
114 26 91 26	0.30910806984426614 0.011688311688311689
114 26 91 65	0.958904109589041 0.0006493506493506494
114 26 91 73	0.14814814814814814 0.0012987012987012987
114 26 91 121	0.25 0.0006493506493506494
114 26 97 0	1.0 0.006493506493506494
114 26 97 91	0.7 0.004545454545454545
114 26 98 0	1.0 0.006493506493506494
114 26 98 91	0.7 0.004545454545454545
114 26 107	0.8301886792452831 0.015584415584415584
114 26 107 56	0.6666666666666666 0.0006493506493506494
114 26 108	0.2631578947368421 0.001948051948051948
114 27 27	0.2727272727272727 0.0006493506493506494
114 27 27 27	0.19791666666666666 0.0006493506493506494
114 27 27 92	0.19791666666666666 0.0006493506493506494
114 27 30 85	0.0010309278350515464 0.0006493506493506494
114 27 30 95	0.002512562814070352 0.001948051948051948
114 27 92	0.2727272727272727 0.0006493506493506494
114 27 92 27	0.16161616161616163 0.0006493506493506494
114 27 92 92	0.16161616161616163 0.0006493506493506494
114 28 93 108	0.4166666666666667 0.003246753246753247
114 28 118	0.1111111111111111 0.0006493506493506494
114 28 118 108	0.7142857142857143 0.003246753246753247
114 29 94 108	0.7142857142857143 0.003246753246753247
114 29 114	1.0 0.02922077922077922
114 29 114 23	0.5 0.0012987012987012987
114 29 114 43	1.0 0.0006493506493506494
114 29 114 108	0.7142857142857143 0.003246753246753247
114 30 15 80	0.0007598784194528875 0.0006493506493506494
114 30 15 100	0.004459640255686042 0.03766233766233766
114 30 18 85	0.01180377127068674 0.14025974025974025
114 30 18 86	0.0008501451716521419 0.0006493506493506494
114 30 18 95	0.01104583160171597 0.01948051948051948
114 30 18 122	5.466273095003826e-05 0.0006493506493506494
114 30 27 85	0.01055944963655244 0.07467532467532467
114 30 27 95	0.008228817887747574 0.014285714285714285
114 30 34 104	0.003292298883481248 0.004545454545454545
114 30 34 105	0.00786190394804307 0.01103896103896104
114 30 34 117	0.034108527131782945 0.005844155844155844
114 30 45 108	0.002987622705932565 0.0006493506493506494
114 30 83 85	0.01180400859263273 0.14025974025974025
114 30 83 95	0.011044817589454943 0.01948051948051948
114 30 83 122	5.466273095003826e-05 0.0006493506493506494
114 30 85	0.011906454364515212 0.06623376623376623
114 30 85 121	0.24 0.0025974025974025974
114 30 92 85	0.01045576062927356 0.07467532467532467
114 30 92 95	0.008060033351862146 0.014285714285714285
114 30 95	0.015261927677712086 0.024025974025974027
114 30 95 27	0.0008716988441919029 0.0006493506493506494
114 30 95 77	0.017377567140600316 0.001948051948051948
114 30 95 91	0.6491228070175439 0.013636363636363636
114 30 95 92	0.0008822952748186393 0.0006493506493506494
114 30 95 105	0.011387473778843273 0.02077922077922078
114 30 95 117	0.027227722772277228 0.005844155844155844
114 32 91	1.0 0.004545454545454545
114 32 98 33	0.4 0.0006493506493506494
114 33	0.3333333333333333 0.0012987012987012987
114 33 0	1.0 0.006493506493506494
114 33 6 71	0.3333333333333333 0.0006493506493506494
114 33 10 75	0.004132231404958678 0.0006493506493506494
114 33 33 98	1.0 0.001948051948051948
114 33 46 111	0.6666666666666666 0.02857142857142857
114 33 49 114	1.0 0.22662337662337662
114 33 91	0.875 0.00909090909090909
114 33 91 26	0.41025641025641024 0.003896103896103896
114 33 97	1.0 0.001948051948051948
114 33 98	0.9047619047619048 0.003896103896103896
114 33 98 0	1.0 0.006493506493506494
114 33 98 33	0.3170731707317073 0.0012987012987012987
114 35 80	8.128098837681866e-05 0.0006493506493506494
114 35 80 77	0.005192675594424706 0.001948051948051948
114 35 80 85	0.007777144436383736 0.1279220779220779
114 35 80 95	0.0015351213842408826 0.012987012987012988
114 35 80 104	0.0032620949365570508 0.014935064935064935
114 35 80 105	0.0038205305761837677 0.023376623376623377
114 35 80 117	0.0029239766081871343 0.0025974025974025974
114 35 100	0.002584880211579841 0.137012987012987
114 35 100 23	0.0007874015748031496 0.0012987012987012987
114 35 100 26	0.1716147719044171 0.005194805194805195
114 35 100 58	0.002191838012733535 0.0012987012987012987
114 35 100 65	0.15401540154015403 0.0006493506493506494
114 35 100 67	0.00020283975659229209 0.0006493506493506494
114 35 100 109	0.004016568344420736 0.0012987012987012987
114 35 103 31	0.02158273381294964 0.0006493506493506494
114 36 101	0.00904277930208293 0.07142857142857142
114 36 101 8	0.002967359050445104 0.001948051948051948
114 36 101 44	0.0015785319652722968 0.0006493506493506494
114 36 101 109	0.002457002457002457 0.0012987012987012987
114 36 101 123	0.004219409282700422 0.0006493506493506494
114 36 127	0.0044943820224719105 0.0012987012987012987
114 37 102	0.03234880450070324 0.01103896103896104
114 37 102 8	0.0625 0.0006493506493506494
114 37 102 44	0.09836065573770492 0.0006493506493506494
114 37 102 73	0.06451612903225806 0.0006493506493506494
114 37 111	0.003232758620689655 0.001948051948051948
114 37 114	0.898876404494382 0.05194805194805195
114 38 103	0.004166666666666667 0.0006493506493506494
114 39 15 80	0.0002472799208704253 0.0006493506493506494
114 39 15 100	0.0022707161103968742 0.04415584415584416
114 39 18 85	0.01350621285791464 0.08181818181818182
114 39 27 104	0.005633802816901409 0.0006493506493506494
114 39 30 85	0.010551514593499678 0.14285714285714285
114 39 30 86	0.00023969319271332693 0.0006493506493506494
114 39 30 95	0.0023771281721811756 0.01038961038961039
114 39 30 104	0.014705882352941176 0.001948051948051948
114 39 52 85	0.01031667713286086 0.02142857142857143
114 39 52 105	0.01824817518248175 0.003896103896103896
114 39 77	0.007438894792773645 0.005194805194805195
114 39 77 109	0.00390625 0.0006493506493506494
114 39 83 85	0.013500540021600864 0.08181818181818182
114 39 85	0.032327586206896554 0.005844155844155844
114 39 92 104	0.005555555555555556 0.0012987012987012987
114 39 93 75	0.0003595182455509617 0.0012987012987012987
114 39 93 110	0.0005095541401273885 0.0012987012987012987
114 39 99 85	0.007927385821980324 0.14675324675324675
114 39 99 86	0.0001669727834362999 0.0006493506493506494
114 39 99 95	0.0054219707685054215 0.00974025974025974
114 39 99 122	0.013333333333333334 0.0006493506493506494
114 39 104	0.024281562802712302 0.16428571428571428
114 39 104 8	0.0019801980198019802 0.0006493506493506494
114 39 104 23	0.017391304347826087 0.0012987012987012987
114 39 104 73	0.0030959752321981426 0.0006493506493506494
114 39 104 88	0.018018018018018018 0.0012987012987012987
114 39 104 109	0.0030627871362940277 0.0006493506493506494
114 39 105	0.011115095016134816 0.07012987012987013
114 39 105 26	0.0763888888888889 0.001948051948051948
114 39 105 56	0.5 0.0006493506493506494
114 39 105 123	0.013108614232209739 0.0025974025974025974
114 39 117 56	0.10526315789473684 0.0012987012987012987
114 39 117 105	0.020179372197309416 0.005844155844155844
114 39 121 56	0.0273972602739726 0.0006493506493506494
114 39 126	0.0004923682914820286 0.0006493506493506494
114 40 15 80	0.00015610365282547612 0.0006493506493506494
114 40 15 100	0.0018857917378749484 0.03896103896103896
114 40 18 85	0.010955302366345312 0.1383116883116883
114 40 27 77	0.0037735849056603774 0.0006493506493506494
114 40 27 85	0.015071590052750565 0.07662337662337662
114 40 27 105	0.02035203520352035 0.008441558441558441
114 40 30 85	0.01132150364002129 0.22792207792207791
114 40 30 86	0.00010409076714895389 0.0006493506493506494
114 40 30 95	0.004816223067173638 0.015584415584415584
114 40 30 104	0.010526315789473684 0.001948051948051948
114 40 33 105	0.04411764705882353 0.001948051948051948
114 40 34 105	0.015706806282722512 0.005844155844155844
114 40 46 111	0.007751937984496124 0.001948051948051948
114 40 52 85	0.008041306923988488 0.025974025974025976
114 40 52 105	0.01447876447876448 0.005844155844155844
114 40 77	0.00780678214198585 0.012337662337662338
114 40 77 23	0.004032258064516129 0.0006493506493506494
114 40 77 26	0.03773584905660377 0.0012987012987012987
114 40 77 58	0.007042253521126761 0.0006493506493506494
114 40 77 88	0.004464285714285714 0.0006493506493506494
114 40 77 109	0.0037418147801683817 0.0012987012987012987
114 40 83 85	0.010891987787771269 0.1383116883116883
114 40 83 95	0.00644545237526856 0.012987012987012988
114 40 83 105	0.010752688172043012 0.001948051948051948
114 40 85	0.019348268839103868 0.03636363636363636
114 40 92 85	0.0149812734082397 0.07662337662337662
114 40 93 75	0.0005870513250587051 0.0025974025974025974
114 40 95 105	0.028391167192429023 0.005844155844155844
114 40 99 85	0.00810798317385476 0.17857142857142858
114 40 99 86	8.625150940141452e-05 0.0006493506493506494
114 40 99 95	0.005430932703659976 0.013636363636363636
114 40 104	0.007509083568833266 0.06168831168831169
114 40 104 8	0.00199203187250996 0.0006493506493506494
114 40 104 23	0.030612244897959183 0.0006493506493506494
114 40 104 73	0.0020325203252032522 0.0006493506493506494
114 40 104 109	0.0027624309392265192 0.0012987012987012987
114 40 105	0.02866280473087135 0.38961038961038963
114 40 105 8	0.02613065326633166 0.005844155844155844
114 40 105 26	0.14165261382799327 0.007142857142857143
114 40 105 33	0.011111111111111112 0.0006493506493506494
114 40 105 43	0.0010512483574244415 0.0006493506493506494
114 40 105 56	1.0 0.0006493506493506494
114 40 105 67	0.0001211827435773146 0.0006493506493506494
114 40 105 73	0.028618602091359385 0.005844155844155844
114 40 117	0.019791666666666666 0.005844155844155844
114 40 118 75	0.0005724098454493417 0.0006493506493506494
114 40 122	0.001949317738791423 0.0006493506493506494
114 40 126	0.0004753981459472308 0.0006493506493506494
114 40 126 2	0.0011439708499279722 0.00974025974025974
114 41 106	0.004152823920265781 0.00974025974025974
114 41 106 43	0.0030581039755351682 0.0006493506493506494
114 41 106 44	0.017964071856287425 0.0006493506493506494
114 42	0.05660377358490566 0.001948051948051948
114 42 28 93	0.05555555555555555 0.0006493506493506494
114 42 28 104	0.00749063670411985 0.0012987012987012987
114 42 28 117	0.3333333333333333 0.001948051948051948
114 42 49 114	0.4426691729323308 0.21038961038961038
114 42 91	0.5866666666666667 0.03896103896103896
114 42 107	0.7525773195876289 0.026623376623376622
114 42 107 56	0.3333333333333333 0.0006493506493506494
114 42 108	0.01680672268907563 0.0006493506493506494
114 43	0.08771929824561403 0.0006493506493506494
114 43 21 85	0.0004361098996947231 0.0012987012987012987
114 43 28 93	0.08333333333333333 0.0006493506493506494
114 43 28 118	0.1388888888888889 0.0006493506493506494
114 43 29 94	0.8333333333333334 0.0006493506493506494
114 43 29 114	0.8333333333333334 0.02922077922077922
114 43 30 85	0.0004361098996947231 0.0012987012987012987
114 43 49 94	0.8333333333333334 0.0006493506493506494
114 43 49 114	0.8333333333333334 0.02922077922077922
114 43 53 93	0.08333333333333333 0.0006493506493506494
114 43 53 118	0.1388888888888889 0.0006493506493506494
114 43 81	0.008166295471417966 0.005844155844155844
114 43 81 8	0.125 0.0012987012987012987
114 43 81 40	0.0020242914979757085 0.0006493506493506494
114 43 81 73	0.13333333333333333 0.0012987012987012987
114 43 91	0.8333333333333334 0.0025974025974025974
114 43 107	1.0 0.0012987012987012987
114 43 108	0.0735080058224163 0.033766233766233764
114 43 108 8	0.45454545454545453 0.0006493506493506494
114 43 108 26	0.3023255813953488 0.0025974025974025974
114 43 108 43	0.018295870360690015 0.0006493506493506494
114 43 108 73	0.45454545454545453 0.0006493506493506494
114 43 110 77	0.016853932584269662 0.0006493506493506494
114 43 110 85	0.0005901445854234287 0.006493506493506494
114 43 110 95	0.001736111111111111 0.001948051948051948
114 44 12 104	0.0007716049382716049 0.0006493506493506494
114 44 12 105	0.0016012810248198558 0.0012987012987012987
114 44 35 100	0.000813685798205922 0.00909090909090909
114 44 36 101	0.00392156862745098 0.0025974025974025974
114 44 39 104	0.0014534883720930232 0.0006493506493506494
114 44 39 105	0.0023584905660377358 0.0012987012987012987
114 44 44 109	0.0684931506849315 0.0012987012987012987
114 44 46 111	0.0024027980971389265 0.05584415584415584
114 44 51 116	0.002526847757422615 0.0012987012987012987
114 44 109	0.12643678160919541 0.001948051948051948
114 44 109 109	0.09615384615384616 0.0012987012987012987
114 45 6 71	0.004944375772558714 0.0025974025974025974
114 45 10 75	0.009950248756218905 0.0012987012987012987
114 45 28 104	0.023809523809523808 0.0012987012987012987
114 45 28 117	0.3333333333333333 0.0006493506493506494
114 45 30 85	0.0021782178217821784 0.007142857142857143
114 45 37 111	0.0010121457489878543 0.003246753246753247
114 45 110	0.010505794433012023 0.03051948051948052
114 45 110 8	0.06315789473684211 0.0012987012987012987
114 45 110 44	0.00100150225338007 0.0006493506493506494
114 45 110 72	0.043478260869565216 0.0006493506493506494
114 45 110 73	0.06741573033707865 0.0012987012987012987
114 45 110 85	0.0026455026455026454 0.001948051948051948
114 45 110 91	1.0 0.016233766233766232
114 46 102	0.00025462570022067563 0.001948051948051948
114 46 102 110	0.024390243902439025 0.0006493506493506494
114 46 102 123	0.0064516129032258064 0.0006493506493506494
114 46 111	0.04199226264496007 0.8435064935064935
114 46 111 8	0.02445452275380805 0.007792207792207792
114 46 111 23	0.008320975449003131 0.012337662337662338
114 46 111 26	0.07476194223656253 0.01103896103896104
114 46 111 33	0.0036213991769547325 0.0006493506493506494
114 46 111 39	6.25100276502689e-06 0.0006493506493506494
114 46 111 43	0.000533768759242388 0.0006493506493506494
114 46 111 44	0.0007885111012141611 0.003246753246753247
114 46 111 50	0.0018704255895906749 0.001948051948051948
114 46 111 56	0.010479041916167664 0.0006493506493506494
114 46 111 58	0.004112796498014863 0.005194805194805195
114 46 111 65	0.015960842732496275 0.0006493506493506494
114 46 111 67	0.0004950643583665876 0.007792207792207792
114 46 111 69	0.00012282641118773139 0.0012987012987012987
114 46 111 72	0.02877891339429801 0.003896103896103896
114 46 111 73	0.04520503511857979 0.007792207792207792
114 46 111 88	0.00903724872633146 0.011688311688311689
114 46 111 98	0.7213114754098361 0.0006493506493506494
114 46 111 105	0.0035714285714285713 0.0006493506493506494
114 46 111 109	0.002371033319697109 0.001948051948051948
114 46 111 115	0.0025129431711526234 0.0025974025974025974
114 46 111 120	0.00033655868742111904 0.0006493506493506494
114 46 111 121	0.017040589141976367 0.004545454545454545
114 46 111 123	0.00897437355687751 0.011688311688311689
114 48 113	1.0 0.0006493506493506494
114 48 114	0.01644736842105263 0.003246753246753247
114 49 94	0.9 0.0006493506493506494
114 49 94 108	0.6428571428571429 0.003246753246753247
114 49 102	0.1523809523809524 0.0012987012987012987
114 49 111 123	0.9 0.0006493506493506494
114 49 114	0.9184048857694725 1.0
114 49 114 0	0.8587570621468926 0.006493506493506494
114 49 114 2	0.05695327619574233 0.001948051948051948
114 49 114 8	0.4527424428942689 0.004545454545454545
114 49 114 23	0.03279883381924198 0.0012987012987012987
114 49 114 26	0.29490165974005345 0.011688311688311689
114 49 114 33	0.2563800549666274 0.0012987012987012987
114 49 114 42	0.09645709604751178 0.001948051948051948
114 49 114 43	0.02690100430416069 0.0006493506493506494
114 49 114 56	0.07675438596491228 0.0012987012987012987
114 49 114 58	0.18317094774136403 0.0025974025974025974
114 49 114 65	0.8587570621468926 0.0006493506493506494
114 49 114 67	0.03128005263957079 0.001948051948051948
114 49 114 73	0.5930836767604372 0.004545454545454545
114 49 114 88	0.029051000645577793 0.0012987012987012987
114 49 114 91	0.8254056456990442 0.04090909090909091
114 49 114 98	0.8614775725593667 0.001948051948051948
114 49 114 107	0.8870056497175142 0.004545454545454545
114 49 114 108	0.6428571428571429 0.003246753246753247
114 49 114 121	0.21920668058455114 0.0025974025974025974
114 49 114 123	0.48317757009345796 0.0025974025974025974
114 50 1 66	0.0125 0.0006493506493506494
114 50 10 75	0.004132231404958678 0.0006493506493506494
114 50 46 111	0.0027064997314160573 0.03961038961038961
114 50 50	0.8 0.001948051948051948
114 50 67 2	0.02040816326530612 0.0012987012987012987
114 50 115	0.8333333333333334 0.0025974025974025974
114 51 0 58	1.0 0.0006493506493506494
114 51 116	0.005283412693235927 0.04090909090909091
114 51 116 8	0.018581081081081082 0.0012987012987012987
114 51 116 23	0.00516795865633075 0.0012987012987012987
114 51 116 58	0.001440922190201729 0.0006493506493506494
114 51 116 73	0.022199798183652877 0.0012987012987012987
114 51 116 88	0.005610098176718092 0.0012987012987012987
114 51 116 109	0.005263157894736842 0.0012987012987012987
114 51 116 121	0.027932960893854747 0.0012987012987012987
114 52 15 100	0.0036834350663018313 0.02207792207792208
114 52 18 85	0.00558659217877095 0.0025974025974025974
114 52 27 104	0.014084507042253521 0.0006493506493506494
114 52 30 85	0.01757469244288225 0.03896103896103896
114 52 30 95	0.011982570806100218 0.011688311688311689
114 52 77	0.006787330316742082 0.001948051948051948
114 52 83 85	0.00558659217877095 0.0025974025974025974
114 52 93 107	1.0 0.001948051948051948
114 52 99 85	0.016993957703927493 0.03896103896103896
114 52 99 95	0.013268998793727383 0.011688311688311689
114 52 104	0.0050735667174023336 0.005844155844155844
114 52 104 67	0.00641025641025641 0.0006493506493506494
114 52 105	0.006661991584852735 0.007792207792207792
114 52 105 67	0.0012239902080783353 0.0006493506493506494
114 52 105 123	0.0410958904109589 0.001948051948051948
114 52 117	0.16824644549763032 0.03831168831168831
114 52 117 56	0.1111111111111111 0.0006493506493506494
114 52 126	0.0031545741324921135 0.0006493506493506494
114 52 126 2	0.0015764582238570678 0.0012987012987012987
114 53 93 108	0.7142857142857143 0.003246753246753247
114 53 118	0.16666666666666666 0.0006493506493506494
114 53 118 108	0.7142857142857143 0.003246753246753247
114 54 119	0.1 0.0012987012987012987
114 55 10 75	0.008264462809917356 0.0012987012987012987
114 55 46 111	0.004362050163576881 0.0025974025974025974
114 55 120	1.0 0.0006493506493506494
114 56	0.14285714285714285 0.0006493506493506494
114 56 8	0.1111111111111111 0.0006493506493506494
114 56 8 8	0.16666666666666666 0.0012987012987012987
114 56 8 73	0.16666666666666666 0.0012987012987012987
114 56 16 81	0.0156794425087108 0.003246753246753247
114 56 20 85	0.0056694286960314 0.01753246753246753
114 56 20 95	0.011538461538461539 0.0025974025974025974
114 56 24 89	0.0013157894736842105 0.0012987012987012987
114 56 26 91	0.2222222222222222 0.0012987012987012987
114 56 40 105	0.02631578947368421 0.0006493506493506494
114 56 46 111	0.003658424487544811 0.0987012987012987
114 56 49 114	0.328125 0.06818181818181818
114 56 51 116	0.00429553264604811 0.003246753246753247
114 56 58 123	0.3333333333333333 0.0006493506493506494
114 56 73	0.1111111111111111 0.0006493506493506494
114 56 73 8	0.19444444444444445 0.0012987012987012987
114 56 73 73	0.19444444444444445 0.0012987012987012987
114 56 121	1.0 0.004545454545454545
114 57 18 85	0.003973105134474328 0.008441558441558441
114 57 30 85	0.0014265335235378032 0.0006493506493506494
114 57 34 104	0.0028735632183908046 0.0006493506493506494
114 57 52 85	0.0017513134851138354 0.0006493506493506494
114 57 83 85	0.003948967193195626 0.008441558441558441
114 57 95 104	0.25 0.0006493506493506494
114 57 105	0.023255813953488372 0.0006493506493506494
114 57 122	0.03801732435033686 0.03701298701298701
114 57 122 44	0.009708737864077669 0.0006493506493506494
114 58	0.13333333333333333 0.0025974025974025974
114 58 8 123	0.6304347826086957 0.003896103896103896
114 58 16 81	0.017632241813602016 0.0025974025974025974
114 58 20 85	0.017861699413115592 0.045454545454545456
114 58 23 88	0.3333333333333333 0.0006493506493506494
114 58 24 89	0.0097997443544951 0.011688311688311689
114 58 26 97	1.0 0.001948051948051948
114 58 35 100	0.01750663129973475 0.02142857142857143
114 58 36 101	0.00546448087431694 0.0012987012987012987
114 58 37 111	0.0010683760683760685 0.0006493506493506494
114 58 39 104	0.125 0.0006493506493506494
114 58 40 104	0.0071794871794871795 0.004545454545454545
114 58 40 105	0.007897334649555774 0.005194805194805195
114 58 40 117	0.08108108108108109 0.001948051948051948
114 58 40 126	0.005025125628140704 0.0006493506493506494
114 58 45 110	0.375 0.001948051948051948
114 58 46 111	0.00717207526588492 0.35194805194805195
114 58 46 114	1.0 0.02922077922077922
114 58 49 114	1.0 0.474025974025974
114 58 73 123	0.7073170731707317 0.003896103896103896
114 58 88 23	0.3333333333333333 0.0006493506493506494
114 58 123	0.8333333333333334 0.012337662337662338
114 58 123 8	0.3076923076923077 0.0006493506493506494
114 58 123 23	0.46153846153846156 0.001948051948051948
114 58 123 58	0.047058823529411764 0.0025974025974025974
114 58 123 73	0.3076923076923077 0.0006493506493506494
114 58 123 88	0.46153846153846156 0.001948051948051948
114 58 123 121	0.5 0.0006493506493506494
114 61 18 85	0.0009677865339416563 0.004545454545454545
114 61 18 86	0.001314060446780552 0.0006493506493506494
114 61 83 85	0.0009675190048375951 0.004545454545454545
114 61 83 86	0.001314060446780552 0.0006493506493506494
114 61 86	0.125 0.0006493506493506494
114 61 104	0.00684931506849315 0.0006493506493506494
114 61 104 67	0.16666666666666666 0.0006493506493506494
114 61 105	0.005571030640668524 0.0012987012987012987
114 61 105 67	0.009615384615384616 0.0006493506493506494
114 61 105 123	0.25 0.0006493506493506494
114 61 126	0.08771929824561403 0.003246753246753247
114 61 126 2	0.003861003861003861 0.0006493506493506494
114 62 101	0.004405286343612335 0.0012987012987012987
114 62 101 8	0.030303030303030304 0.0012987012987012987
114 62 127	0.07905138339920949 0.00909090909090909
114 63 128	0.013100436681222707 0.001948051948051948
114 63 128 67	0.007874015748031496 0.0012987012987012987
114 65	1.0 0.0006493506493506494
114 65 0	1.0 0.006493506493506494
114 65 0 26	0.3 0.0006493506493506494
114 65 0 65	1.0 0.0006493506493506494
114 65 32 91	1.0 0.004545454545454545
114 65 32 98	1.0 0.001948051948051948
114 65 33 91	1.0 0.004545454545454545
114 65 49 114	1.0 0.1974025974025974
114 65 91	0.7 0.004545454545454545
114 65 91 26	0.64 0.003896103896103896
114 65 91 65	1.0 0.0006493506493506494
114 65 98	1.0 0.0012987012987012987
114 65 98 33	0.5 0.0006493506493506494
114 67	0.009259259259259259 0.0012987012987012987
114 67 2	0.15683732987686325 0.05389610389610389
114 67 2 8	0.09782608695652174 0.0006493506493506494
114 67 2 23	0.05 0.0006493506493506494
114 67 2 33	0.5 0.0006493506493506494
114 67 2 43	0.3333333333333333 0.0006493506493506494
114 67 2 50	0.018518518518518517 0.0006493506493506494
114 67 2 58	0.09302325581395349 0.0006493506493506494
114 67 2 73	0.09574468085106383 0.0006493506493506494
114 67 2 88	0.047244094488188976 0.0006493506493506494
114 67 2 115	0.024691358024691357 0.0012987012987012987
114 67 2 123	0.021739130434782608 0.0006493506493506494
114 67 6 71	0.0007768055016107291 0.007792207792207792
114 67 21 85	0.007495105237395987 0.06298701298701298
114 67 49 114	0.6204819277108434 0.2038961038961039
114 67 61 77	0.005263157894736842 0.003246753246753247
114 67 61 85	0.010751724755846251 0.03051948051948052
114 67 61 104	0.0006575486586007364 0.003246753246753247
114 67 61 105	0.002893270467209601 0.01753246753246753
114 67 61 117	0.00964630225080386 0.001948051948051948
114 67 61 126	0.0003288391976323578 0.0006493506493506494
114 69 21 85	0.014506769825918761 0.02922077922077922
114 73	0.46153846153846156 0.004545454545454545
114 73 8	0.45112781954887216 0.00909090909090909
114 73 8 8	0.3240371845949535 0.005194805194805195
114 73 8 73	0.40602409638554215 0.005844155844155844
114 73 8 121	1.0 0.0006493506493506494
114 73 16 81	0.029182879377431907 0.001948051948051948
114 73 16 108	0.015748031496062992 0.0006493506493506494
114 73 20 85	0.03086344151867728 0.025324675324675326
114 73 24 89	0.004048582995951417 0.0012987012987012987
114 73 26 91	0.3333333333333333 0.0012987012987012987
114 73 36 101	0.004509582863585118 0.0012987012987012987
114 73 36 127	0.010810810810810811 0.0006493506493506494
114 73 37 102	0.11764705882352941 0.0012987012987012987
114 73 39 104	0.006097560975609756 0.0006493506493506494
114 73 39 105	0.004048582995951417 0.0006493506493506494
114 73 40 105	0.04861878453038674 0.01103896103896104
114 73 43 108	0.7142857142857143 0.003246753246753247
114 73 45 110	0.007653061224489796 0.003246753246753247
114 73 46 111	0.03697381208122347 0.2961038961038961
114 73 49 94	1.0 0.0006493506493506494
114 73 49 114	1.0 0.33246753246753247
114 73 51 116	0.005154639175257732 0.0012987012987012987
114 73 58 123	1.0 0.0006493506493506494
114 73 67 2	0.02564102564102564 0.0006493506493506494
114 73 73	0.5357142857142857 0.00909090909090909
114 73 73 8	0.386066763425254 0.005194805194805195
114 73 73 73	0.44333333333333336 0.005194805194805195
114 73 73 121	1.0 0.0006493506493506494
114 79 14	1.0 0.0012987012987012987
114 79 21 85	0.00436109899694723 0.006493506493506494
114 79 30 85	0.007407407407407408 0.0006493506493506494
114 88	0.10526315789473684 0.0012987012987012987
114 88 1 66	0.02857142857142857 0.0006493506493506494
114 88 12 77	0.011627906976744186 0.0006493506493506494
114 88 12 105	0.002331002331002331 0.0006493506493506494
114 88 16 81	0.0047169811320754715 0.0006493506493506494
114 88 20 85	0.004856650477831741 0.02012987012987013
114 88 23	0.8636363636363636 0.012337662337662338
114 88 23 123	1.0 0.0006493506493506494
114 88 24 89	0.008888888888888889 0.01038961038961039
114 88 39 104	0.010050251256281407 0.0025974025974025974
114 88 39 105	0.016822429906542057 0.005844155844155844
114 88 40 105	0.002066115702479339 0.0006493506493506494
114 88 46 111	0.006257404950586366 0.3525974025974026
114 88 49 114	1.0 0.02922077922077922
114 88 51 116	0.0035587188612099642 0.0025974025974025974
114 88 58 123	0.46153846153846156 0.001948051948051948
114 88 67 2	0.022388059701492536 0.0006493506493506494
114 88 88	0.8571428571428571 0.011688311688311689
114 88 88 23	0.09523809523809523 0.0012987012987012987
114 91	0.9620253164556962 0.03831168831168831
114 91 20 85	0.040530431825909555 0.048701298701298704
114 91 26	0.536036036036036 0.011688311688311689
114 91 26 0	1.0 0.006493506493506494
114 91 26 91	0.9562043795620438 0.052597402597402594
114 91 26 98	1.0 0.0012987012987012987
114 91 35 100	0.009909062402006898 0.03961038961038961
114 91 40 105	0.0988235294117647 0.01883116883116883
114 91 43 108	0.07065217391304347 0.003246753246753247
114 91 46 111	0.013001276177898514 0.12727272727272726
114 91 49 114	0.993534290555605 0.21363636363636362
114 91 65 0	1.0 0.006493506493506494
114 91 65 98	1.0 0.0012987012987012987
114 91 88 88	1.0 0.0006493506493506494
114 92 27	0.2727272727272727 0.0006493506493506494
114 92 27 27	0.19791666666666666 0.0006493506493506494
114 92 27 92	0.19791666666666666 0.0006493506493506494
114 92 30 85	0.0010309278350515464 0.0006493506493506494
114 92 30 95	0.002512562814070352 0.001948051948051948
114 92 92	0.2727272727272727 0.0006493506493506494
114 92 92 27	0.16161616161616163 0.0006493506493506494
114 92 92 92	0.16161616161616163 0.0006493506493506494
114 96 6 71	0.0036194415718717684 0.0012987012987012987
114 96 31	1.0 0.0006493506493506494
114 96 38 100	0.0035714285714285713 0.0006493506493506494
114 98	1.0 0.001948051948051948
114 98 32 91	1.0 0.004545454545454545
114 98 33 97	1.0 0.001948051948051948
114 98 33 98	1.0 0.0025974025974025974
114 98 40 105	0.25 0.0006493506493506494
114 98 43	1.0 0.0006493506493506494
114 98 43 108	0.7142857142857143 0.003246753246753247
114 98 46 111	0.014699331848552339 0.02857142857142857
114 98 49 94	1.0 0.0006493506493506494
114 98 49 114	1.0 0.22662337662337662
114 104 24 89	0.023333333333333334 0.00909090909090909
114 104 46 111	0.0011171797418073487 0.005844155844155844
114 105 16 108	0.008 0.0006493506493506494
114 105 40	1.0 0.0006493506493506494
114 105 43 81	0.01020408163265306 0.0006493506493506494
114 107	1.0 0.001948051948051948
114 107 42	0.75 0.001948051948051948
114 107 49 114	0.8380782918149466 0.1974025974025974
114 108	0.7142857142857143 0.003246753246753247
114 108 8 73	1.0 0.0006493506493506494
114 108 12 77	0.08823529411764706 0.001948051948051948
114 108 16 81	0.3333333333333333 0.0006493506493506494
114 108 41 106	0.004081632653061225 0.0006493506493506494
114 108 43	1.0 0.0006493506493506494
114 108 43 108	0.7142857142857143 0.003246753246753247
114 108 46 111	0.015688511730728088 0.02857142857142857
114 108 49 94	1.0 0.0006493506493506494
114 108 49 114	0.9782608695652174 0.02922077922077922
114 108 58 123	1.0 0.0006493506493506494
114 108 67 2	0.2903225806451613 0.004545454545454545
114 108 73	1.0 0.0006493506493506494
114 109 1 66	0.0014492753623188406 0.0006493506493506494
114 109 6 71	0.001059322033898305 0.0006493506493506494
114 109 10 75	0.0058309037900874635 0.0012987012987012987
114 109 36 101	0.008888888888888889 0.0012987012987012987
114 109 37 102	0.008784773060029283 0.0012987012987012987
114 109 41 106	0.0013630168105406633 0.0006493506493506494
114 109 44	0.39285714285714285 0.003246753246753247
114 109 45 44	1.0 0.0006493506493506494
114 109 45 110	0.0012445550715619166 0.0006493506493506494
114 109 46 111	0.0010999791895828998 0.014935064935064935
114 109 57 122	0.014285714285714285 0.0006493506493506494
114 109 110 44	1.0 0.0006493506493506494
114 115 1 66	0.0125 0.0006493506493506494
114 115 10 75	0.004132231404958678 0.0006493506493506494
114 115 20 85	0.01579626047711154 0.031818181818181815
114 115 46 111	0.002595831548174097 0.03961038961038961
114 115 50	0.8 0.001948051948051948
114 115 67 2	0.010526315789473684 0.0006493506493506494
114 115 115	0.8 0.001948051948051948
114 121	0.2 0.0006493506493506494
114 121 30 85	0.004530477759472817 0.007142857142857143
114 121 40 77	0.08695652173913043 0.0012987012987012987
114 121 40 104	0.02247191011235955 0.0012987012987012987
114 121 40 105	0.024691358024691357 0.0012987012987012987
114 121 42 107	1.0 0.0006493506493506494
114 121 46 111	0.0006414368184733803 0.004545454545454545
114 121 49 114	0.14285714285714285 0.05714285714285714
114 121 52 77	0.03571428571428571 0.0006493506493506494
114 121 52 104	0.03333333333333333 0.0025974025974025974
114 121 52 117	0.25 0.0006493506493506494
114 121 56	0.8333333333333334 0.003246753246753247
114 121 56 8	0.3333333333333333 0.0006493506493506494
114 121 56 104	0.06451612903225806 0.0012987012987012987
114 121 56 121	0.16666666666666666 0.0006493506493506494
114 123	0.3333333333333333 0.0025974025974025974
114 123 12 105	0.125 0.0006493506493506494
114 123 20 85	0.01027947317699968 0.02077922077922078
114 123 24 89	0.0016666666666666668 0.0012987012987012987
114 123 35 100	0.0026602482898403852 0.013636363636363636
114 123 46 111	0.008418245087620596 0.237012987012987
114 123 49 114	1.0 0.474025974025974
114 123 51 116	0.05555555555555555 0.0006493506493506494
114 123 58	1.0 0.007792207792207792
114 123 58 23	1.0 0.0006493506493506494
114 123 58 123	0.3333333333333333 0.0025974025974025974
114 123 65 0	0.9090909090909091 0.006493506493506494
114 123 65 116	0.07142857142857142 0.0006493506493506494
114 123 67 2	1.0 0.0025974025974025974
