30 27 92 85	0.1044776119402985 0.0748663101604278
30 34 30 85	0.014830508474576272 0.0748663101604278
30 34 30 122	0.5 0.0053475935828877
30 34 52 85	0.1037037037037037 0.0748663101604278
30 34 52 128	1.0 0.0748663101604278
30 34 99 85	0.00902061855670103 0.0748663101604278
30 34 99 128	1.0 0.0748663101604278
30 34 104	0.019230769230769232 0.03208556149732621
30 34 105	0.025906735751295335 0.026737967914438502
30 85	0.1044776119402985 0.0748663101604278
30 85 1 66	0.0136986301369863 0.0053475935828877
30 85 12 104	0.019230769230769232 0.03208556149732621
30 85 12 105	0.025906735751295335 0.026737967914438502
30 85 20 85	0.09248668901597318 0.0748663101604278
30 85 23	0.5714285714285714 0.016042780748663103
30 85 23 23	0.75 0.016042780748663103
30 85 24 89	0.5 0.0106951871657754
30 85 35 100	0.01282051282051282 0.0053475935828877
30 85 36 101	0.011816838995568686 0.016042780748663103
30 85 39 104	0.019190376169562727 0.0374331550802139
30 85 39 105	0.024853140533212834 0.026737967914438502
30 85 40 104	0.018996734936182844 0.03208556149732621
30 85 40 105	0.02555608140085187 0.0374331550802139
30 85 46 111	0.0012637984347797328 0.06417112299465241
30 85 51 116	0.02631578947368421 0.0053475935828877
30 85 57 104	0.019128586609989374 0.03208556149732621
30 85 57 105	0.025728987993138937 0.026737967914438502
30 85 63 128	0.7075812274368231 0.0748663101604278
30 85 88	0.6666666666666666 0.016042780748663103
30 85 88 23	0.75 0.016042780748663103
30 85 109 44	0.075 0.0053475935828877
30 95 30 85	0.034653465346534656 0.0748663101604278
30 95 34 104	0.019230769230769232 0.03208556149732621
30 95 34 105	0.025906735751295335 0.026737967914438502
30 95 52 85	0.1037037037037037 0.0748663101604278
30 95 52 128	1.0 0.0748663101604278
30 95 99 85	0.00902061855670103 0.0748663101604278
30 95 99 128	1.0 0.0748663101604278
30 95 104	0.019230769230769232 0.03208556149732621
30 95 105	0.02564102564102564 0.026737967914438502
30 95 128	1.0 0.0748663101604278
30 95 128 23	1.0 0.016042780748663103
30 117 30 85	0.014830508474576272 0.0748663101604278
30 117 52 85	0.1037037037037037 0.0748663101604278
30 117 52 128	1.0 0.0748663101604278
30 117 99 85	0.00902061855670103 0.0748663101604278
30 117 99 128	1.0 0.0748663101604278
30 117 104	0.019230769230769232 0.03208556149732621
30 117 104 88	0.3333333333333333 0.0053475935828877
30 117 105	0.025906735751295335 0.026737967914438502
30 117 105 23	0.25 0.0106951871657754
30 121 56 85	0.1044776119402985 0.0748663101604278
30 126 61 85	0.1044776119402985 0.0748663101604278
34 30 34 104	0.01904761904761905 0.03208556149732621
34 30 34 105	0.025510204081632654 0.026737967914438502
34 30 85	0.014830508474576272 0.0748663101604278
34 30 85 88	0.19047619047619047 0.016042780748663103
34 30 95 104	0.017958412098298678 0.0374331550802139
34 30 95 105	0.020512820512820513 0.03208556149732621
34 30 95 128	1.0 0.0748663101604278
34 30 117 105	0.025906735751295335 0.026737967914438502
34 30 122	0.5 0.0053475935828877
34 52 30 85	0.1044776119402985 0.0748663101604278
34 52 34 104	0.01910828025477707 0.03208556149732621
34 52 34 105	0.02564102564102564 0.026737967914438502
34 52 51 116	0.02631578947368421 0.0053475935828877
34 52 85	0.1037037037037037 0.0748663101604278
34 52 95 104	0.019169329073482427 0.03208556149732621
34 52 95 128	1.0 0.0748663101604278
34 52 117 104	0.019230769230769232 0.03208556149732621
34 52 117 105	0.025906735751295335 0.026737967914438502
34 52 128	1.0 0.0748663101604278
34 52 128 23	1.0 0.016042780748663103
34 52 128 88	1.0 0.016042780748663103
34 77 12 104	0.018542615484710475 0.03208556149732621
34 77 12 105	0.024002021222839818 0.026737967914438502
34 77 20 85	0.004260823251921174 0.0748663101604278
34 77 20 122	0.47619047619047616 0.0053475935828877
34 77 39 104	0.018117765475591345 0.03208556149732621
34 77 39 105	0.023492560689115115 0.026737967914438502
34 77 40 104	0.01834161253343523 0.03208556149732621
34 77 40 105	0.023880597014925373 0.026737967914438502
34 77 46 111	0.0008090669893869448 0.06417112299465241
34 93 28 104	0.019230769230769232 0.03208556149732621
34 93 28 105	0.025906735751295335 0.026737967914438502
34 93 30 122	0.5 0.0053475935828877
34 93 53 105	0.025906735751295335 0.026737967914438502
34 99 30 85	0.1044776119402985 0.0748663101604278
34 99 34 104	0.019230769230769232 0.03208556149732621
34 99 34 105	0.025906735751295335 0.026737967914438502
34 99 85	0.00902061855670103 0.0748663101604278
34 99 95 104	0.017356475300400534 0.0374331550802139
34 99 95 105	0.018612521150592216 0.03208556149732621
34 99 95 128	1.0 0.0748663101604278
34 99 117 105	0.025906735751295335 0.026737967914438502
34 99 122	0.5 0.0053475935828877
34 99 128	1.0 0.0748663101604278
34 99 128 23	1.0 0.016042780748663103
34 99 128 88	1.0 0.016042780748663103
34 104	0.019230769230769232 0.03208556149732621
34 104 12 104	0.019128586609989374 0.03208556149732621
34 104 12 105	0.02527379949452401 0.026737967914438502
34 104 20 85	0.0020202991966905576 0.0748663101604278
34 104 20 122	0.4845360824742268 0.0053475935828877
34 104 23	0.3333333333333333 0.0053475935828877
34 104 35 100	2.465665606430456e-05 0.0053475935828877
34 104 36 101	0.0002663588741898251 0.0053475935828877
34 104 39 104	0.019224054714617266 0.03208556149732621
34 104 39 105	0.025883524141363863 0.026737967914438502
34 104 40 104	0.01861852180220843 0.03208556149732621
34 104 40 105	0.023962848297213624 0.0374331550802139
34 104 46 111	0.0006528129138263681 0.06417112299465241
34 104 51 116	0.0011118832522585128 0.0053475935828877
34 104 57 104	0.019154030327214685 0.03208556149732621
34 104 57 105	0.02577319587628866 0.026737967914438502
34 104 57 122	0.010638297872340425 0.0053475935828877
34 104 63 128	0.5526315789473685 0.0748663101604278
34 104 88	0.3333333333333333 0.0053475935828877
34 105	0.025906735751295335 0.026737967914438502
34 105 12 104	0.018475750577367205 0.03208556149732621
34 105 12 105	0.02379535990481856 0.026737967914438502
34 105 20 85	0.003311551994323054 0.0748663101604278
34 105 20 122	0.4863636363636364 0.0053475935828877
34 105 23	0.25 0.0106951871657754
34 105 36 101	0.001847063169560399 0.016042780748663103
34 105 39 104	0.019130650359474425 0.0374331550802139
34 105 39 105	0.025461279015938098 0.026737967914438502
34 105 40 104	0.019225341590158217 0.03208556149732621
34 105 40 105	0.0258928331857576 0.026737967914438502
34 105 46 111	0.0005435240705593066 0.06417112299465241
34 105 51 116	0.003707627118644068 0.0053475935828877
34 105 57 104	0.019077901430842606 0.03208556149732621
34 105 57 105	0.02564102564102564 0.026737967914438502
34 105 63 128	0.6086956521739131 0.0748663101604278
34 105 88	0.2857142857142857 0.0106951871657754
34 117 28 105	0.025906735751295335 0.026737967914438502
34 117 52 104	0.019230769230769232 0.03208556149732621
34 117 53 104	0.019230769230769232 0.03208556149732621
34 117 53 105	0.025906735751295335 0.026737967914438502
34 118 28 104	0.019230769230769232 0.03208556149732621
34 118 53 104	0.019230769230769232 0.03208556149732621
34 118 53 105	0.025906735751295335 0.026737967914438502
34 121 56 104	0.019230769230769232 0.03208556149732621
34 121 56 105	0.025906735751295335 0.026737967914438502
34 122 20 85	0.09988109393579073 0.0748663101604278
34 122 39 104	0.019230769230769232 0.03208556149732621
34 122 39 105	0.025906735751295335 0.026737967914438502
34 122 46 111	0.0011768012084167633 0.06417112299465241
34 122 51 116	0.02631578947368421 0.0053475935828877
34 122 57 104	0.019230769230769232 0.03208556149732621
34 122 57 105	0.025906735751295335 0.026737967914438502
34 126 21 122	0.4 0.0053475935828877
34 126 61 104	0.019230769230769232 0.03208556149732621
34 126 61 105	0.025906735751295335 0.026737967914438502
51 116	0.02631578947368421 0.0053475935828877
51 116 12 104	0.019230769230769232 0.03208556149732621
51 116 20 85	0.1044776119402985 0.0748663101604278
51 116 23	0.5 0.0053475935828877
51 116 24 89	0.5 0.0106951871657754
51 116 30 85	0.1044776119402985 0.0748663101604278
51 116 34 104	0.0189873417721519 0.03208556149732621
51 116 35 100	0.01282051282051282 0.0053475935828877
51 116 39 104	0.0192 0.03208556149732621
51 116 39 105	0.025839793281653745 0.026737967914438502
51 116 40 104	0.019186843307446324 0.03208556149732621
51 116 40 105	0.025716385011021307 0.026737967914438502
51 116 46 111	0.001010061130084029 0.06417112299465241
51 116 51 116	0.02631578947368421 0.0053475935828877
51 116 57 104	0.019230769230769232 0.03208556149732621
51 116 57 105	0.025906735751295335 0.026737967914438502
51 116 63 128	0.4375 0.0748663101604278
51 116 88	0.5 0.0053475935828877
51 116 117 104	0.019230769230769232 0.03208556149732621
51 116 117 105	0.025906735751295335 0.026737967914438502
51 116 128	1.0 0.0748663101604278
71 6 128	1.0 0.0053475935828877
85	0.2857142857142857 0.0106951871657754
85 20 85	0.2692307692307692 0.0106951871657754
85 20 128	1.0 0.0106951871657754
85 35 100	0.01282051282051282 0.0053475935828877
85 36 101	0.017857142857142856 0.0053475935828877
85 39 85	0.3333333333333333 0.0053475935828877
85 39 128	1.0 0.0053475935828877
85 40 105	0.5 0.0053475935828877
85 44 109	0.07692307692307693 0.0053475935828877
85 46 111	0.00012269723580655905 0.0106951871657754
85 63 85	0.2857142857142857 0.0106951871657754
85 63 128	1.0 0.0106951871657754
85 121 56	1.0 0.0053475935828877
87 8 35 100	0.00013049719431032232 0.0053475935828877
87 8 46 111	0.0003992015968063872 0.0053475935828877
87 20 15 100	0.00012370878950949466 0.0053475935828877
87 22 128	1.0 0.0053475935828877
87 23 35 100	0.00013049719431032232 0.0053475935828877
87 35 100	0.0001170617500731636 0.0053475935828877
87 39 105	0.001221001221001221 0.0053475935828877
87 44 22 128	1.0 0.0053475935828877
87 44 35 100	0.00012483874994798387 0.0053475935828877
87 44 39 105	0.000651890482398957 0.0053475935828877
87 44 46 111	8.651641649002898e-05 0.0053475935828877
87 46 111	9.96938811414363e-05 0.0053475935828877
87 50 22 128	1.0 0.0053475935828877
87 50 46 111	3.990741479766941e-05 0.0053475935828877
87 58 35 100	0.00013049719431032232 0.0053475935828877
87 58 46 111	0.00046882325363338024 0.0053475935828877
87 73 35 100	0.00013049719431032232 0.0053475935828877
87 73 46 111	0.0003992015968063872 0.0053475935828877
87 88 35 100	0.00013049719431032232 0.0053475935828877
87 109 22 128	1.0 0.0053475935828877
87 109 35 100	8.47314014573801e-05 0.0053475935828877
87 109 46 111	0.0001222032718597744 0.0053475935828877
87 115 22 128	1.0 0.0053475935828877
87 115 46 111	3.990741479766941e-05 0.0053475935828877
87 123 35 100	0.00013049719431032232 0.0053475935828877
87 123 46 111	0.0004965243296921549 0.0053475935828877
104 20 85	0.3333333333333333 0.0053475935828877
104 20 128	1.0 0.0053475935828877
104 39 85	0.3333333333333333 0.0053475935828877
104 39 128	1.0 0.0053475935828877
117 15 80 122	0.09090909090909091 0.0053475935828877
117 30 34 105	0.025510204081632654 0.026737967914438502
117 30 85	0.014830508474576272 0.0748663101604278
117 30 95 104	0.017958412098298678 0.0374331550802139
117 30 95 128	1.0 0.0748663101604278
117 30 117 104	0.019230769230769232 0.03208556149732621
117 30 117 105	0.025906735751295335 0.026737967914438502
117 30 122	0.5 0.0053475935828877
117 52 34 104	0.01910828025477707 0.03208556149732621
117 52 34 105	0.02564102564102564 0.026737967914438502
117 52 85	0.1037037037037037 0.0748663101604278
117 52 85 23	0.5714285714285714 0.016042780748663103
117 52 85 88	0.6666666666666666 0.016042780748663103
117 52 95 104	0.019169329073482427 0.03208556149732621
117 52 95 105	0.025510204081632654 0.026737967914438502
117 52 95 128	1.0 0.0748663101604278
117 52 117 104	0.019230769230769232 0.03208556149732621
117 52 117 105	0.025906735751295335 0.026737967914438502
117 52 128	1.0 0.0748663101604278
117 52 128 23	1.0 0.016042780748663103
117 77 12 104	0.018542615484710475 0.03208556149732621
117 77 12 105	0.024002021222839818 0.026737967914438502
117 77 20 85	0.004260823251921174 0.0748663101604278
117 77 39 104	0.018117765475591345 0.03208556149732621
117 77 39 105	0.023492560689115115 0.026737967914438502
117 77 40 104	0.01834161253343523 0.03208556149732621
117 77 40 105	0.023880597014925373 0.026737967914438502
117 77 46 111	0.0008090669893869448 0.06417112299465241
117 93 21 122	0.5 0.0053475935828877
117 93 28 104	0.019230769230769232 0.03208556149732621
117 93 28 105	0.025906735751295335 0.026737967914438502
117 93 52 105	0.025906735751295335 0.026737967914438502
117 93 53 104	0.019230769230769232 0.03208556149732621
117 93 53 105	0.025906735751295335 0.026737967914438502
117 99 30 85	0.1044776119402985 0.0748663101604278
117 99 34 104	0.019230769230769232 0.03208556149732621
117 99 34 105	0.025906735751295335 0.026737967914438502
117 99 85	0.00902061855670103 0.0748663101604278
117 99 95 104	0.017356475300400534 0.0374331550802139
117 99 95 128	1.0 0.0748663101604278
117 99 117 105	0.025906735751295335 0.026737967914438502
117 99 122	0.5 0.0053475935828877
117 99 128	1.0 0.0748663101604278
117 99 128 23	1.0 0.016042780748663103
117 104	0.019230769230769232 0.03208556149732621
117 104 12 104	0.019128586609989374 0.03208556149732621
117 104 12 105	0.02527379949452401 0.026737967914438502
117 104 20 85	0.0020202991966905576 0.0748663101604278
117 104 20 122	0.4845360824742268 0.0053475935828877
117 104 23	0.3333333333333333 0.0053475935828877
117 104 39 104	0.019224054714617266 0.03208556149732621
117 104 39 105	0.025883524141363863 0.026737967914438502
117 104 40 104	0.01861852180220843 0.03208556149732621
117 104 40 105	0.023962848297213624 0.0374331550802139
117 104 46 111	0.0006528129138263681 0.06417112299465241
117 104 51 116	0.0011118832522585128 0.0053475935828877
117 104 57 104	0.019154030327214685 0.03208556149732621
117 104 57 105	0.02577319587628866 0.026737967914438502
117 104 63 128	0.5526315789473685 0.0748663101604278
117 104 88	0.3333333333333333 0.0053475935828877
117 104 88 23	0.5 0.0106951871657754
117 105	0.025906735751295335 0.026737967914438502
117 105 12 104	0.018475750577367205 0.03208556149732621
117 105 12 105	0.02379535990481856 0.026737967914438502
117 105 20 85	0.003311551994323054 0.0748663101604278
117 105 20 122	0.4863636363636364 0.0053475935828877
117 105 23	0.25 0.0106951871657754
117 105 36 101	0.001847063169560399 0.016042780748663103
117 105 39 104	0.019130650359474425 0.0374331550802139
117 105 39 105	0.025461279015938098 0.026737967914438502
117 105 40 104	0.019225341590158217 0.03208556149732621
117 105 40 105	0.0258928331857576 0.026737967914438502
117 105 46 111	0.0005435240705593066 0.06417112299465241
117 105 51 116	0.003707627118644068 0.0053475935828877
117 105 57 104	0.019077901430842606 0.03208556149732621
117 105 57 105	0.02564102564102564 0.026737967914438502
117 105 63 128	0.6086956521739131 0.0748663101604278
117 105 88	0.2857142857142857 0.0106951871657754
117 117 30 122	0.5 0.0053475935828877
117 117 52 105	0.025906735751295335 0.026737967914438502
117 117 53 105	0.025906735751295335 0.026737967914438502
117 118 52 104	0.019230769230769232 0.03208556149732621
117 118 52 105	0.025906735751295335 0.026737967914438502
117 118 53 104	0.019230769230769232 0.03208556149732621
117 121 56 104	0.019230769230769232 0.03208556149732621
117 122 20 85	0.09988109393579073 0.0748663101604278
117 122 36 101	0.05555555555555555 0.0053475935828877
117 122 39 104	0.019230769230769232 0.03208556149732621
117 122 39 105	0.025906735751295335 0.026737967914438502
117 122 40 104	0.019230769230769232 0.03208556149732621
117 122 40 105	0.025906735751295335 0.026737967914438502
117 122 46 111	0.0011768012084167633 0.06417112299465241
117 122 57 104	0.019230769230769232 0.03208556149732621
117 122 57 105	0.025906735751295335 0.026737967914438502
117 126 21 122	0.4 0.0053475935828877
117 126 61 104	0.019230769230769232 0.03208556149732621
117 126 61 105	0.025906735751295335 0.026737967914438502
128	1.0 1.0
128 1 66	0.019876219947631515 0.16042780748663102
128 1 66 44	0.00904977375565611 0.0053475935828877
128 1 66 123	0.07894736842105263 0.0053475935828877
128 6 71	0.014609739826551034 0.21390374331550802
128 6 71 2	0.0875 0.0053475935828877
128 6 71 44	0.006968641114982578 0.0053475935828877
128 6 71 58	0.01694915254237288 0.0053475935828877
128 6 71 75	0.024320827943078913 0.06417112299465241
128 6 71 110	0.02564102564102564 0.0106951871657754
128 6 71 123	0.11282051282051282 0.0106951871657754
128 8	0.36363636363636365 0.0213903743315508
128 8 8	1.0 0.0427807486631016
128 8 8 8	0.5 0.0213903743315508
128 8 8 23	1.0 0.0213903743315508
128 8 8 58	1.0 0.0213903743315508
128 8 8 73	0.5 0.0213903743315508
128 8 8 88	1.0 0.0213903743315508
128 8 8 123	1.0 0.0053475935828877
128 8 16 81	0.007633587786259542 0.0053475935828877
128 8 20 85	1.0 0.016042780748663103
128 8 20 105	1.0 0.0106951871657754
128 8 23	1.0 0.0213903743315508
128 8 23 8	1.0 0.0213903743315508
128 8 23 23	1.0 0.0213903743315508
128 8 23 58	1.0 0.0213903743315508
128 8 23 73	1.0 0.0213903743315508
128 8 23 88	1.0 0.0213903743315508
128 8 23 123	1.0 0.0053475935828877
128 8 40 85	1.0 0.016042780748663103
128 8 40 105	1.0 0.0106951871657754
128 8 46 111	0.006276205796260647 0.37967914438502676
128 8 58	1.0 0.0213903743315508
128 8 58 8	1.0 0.0106951871657754
128 8 58 23	1.0 0.0106951871657754
128 8 58 58	1.0 0.0053475935828877
128 8 58 73	1.0 0.0106951871657754
128 8 58 88	1.0 0.0106951871657754
128 8 58 123	1.0 0.016042780748663103
128 8 63 128	1.0 0.13368983957219252
128 8 67 2	0.05357142857142857 0.03208556149732621
128 8 67 4	0.6666666666666666 0.0053475935828877
128 8 73	1.0 0.058823529411764705
128 8 73 8	0.36363636363636365 0.0213903743315508
128 8 73 23	1.0 0.0213903743315508
128 8 73 58	0.8333333333333334 0.0213903743315508
128 8 73 73	0.5 0.0213903743315508
128 8 73 88	1.0 0.0213903743315508
128 8 73 123	0.5 0.0053475935828877
128 8 88	1.0 0.0213903743315508
128 8 88 8	1.0 0.0213903743315508
128 8 88 23	1.0 0.0213903743315508
128 8 88 58	1.0 0.0213903743315508
128 8 88 73	1.0 0.0213903743315508
128 8 88 88	1.0 0.0213903743315508
128 8 123	0.6666666666666666 0.0053475935828877
128 8 123 8	1.0 0.0053475935828877
128 8 123 23	0.6666666666666666 0.0053475935828877
128 8 123 58	0.875 0.0213903743315508
128 8 123 73	1.0 0.0053475935828877
128 8 123 88	0.6666666666666666 0.0053475935828877
128 10 6 71	0.008127972330306961 0.11229946524064172
128 10 53 77	0.034482758620689655 0.0053475935828877
128 10 53 104	0.01282051282051282 0.0053475935828877
128 10 53 105	0.004291845493562232 0.0053475935828877
128 10 75	0.04956268221574344 0.12834224598930483
128 10 75 110	0.044444444444444446 0.0106951871657754
128 12 30 85	0.0035629453681710215 0.053475935828877004
128 12 52 85	0.007357859531772575 0.053475935828877004
128 12 52 105	0.03571428571428571 0.0053475935828877
128 12 77	0.13333333333333333 0.11229946524064172
128 12 77 44	0.1111111111111111 0.0106951871657754
128 12 77 58	0.08333333333333333 0.0053475935828877
128 12 99 85	0.0036850921273031824 0.053475935828877004
128 12 104	0.007390983000739098 0.0427807486631016
128 12 104 109	0.041666666666666664 0.0053475935828877
128 12 105	0.015151515151515152 0.10160427807486631
128 12 105 44	0.05405405405405406 0.0053475935828877
128 12 105 58	0.05555555555555555 0.0053475935828877
128 12 105 123	0.029411764705882353 0.0053475935828877
128 12 117 77	0.3 0.0106951871657754
128 12 118 75	0.058823529411764705 0.016042780748663103
128 12 126 2	0.013221153846153846 0.0427807486631016
128 15 80	0.034482758620689655 0.0053475935828877
128 16 81	0.03865791393143691 0.1711229946524064
128 16 81 23	0.012048192771084338 0.0053475935828877
128 16 81 73	0.03225806451612903 0.0053475935828877
128 16 81 88	0.014285714285714285 0.0053475935828877
128 16 108 44	0.027777777777777776 0.0053475935828877
128 20 15 100	0.003814723135871961 0.19786096256684493
128 20 27 85	0.001317977845420027 0.0374331550802139
128 20 34 77	0.019784172661870502 0.0106951871657754
128 20 34 104	0.01252917332023093 0.0427807486631016
128 20 34 105	0.022480058013052938 0.06951871657754011
128 20 45 108	0.0149812734082397 0.0053475935828877
128 20 85	0.03105996819159884 0.21390374331550802
128 20 85 8	0.006060606060606061 0.0053475935828877
128 20 85 23	0.24583333333333332 0.0213903743315508
128 20 85 58	0.022857142857142857 0.0106951871657754
128 20 85 73	0.006726457399103139 0.0053475935828877
128 20 85 88	0.2757009345794392 0.0213903743315508
128 20 85 109	0.0025 0.0053475935828877
128 20 85 123	0.03954802259887006 0.0213903743315508
128 20 92 85	0.0012969768088194422 0.0374331550802139
128 20 95 77	0.015727391874180863 0.0106951871657754
128 20 95 104	0.01045599767644496 0.0481283422459893
128 20 95 105	0.015447062803021761 0.08021390374331551
128 20 95 128	0.6086956521739131 0.0748663101604278
128 20 105	0.17647058823529413 0.0106951871657754
128 20 105 8	1.0 0.0106951871657754
128 20 105 23	1.0 0.0106951871657754
128 20 105 58	0.9230769230769231 0.0213903743315508
128 20 105 73	1.0 0.0106951871657754
128 20 105 88	1.0 0.0106951871657754
128 20 105 123	1.0 0.0053475935828877
128 20 117 77	0.024070021881838075 0.0106951871657754
128 20 117 104	0.01378937407056915 0.0427807486631016
128 20 117 105	0.0248565965583174 0.058823529411764705
128 20 128	1.0 0.0106951871657754
128 22 87	0.08571428571428572 0.016042780748663103
128 22 87 44	0.02857142857142857 0.0053475935828877
128 23	0.8 0.0481283422459893
128 23 8	0.8 0.0213903743315508
128 23 8 8	0.8 0.0213903743315508
128 23 8 23	1.0 0.0213903743315508
128 23 8 58	1.0 0.0213903743315508
128 23 8 73	0.8 0.0213903743315508
128 23 8 88	1.0 0.0213903743315508
128 23 8 123	1.0 0.0053475935828877
128 23 16 81	0.015873015873015872 0.0053475935828877
128 23 20 85	0.10780669144981413 0.09090909090909091
128 23 20 105	1.0 0.0106951871657754
128 23 23	1.0 0.06417112299465241
128 23 23 8	1.0 0.0213903743315508
128 23 23 23	0.8571428571428571 0.0481283422459893
128 23 23 44	1.0 0.0053475935828877
128 23 23 58	1.0 0.0213903743315508
128 23 23 73	1.0 0.0213903743315508
128 23 23 88	0.8571428571428571 0.0481283422459893
128 23 23 123	1.0 0.0053475935828877
128 23 39 104	0.020989505247376312 0.0427807486631016
128 23 39 105	0.024154589371980676 0.026737967914438502
128 23 40 85	1.0 0.016042780748663103
128 23 40 104	0.019230769230769232 0.03208556149732621
128 23 40 105	0.035897435897435895 0.0374331550802139
128 23 46 111	0.003080941696527243 0.37433155080213903
128 23 58	1.0 0.0213903743315508
128 23 58 8	1.0 0.0106951871657754
128 23 58 23	1.0 0.0106951871657754
128 23 58 58	1.0 0.0053475935828877
128 23 58 73	1.0 0.0106951871657754
128 23 58 88	1.0 0.0106951871657754
128 23 58 123	1.0 0.016042780748663103
128 23 63 128	1.0 0.20855614973262032
128 23 67 2	0.05263157894736842 0.0053475935828877
128 23 73	0.8 0.0213903743315508
128 23 73 8	0.8 0.0213903743315508
128 23 73 23	1.0 0.0213903743315508
128 23 73 58	1.0 0.0213903743315508
128 23 73 73	0.8 0.0213903743315508
128 23 73 88	1.0 0.0213903743315508
128 23 73 123	1.0 0.0053475935828877
128 23 88	1.0 0.06417112299465241
128 23 88 8	1.0 0.0213903743315508
128 23 88 23	0.8571428571428571 0.0481283422459893
128 23 88 58	1.0 0.0213903743315508
128 23 88 73	1.0 0.0213903743315508
128 23 88 88	0.8571428571428571 0.0481283422459893
128 23 88 123	1.0 0.0053475935828877
128 23 109 44	0.3 0.0053475935828877
128 23 123	1.0 0.0053475935828877
128 23 123 8	1.0 0.0053475935828877
128 23 123 23	1.0 0.0053475935828877
128 23 123 58	1.0 0.016042780748663103
128 23 123 73	1.0 0.0053475935828877
128 23 123 88	1.0 0.0053475935828877
128 24 89	0.012573443008225616 0.12834224598930483
128 24 89 50	0.00546448087431694 0.0053475935828877
128 24 89 88	0.006134969325153374 0.0053475935828877
128 24 89 109	0.0963855421686747 0.0106951871657754
128 24 89 115	0.006993006993006993 0.0053475935828877
128 35 80 85	0.0033131598710076423 0.053475935828877004
128 35 80 104	0.0026931649331352154 0.0106951871657754
128 35 80 105	0.005311131845259456 0.0213903743315508
128 35 100	0.0032596328300378242 0.28342245989304815
128 35 100 44	0.018139137857447717 0.0053475935828877
128 35 100 50	0.04093567251461988 0.0053475935828877
128 35 100 115	0.04093567251461988 0.0053475935828877
128 36 101	0.012037833190025795 0.2192513368983957
128 36 101 23	0.008595988538681949 0.0106951871657754
128 36 101 44	0.0034542314335060447 0.0053475935828877
128 36 101 58	0.003355704697986577 0.0053475935828877
128 36 101 109	0.005145797598627788 0.016042780748663103
128 36 127	0.02510460251046025 0.0213903743315508
128 37 102	0.032981530343007916 0.058823529411764705
128 39 15 100	0.0017428932027165095 0.15508021390374332
128 39 30 85	0.008678881388621022 0.15508021390374332
128 39 30 122	0.2916666666666667 0.0053475935828877
128 39 52 85	0.07516580692704496 0.12299465240641712
128 39 52 128	0.6 0.0748663101604278
128 39 77	0.026595744680851064 0.0374331550802139
128 39 77 44	0.15789473684210525 0.0106951871657754
128 39 77 58	0.07142857142857142 0.0053475935828877
128 39 77 123	0.10526315789473684 0.0053475935828877
128 39 99 85	0.006553164150337295 0.12299465240641712
128 39 99 128	0.6 0.0748663101604278
128 39 104	0.01902301550023485 0.2192513368983957
128 39 104 23	0.11267605633802817 0.0106951871657754
128 39 104 88	0.12698412698412698 0.0106951871657754
128 39 104 109	0.03773584905660377 0.0053475935828877
128 39 105	0.015571473061351603 0.10695187165775401
128 39 105 23	0.0967741935483871 0.0106951871657754
128 39 105 58	0.023529411764705882 0.0053475935828877
128 39 105 88	0.1111111111111111 0.0106951871657754
128 39 105 123	0.022988505747126436 0.0106951871657754
128 39 118 75	0.058823529411764705 0.016042780748663103
128 39 126 2	0.0076511094108645756 0.03208556149732621
128 39 126 4	0.006711409395973154 0.0053475935828877
128 40 15 100	0.0031486681984511954 0.19786096256684493
128 40 30 85	0.008253509247545032 0.1657754010695187
128 40 30 122	0.25 0.0053475935828877
128 40 52 77	0.25 0.0106951871657754
128 40 52 85	0.07065217391304347 0.12834224598930483
128 40 52 128	0.5 0.0748663101604278
128 40 77	0.03731343283582089 0.06951871657754011
128 40 77 44	0.02702702702702703 0.0053475935828877
128 40 77 58	0.16129032258064516 0.0053475935828877
128 40 85	0.75 0.016042780748663103
128 40 85 8	1.0 0.0053475935828877
128 40 85 23	1.0 0.0053475935828877
128 40 85 58	0.6666666666666666 0.0053475935828877
128 40 85 73	1.0 0.0053475935828877
128 40 85 88	1.0 0.0053475935828877
128 40 85 123	0.8888888888888888 0.016042780748663103
128 40 99 85	0.007277849512853621 0.1657754010695187
128 40 99 122	0.25 0.0053475935828877
128 40 99 128	0.5 0.0748663101604278
128 40 104	0.010649627263045794 0.08021390374331551
128 40 104 23	0.08196721311475409 0.0053475935828877
128 40 104 88	0.08333333333333333 0.0053475935828877
128 40 105	0.026716760592778124 0.40641711229946526
128 40 105 8	0.012048192771084338 0.0106951871657754
128 40 105 23	0.08433734939759036 0.0213903743315508
128 40 105 44	0.011235955056179775 0.0053475935828877
128 40 105 58	0.11538461538461539 0.03208556149732621
128 40 105 73	0.012578616352201259 0.0106951871657754
128 40 105 88	0.09210526315789473 0.0213903743315508
128 40 105 123	0.05235602094240838 0.0213903743315508
128 40 117 77	0.02531645569620253 0.0106951871657754
128 40 117 81	0.018867924528301886 0.0213903743315508
128 40 118 110	0.13636363636363635 0.0106951871657754
128 40 126 2	0.009779951100244499 0.06417112299465241
128 40 126 4	0.0048543689320388345 0.0053475935828877
128 41 106	0.007920792079207921 0.0748663101604278
128 41 106 44	0.0058823529411764705 0.0053475935828877
128 41 106 123	0.06557377049180328 0.0053475935828877
128 43 108	0.027777777777777776 0.016042780748663103
128 43 110 85	0.0007868594472312384 0.0374331550802139
128 44	0.1111111111111111 0.0053475935828877
128 44 20 85	0.0007087172218284905 0.0053475935828877
128 44 24 89	0.013333333333333334 0.0427807486631016
128 44 36 101	0.006944444444444444 0.016042780748663103
128 44 39 77	0.10526315789473684 0.0106951871657754
128 44 39 104	0.020618556701030927 0.0106951871657754
128 44 46 111	0.006946204938396795 0.39037433155080214
128 44 51 116	0.006389776357827476 0.0427807486631016
128 44 63 128	0.8 0.5347593582887701
128 44 109	0.28125 0.03208556149732621
128 44 109 44	0.00819672131147541 0.0053475935828877
128 44 109 109	0.018518518518518517 0.0053475935828877
128 45 6 71	0.010309278350515464 0.0481283422459893
128 45 10 75	0.010416666666666666 0.016042780748663103
128 45 53 104	0.03278688524590164 0.0106951871657754
128 45 53 105	0.016042780748663103 0.016042780748663103
128 45 110	0.006802721088435374 0.0427807486631016
128 45 110 44	0.04310344827586207 0.0053475935828877
128 46 111	0.006666967471111104 0.8449197860962567
128 46 111 8	0.005233237700563171 0.026737967914438502
128 46 111 23	0.0038279706463449055 0.0213903743315508
128 46 111 44	0.012449689610478204 0.03208556149732621
128 46 111 50	0.01765692302633742 0.016042780748663103
128 46 111 58	0.01315673289183223 0.016042780748663103
128 46 111 73	0.006952317795794382 0.0213903743315508
128 46 111 88	0.004275525081766954 0.0213903743315508
128 46 111 109	0.010135491817701918 0.026737967914438502
128 46 111 115	0.012675799086757991 0.0106951871657754
128 46 111 123	0.023370042914016856 0.026737967914438502
128 49 114	0.04477611940298507 0.016042780748663103
128 49 114 2	0.08 0.0106951871657754
128 50 35 100	0.0031792892017713185 0.1497326203208556
128 50 46 111	0.006926888461927394 0.49732620320855614
128 50 50	0.7142857142857143 0.0213903743315508
128 50 115	0.8333333333333334 0.0213903743315508
128 51 87 44	0.06521739130434782 0.0053475935828877
128 51 116	0.011274509803921568 0.10695187165775401
128 51 116 23	0.004098360655737705 0.0053475935828877
128 51 116 44	0.016290726817042606 0.0053475935828877
128 51 116 109	0.010652463382157125 0.016042780748663103
128 51 116 123	0.011560693641618497 0.0053475935828877
128 51 116 128	0.3333333333333333 0.0748663101604278
128 57 34 104	0.019230769230769232 0.03208556149732621
128 57 122	0.07964601769911504 0.0374331550802139
128 57 122 123	0.3333333333333333 0.0053475935828877
128 58	0.6428571428571429 0.0427807486631016
128 58 1 66	0.013043478260869565 0.0481283422459893
128 58 6 71	0.01020408163265306 0.0748663101604278
128 58 8	1.0 0.0106951871657754
128 58 8 8	1.0 0.0106951871657754
128 58 8 23	1.0 0.0106951871657754
128 58 8 58	1.0 0.0053475935828877
128 58 8 73	1.0 0.0106951871657754
128 58 8 88	1.0 0.0106951871657754
128 58 8 123	1.0 0.0053475935828877
128 58 12 104	0.03333333333333333 0.0106951871657754
128 58 16 81	0.013157894736842105 0.0053475935828877
128 58 20 85	0.14383561643835616 0.06417112299465241
128 58 20 105	1.0 0.0106951871657754
128 58 23	0.6666666666666666 0.0106951871657754
128 58 23 8	1.0 0.0106951871657754
128 58 23 23	0.6666666666666666 0.0106951871657754
128 58 23 58	1.0 0.0053475935828877
128 58 23 73	1.0 0.0106951871657754
128 58 23 88	0.6666666666666666 0.0106951871657754
128 58 23 123	1.0 0.0053475935828877
128 58 37 102	0.0049504950495049506 0.0053475935828877
128 58 39 104	0.3333333333333333 0.0053475935828877
128 58 40 77	0.02631578947368421 0.0053475935828877
128 58 40 85	1.0 0.016042780748663103
128 58 40 104	0.009345794392523364 0.0213903743315508
128 58 40 105	0.033112582781456956 0.053475935828877004
128 58 41 106	0.005873715124816446 0.0213903743315508
128 58 46 111	0.009044703245687758 0.44919786096256686
128 58 51 116	0.05263157894736842 0.0106951871657754
128 58 57 122	0.16666666666666666 0.0053475935828877
128 58 58	0.6666666666666666 0.0053475935828877
128 58 58 123	1.0 0.016042780748663103
128 58 63 128	1.0 0.18181818181818182
128 58 67 2	0.020202020202020204 0.0053475935828877
128 58 67 4	0.6 0.0053475935828877
128 58 73	1.0 0.0106951871657754
128 58 73 8	1.0 0.0106951871657754
128 58 73 23	1.0 0.0106951871657754
128 58 73 73	1.0 0.0106951871657754
128 58 73 123	1.0 0.0053475935828877
128 58 88	0.6666666666666666 0.0106951871657754
128 58 88 8	1.0 0.0106951871657754
128 58 88 23	0.6666666666666666 0.0106951871657754
128 58 88 58	1.0 0.0053475935828877
128 58 88 73	1.0 0.0106951871657754
128 58 88 88	0.6666666666666666 0.0106951871657754
128 58 88 123	1.0 0.0053475935828877
128 58 123	1.0 0.06417112299465241
128 58 123 8	0.9 0.016042780748663103
128 58 123 23	1.0 0.016042780748663103
128 58 123 58	0.8214285714285714 0.0427807486631016
128 58 123 73	1.0 0.016042780748663103
128 58 123 88	1.0 0.016042780748663103
128 58 123 123	1.0 0.0106951871657754
128 62 101	0.025423728813559324 0.0213903743315508
128 62 127	0.04020100502512563 0.03208556149732621
128 63 30 85	0.1044776119402985 0.0748663101604278
128 63 34 104	0.019230769230769232 0.03208556149732621
128 63 34 105	0.025906735751295335 0.026737967914438502
128 63 51 116	0.02631578947368421 0.0053475935828877
128 63 85	0.2857142857142857 0.0106951871657754
128 63 117 104	0.019230769230769232 0.03208556149732621
128 63 117 105	0.025906735751295335 0.026737967914438502
128 63 128	1.0 1.0
128 63 128 8	0.17035775127768313 0.0213903743315508
128 63 128 23	0.5053995680345572 0.0481283422459893
128 63 128 44	0.31645569620253167 0.0053475935828877
128 63 128 58	0.32965299684542587 0.0427807486631016
128 63 128 73	0.2183406113537118 0.0213903743315508
128 63 128 88	0.5053995680345572 0.0481283422459893
128 63 128 109	0.07283321194464676 0.0053475935828877
128 63 128 123	0.5633423180592992 0.0374331550802139
128 67 2	0.14272300469483568 0.20855614973262032
128 67 2 8	0.175 0.0106951871657754
128 67 2 23	0.11392405063291139 0.0053475935828877
128 67 2 44	0.14285714285714285 0.0053475935828877
128 67 2 73	0.2077922077922078 0.0213903743315508
128 67 2 88	0.09090909090909091 0.0053475935828877
128 67 2 123	0.06896551724137931 0.0053475935828877
128 67 4	0.1282051282051282 0.016042780748663103
128 67 6 71	0.00014725371815638345 0.0374331550802139
128 67 61 77	0.014230271668822769 0.0213903743315508
128 67 61 104	0.0034458993797381117 0.0213903743315508
128 67 61 105	0.005547850208044383 0.053475935828877004
128 69 2	0.07575757575757576 0.016042780748663103
128 69 2 73	1.0 0.0053475935828877
128 69 2 123	0.5 0.0053475935828877
128 69 4	1.0 0.026737967914438502
128 69 61 77	0.034482758620689655 0.0053475935828877
128 73	0.4444444444444444 0.0213903743315508
128 73 8	1.0 0.0481283422459893
128 73 8 8	0.5 0.0213903743315508
128 73 8 23	1.0 0.0213903743315508
128 73 8 58	1.0 0.0213903743315508
128 73 8 73	0.4444444444444444 0.0213903743315508
128 73 8 88	1.0 0.0213903743315508
128 73 8 123	1.0 0.0053475935828877
128 73 16 81	0.007633587786259542 0.0053475935828877
128 73 20 85	1.0 0.016042780748663103
128 73 20 105	1.0 0.0106951871657754
128 73 23	1.0 0.0213903743315508
128 73 23 8	1.0 0.0213903743315508
128 73 23 23	1.0 0.0213903743315508
128 73 23 58	1.0 0.0213903743315508
128 73 23 73	1.0 0.0213903743315508
128 73 23 88	1.0 0.0213903743315508
128 73 23 123	1.0 0.0053475935828877
128 73 40 85	1.0 0.016042780748663103
128 73 40 105	1.0 0.0106951871657754
128 73 46 111	0.0068281399435065945 0.39572192513368987
128 73 58	1.0 0.0213903743315508
128 73 58 8	1.0 0.0106951871657754
128 73 58 23	1.0 0.0106951871657754
128 73 58 58	1.0 0.0053475935828877
128 73 58 73	1.0 0.0106951871657754
128 73 58 88	1.0 0.0106951871657754
128 73 58 123	1.0 0.016042780748663103
128 73 63 128	1.0 0.13368983957219252
128 73 67 2	0.08 0.0213903743315508
128 73 73	1.0 0.0427807486631016
128 73 73 8	0.5 0.0213903743315508
128 73 73 23	1.0 0.0213903743315508
128 73 73 58	1.0 0.0213903743315508
128 73 73 73	0.5 0.0213903743315508
128 73 73 88	1.0 0.0213903743315508
128 73 73 123	1.0 0.0053475935828877
128 73 88	1.0 0.0213903743315508
128 73 88 8	1.0 0.0213903743315508
128 73 88 23	1.0 0.0213903743315508
128 73 88 58	1.0 0.0213903743315508
128 73 88 73	1.0 0.0213903743315508
128 73 88 88	1.0 0.0213903743315508
128 73 88 123	1.0 0.0053475935828877
128 73 123	1.0 0.0053475935828877
128 73 123 8	1.0 0.0053475935828877
128 73 123 23	1.0 0.0053475935828877
128 73 123 58	1.0 0.016042780748663103
128 73 123 73	1.0 0.0053475935828877
128 73 123 88	1.0 0.0053475935828877
128 85 20	1.0 0.0053475935828877
128 88	0.8 0.0481283422459893
128 88 8	0.8 0.0213903743315508
128 88 8 8	0.8 0.0213903743315508
128 88 8 23	1.0 0.0213903743315508
128 88 8 58	1.0 0.0213903743315508
128 88 8 73	0.8 0.0213903743315508
128 88 8 88	1.0 0.0213903743315508
128 88 8 123	1.0 0.0053475935828877
128 88 16 81	0.015873015873015872 0.0053475935828877
128 88 20 85	0.10780669144981413 0.09090909090909091
128 88 20 105	1.0 0.0106951871657754
128 88 23	1.0 0.06417112299465241
128 88 23 8	1.0 0.0213903743315508
128 88 23 23	0.8571428571428571 0.0481283422459893
128 88 23 44	1.0 0.0053475935828877
128 88 23 58	1.0 0.0213903743315508
128 88 23 73	1.0 0.0213903743315508
128 88 23 88	0.8571428571428571 0.0481283422459893
128 88 23 123	1.0 0.0053475935828877
128 88 36 101	0.017467248908296942 0.016042780748663103
128 88 39 104	0.020989505247376312 0.0427807486631016
128 88 40 85	1.0 0.016042780748663103
128 88 40 104	0.019230769230769232 0.03208556149732621
128 88 40 105	0.035897435897435895 0.0374331550802139
128 88 46 111	0.003080941696527243 0.37433155080213903
128 88 58	1.0 0.0213903743315508
128 88 58 8	1.0 0.0106951871657754
128 88 58 23	1.0 0.0106951871657754
128 88 58 58	1.0 0.0053475935828877
128 88 58 73	1.0 0.0106951871657754
128 88 58 123	1.0 0.016042780748663103
128 88 63 128	1.0 0.20855614973262032
128 88 67 2	0.05263157894736842 0.0053475935828877
128 88 73	0.8 0.0213903743315508
128 88 73 8	0.8 0.0213903743315508
128 88 73 23	1.0 0.0213903743315508
128 88 73 58	1.0 0.0213903743315508
128 88 73 73	0.8 0.0213903743315508
128 88 73 88	1.0 0.0213903743315508
128 88 73 123	1.0 0.0053475935828877
128 88 88	1.0 0.06417112299465241
128 88 88 8	1.0 0.0213903743315508
128 88 88 23	0.8571428571428571 0.0481283422459893
128 88 88 58	1.0 0.0213903743315508
128 88 88 73	1.0 0.0213903743315508
128 88 88 88	0.8571428571428571 0.0481283422459893
128 88 88 123	1.0 0.0053475935828877
128 88 109 44	0.3 0.0053475935828877
128 88 123	1.0 0.0053475935828877
128 88 123 8	1.0 0.0053475935828877
128 88 123 23	1.0 0.0053475935828877
128 88 123 58	1.0 0.016042780748663103
128 88 123 73	1.0 0.0053475935828877
128 88 123 88	1.0 0.0053475935828877
128 109	0.05263157894736842 0.0053475935828877
128 109 6 71	0.0023228803716608595 0.0053475935828877
128 109 12 77	0.038461538461538464 0.016042780748663103
128 109 12 104	0.016666666666666666 0.016042780748663103
128 109 12 105	0.00423728813559322 0.0053475935828877
128 109 22 116	0.0036855036855036856 0.0106951871657754
128 109 23 88	0.3333333333333333 0.0053475935828877
128 109 35 100	0.003498806289618836 0.15508021390374332
128 109 36 101	0.010362694300518135 0.0106951871657754
128 109 37 102	0.009615384615384616 0.0106951871657754
128 109 39 105	0.009708737864077669 0.0053475935828877
128 109 40 77	0.03389830508474576 0.0106951871657754
128 109 40 104	0.0015290519877675841 0.0053475935828877
128 109 40 105	0.0019267822736030828 0.0053475935828877
128 109 43 81	0.0012690355329949238 0.0053475935828877
128 109 44	0.19230769230769232 0.03208556149732621
128 109 44 44	0.031446540880503145 0.0053475935828877
128 109 44 109	0.0010869565217391304 0.0053475935828877
128 109 45 110	0.002786032689450223 0.0213903743315508
128 109 46 111	0.003353009302499346 0.5401069518716578
128 109 51 116	0.004006410256410256 0.0213903743315508
128 109 63 128	0.970873786407767 0.5347593582887701
128 109 88 88	0.3333333333333333 0.0053475935828877
128 109 109 44	0.06818181818181818 0.0053475935828877
128 115 35 100	0.0031792892017713185 0.1497326203208556
128 115 46 111	0.008047731372276953 0.5133689839572193
128 115 50	0.6 0.026737967914438502
128 115 115	0.8333333333333334 0.0213903743315508
128 121 56	1.0 0.0053475935828877
128 123	0.6923076923076923 0.0374331550802139
128 123 6 71	0.002628120893561104 0.0106951871657754
128 123 8	1.0 0.016042780748663103
128 123 8 8	1.0 0.016042780748663103
128 123 8 23	1.0 0.016042780748663103
128 123 8 58	1.0 0.0053475935828877
128 123 8 73	1.0 0.016042780748663103
128 123 8 88	1.0 0.016042780748663103
128 123 8 123	1.0 0.0053475935828877
128 123 12 77	0.05263157894736842 0.0053475935828877
128 123 12 104	0.00641025641025641 0.0106951871657754
128 123 12 105	0.025906735751295335 0.026737967914438502
128 123 20 85	0.08759124087591241 0.06417112299465241
128 123 20 105	1.0 0.0106951871657754
128 123 23	0.7142857142857143 0.016042780748663103
128 123 23 8	1.0 0.016042780748663103
128 123 23 23	0.7142857142857143 0.016042780748663103
128 123 23 58	0.8 0.0106951871657754
128 123 23 73	1.0 0.016042780748663103
128 123 23 88	0.7142857142857143 0.016042780748663103
128 123 23 123	1.0 0.0053475935828877
128 123 36 101	0.009433962264150943 0.0053475935828877
128 123 40 77	0.030303030303030304 0.0053475935828877
128 123 40 85	1.0 0.016042780748663103
128 123 40 104	0.005813953488372093 0.0106951871657754
128 123 40 105	0.04201680672268908 0.0481283422459893
128 123 46 111	0.005103351429109654 0.6203208556149733
128 123 58	0.9583333333333334 0.058823529411764705
128 123 58 8	0.75 0.0106951871657754
128 123 58 23	1.0 0.0106951871657754
128 123 58 58	0.8571428571428571 0.0053475935828877
128 123 58 73	1.0 0.016042780748663103
128 123 58 88	1.0 0.0106951871657754
128 123 58 123	0.78125 0.0374331550802139
128 123 63 128	1.0 0.18181818181818182
128 123 73	1.0 0.016042780748663103
128 123 73 8	1.0 0.016042780748663103
128 123 73 23	1.0 0.016042780748663103
128 123 73 58	1.0 0.0053475935828877
128 123 73 73	1.0 0.016042780748663103
128 123 73 88	1.0 0.016042780748663103
128 123 73 123	1.0 0.0053475935828877
128 123 88	0.7142857142857143 0.016042780748663103
128 123 88 8	1.0 0.016042780748663103
128 123 88 23	0.7142857142857143 0.016042780748663103
128 123 88 58	0.8 0.0106951871657754
128 123 88 73	1.0 0.016042780748663103
128 123 88 88	0.7142857142857143 0.016042780748663103
128 123 88 123	1.0 0.0053475935828877
128 123 123	0.6666666666666666 0.0053475935828877
128 123 123 8	0.6666666666666666 0.0053475935828877
128 123 123 23	1.0 0.0053475935828877
128 123 123 58	0.8571428571428571 0.016042780748663103
128 123 123 73	0.6666666666666666 0.0053475935828877
128 123 123 88	1.0 0.0053475935828877
