2 6 71 35	0.12352941176470589 0.0071174377224199285
2 16 81 35	0.6428571428571429 0.0071174377224199285
2 23 35	1.0 0.0035587188612099642
2 35	1.0 0.017793594306049824
2 35 80 15	0.6666666666666666 0.017793594306049824
2 35 100 35	0.8832807570977917 0.017793594306049824
2 35 103 38	0.9917355371900827 0.017793594306049824
2 36 101 35	0.057692307692307696 0.0035587188612099642
2 40 104 35	0.7777777777777778 0.0071174377224199285
2 40 105 35	0.9152542372881356 0.017793594306049824
2 46 111 35	0.05006153846153846 0.028469750889679714
2 67 2 35	0.6875 0.021352313167259787
2 67 38	1.0 0.03558718861209965
2 67 61 15	0.7058823529411765 0.0035587188612099642
2 69 38	1.0 0.0035587188612099642
2 69 61 15	1.0 0.0035587188612099642
4 23 35	1.0 0.0035587188612099642
4 35	1.0 0.0071174377224199285
4 35 80 15	0.6666666666666666 0.0071174377224199285
4 35 100 35	0.8832807570977917 0.0071174377224199285
4 35 103 38	0.9917355371900827 0.0071174377224199285
4 40 104 35	1.0 0.0035587188612099642
4 40 105 35	0.9 0.0035587188612099642
4 46 111 35	0.027501185395922237 0.0071174377224199285
4 67 38	1.0 0.0035587188612099642
4 69 38	1.0 0.010676156583629894
4 88 23 35	1.0 0.0035587188612099642
4 88 35	1.0 0.0035587188612099642
6 71 2 35	0.057893071812717495 0.21352313167259787
6 71 4 35	0.09803921568627451 0.08185053380782918
6 71 20 15	0.003562447611064543 0.017793594306049824
6 71 23 35	0.26900584795321636 0.15658362989323843
6 71 30 15	0.20987654320987653 0.017793594306049824
6 71 31 35	0.9276595744680851 0.505338078291815
6 71 35	0.0505096607333029 0.3238434163701068
6 71 38	0.9915012696274033 0.8754448398576512
6 71 61 15	0.03474903474903475 0.017793594306049824
6 71 88 35	0.26900584795321636 0.15658362989323843
6 71 96 38	0.9422680412371134 0.12811387900355872
6 71 109 35	0.010265183917878529 0.017793594306049824
6 102 109 35	0.02702702702702703 0.0035587188612099642
10 28 15	0.5 0.0035587188612099642
10 28 18 15	0.16666666666666666 0.0035587188612099642
10 28 77 35	0.8333333333333334 0.017793594306049824
10 28 83 15	0.16666666666666666 0.0035587188612099642
10 28 85 35	0.8023255813953488 0.0035587188612099642
10 28 104 35	0.8888888888888888 0.014234875444839857
10 28 105 35	0.9 0.0035587188612099642
10 28 126 38	1.0 0.0035587188612099642
10 30 15	0.5 0.0071174377224199285
10 30 18 15	0.06779661016949153 0.0035587188612099642
10 30 77 35	0.6666666666666666 0.0071174377224199285
10 30 83 15	0.06779661016949153 0.0035587188612099642
10 30 85 35	0.7335164835164835 0.0071174377224199285
10 30 86 38	0.6666666666666666 0.0071174377224199285
10 30 104 35	0.5263157894736842 0.0035587188612099642
10 30 105 35	1.0 0.0035587188612099642
10 32 75 35	1.0 0.0035587188612099642
10 53 104 35	1.0 0.0035587188612099642
10 53 105 35	0.9 0.0035587188612099642
10 53 126 38	1.0 0.0035587188612099642
10 75 35	0.7272727272727273 0.02491103202846975
10 75 38	1.0 0.02491103202846975
10 75 67 38	1.0 0.0071174377224199285
10 75 109 35	1.0 0.0035587188612099642
10 75 110 35	0.8333333333333334 0.017793594306049824
10 97 75 35	0.9230769230769231 0.0035587188612099642
11 28 77 35	1.0 0.0035587188612099642
11 28 104 35	1.0 0.0035587188612099642
11 53 77 35	1.0 0.010676156583629894
11 53 104 35	1.0 0.010676156583629894
11 53 105 35	0.9 0.010676156583629894
11 53 126 38	1.0 0.010676156583629894
11 76 31 35	1.0 0.028469750889679714
11 76 38	1.0 0.08185053380782918
11 89 35	0.9899193548387096 0.0071174377224199285
11 89 123 35	0.8888888888888888 0.0035587188612099642
11 108 35	1.0 0.028469750889679714
11 108 96 38	1.0 0.028469750889679714
14 20 85 35	0.9159049360146252 0.0071174377224199285
14 24 89 35	0.9360544217687075 0.010676156583629894
14 35	0.75 0.010676156583629894
14 35 80 15	0.5330508474576271 0.010676156583629894
14 35 100 35	0.5230234578627281 0.010676156583629894
14 45 110 35	1.0 0.0035587188612099642
14 46 111 35	0.24451252972379733 0.010676156583629894
21 14 79 15	0.5 0.0035587188612099642
21 15	0.6666666666666666 0.042704626334519574
21 15 80 15	0.8717296511627907 0.042704626334519574
21 15 100 35	0.9045789952491661 0.046263345195729534
21 15 103 38	0.7608695652173914 0.042704626334519574
21 18 15	0.04047619047619048 0.02491103202846975
21 18 18 15	0.03238635178770457 0.03914590747330961
21 18 27 15	0.039509536784741145 0.03202846975088968
21 18 83 15	0.032924653044118776 0.03914590747330961
21 18 85 35	0.04450625869262865 0.046263345195729534
21 18 86 38	0.017241379310344827 0.0071174377224199285
21 18 95 15	0.14795081967213114 0.021352313167259787
21 18 104 35	0.04 0.010676156583629894
21 18 110 15	0.0784313725490196 0.0035587188612099642
21 18 123 35	0.1111111111111111 0.0035587188612099642
21 27 27 15	0.30434782608695654 0.03914590747330961
21 27 83 15	0.04503392967304133 0.03202846975088968
21 27 85 35	0.1871524729294703 0.02491103202846975
21 27 92 15	0.3115124153498871 0.03914590747330961
21 27 95 15	0.3541093797739077 0.021352313167259787
21 30 15	0.25 0.0035587188612099642
21 30 95 15	0.4444444444444444 0.0071174377224199285
21 33 98 15	0.22727272727272727 0.010676156583629894
21 34 7 35	0.5 0.0035587188612099642
21 34 15	0.6666666666666666 0.021352313167259787
21 34 77 35	0.6370967741935484 0.028469750889679714
21 34 93 38	0.7142857142857143 0.021352313167259787
21 34 99 15	0.6458333333333334 0.03558718861209965
21 34 104 35	0.7953696788648245 0.03914590747330961
21 34 105 35	0.8252788104089219 0.03558718861209965
21 45 108 35	0.07692307692307693 0.028469750889679714
21 45 110 15	0.05755739795918367 0.03914590747330961
21 56 121 15	1.0 0.0035587188612099642
21 77 12 15	0.4807692307692308 0.02491103202846975
21 77 35	0.2631578947368421 0.010676156583629894
21 83 15	0.0425531914893617 0.02491103202846975
21 83 18 15	0.032297162087808376 0.03914590747330961
21 83 27 15	0.05144404332129964 0.03202846975088968
21 83 34 15	0.02127659574468085 0.0071174377224199285
21 83 77 35	0.061488673139158574 0.03202846975088968
21 83 83 15	0.03528121803297163 0.03914590747330961
21 83 85 35	0.04450022046603127 0.046263345195729534
21 83 86 38	0.017241379310344827 0.0071174377224199285
21 83 92 15	0.051423714407139824 0.03202846975088968
21 83 95 15	0.14809504301515772 0.02491103202846975
21 83 104 35	0.0399002493765586 0.010676156583629894
21 83 105 35	0.06741573033707865 0.014234875444839857
21 85 12 15	0.6349206349206349 0.03202846975088968
21 85 20 15	0.6507181773155027 0.0498220640569395
21 85 35	0.7986173730087166 0.0498220640569395
21 85 39 15	0.8771551724137931 0.03914590747330961
21 85 40 15	0.8423153692614771 0.03558718861209965
21 85 58 35	0.8870967741935484 0.028469750889679714
21 85 73 35	0.6666666666666666 0.03202846975088968
21 85 88 35	0.7093023255813954 0.03202846975088968
21 85 108 35	1.0 0.0071174377224199285
21 85 109 35	0.1411764705882353 0.02491103202846975
21 85 115 35	0.5142857142857142 0.010676156583629894
21 86 2 35	0.4878587196467991 0.03558718861209965
21 86 4 35	0.636986301369863 0.028469750889679714
21 86 21 15	0.6701612903225806 0.046263345195729534
21 86 30 15	0.5294117647058824 0.03558718861209965
21 86 38	0.875 0.05693950177935943
21 92 18 15	0.04334121355397951 0.03202846975088968
21 92 27 15	0.2755681818181818 0.042704626334519574
21 92 83 15	0.043137254901960784 0.03202846975088968
21 92 85 35	0.06116700201207243 0.028469750889679714
21 92 92 15	0.26627218934911245 0.042704626334519574
21 92 95 15	0.1232442229270503 0.017793594306049824
21 93 15	1.0 0.0071174377224199285
21 93 30 15	0.75 0.014234875444839857
21 95 7 35	0.5 0.014234875444839857
21 95 15	0.8076923076923077 0.03202846975088968
21 95 21 15	0.5625 0.03558718861209965
21 95 28 15	0.8431372549019608 0.03558718861209965
21 95 30 15	0.686806411837238 0.042704626334519574
21 95 35	0.8 0.0035587188612099642
21 95 37	0.08333333333333333 0.0035587188612099642
21 95 38	0.9375 0.03202846975088968
21 95 56 15	0.6923076923076923 0.021352313167259787
21 95 56 35	0.7857142857142857 0.014234875444839857
21 95 75 35	0.55 0.028469750889679714
21 95 77 35	0.7666666666666667 0.03202846975088968
21 95 81 35	0.8629032258064516 0.017793594306049824
21 95 91 35	0.65 0.014234875444839857
21 95 92 15	0.6571428571428571 0.014234875444839857
21 95 99 15	0.7049180327868853 0.03558718861209965
21 95 104 35	0.8922769307673082 0.03914590747330961
21 95 105 35	0.9303667078697981 0.03914590747330961
21 95 110 35	0.4550561797752809 0.03202846975088968
21 95 116 35	0.31313131313131315 0.010676156583629894
21 104 20 15	0.4375 0.02491103202846975
21 104 35	0.5185185185185185 0.017793594306049824
21 104 39 15	0.6024096385542169 0.03914590747330961
21 105 20 15	0.45454545454545453 0.017793594306049824
21 105 35	0.25 0.0035587188612099642
21 105 40 15	0.6530612244897959 0.042704626334519574
21 117 30 15	0.5833333333333334 0.014234875444839857
21 117 77 35	0.7391304347826086 0.0071174377224199285
21 117 99 15	0.5 0.0071174377224199285
21 117 104 35	0.9194630872483222 0.0071174377224199285
21 117 105 35	0.9016393442622951 0.0071174377224199285
21 118 30 15	0.25 0.0035587188612099642
21 121 104 35	0.5 0.0035587188612099642
21 122 57 15	0.6111111111111112 0.021352313167259787
21 126 2 35	0.4723926380368098 0.02491103202846975
21 126 21 15	0.6509433962264151 0.02491103202846975
21 126 61 15	0.803680981595092 0.03202846975088968
28 15	1.0 0.021352313167259787
28 15 80 15	0.6954022988505747 0.021352313167259787
28 15 100 35	0.829933234421365 0.021352313167259787
28 15 103 38	0.8 0.021352313167259787
28 27 18 15	0.023809523809523808 0.0035587188612099642
28 27 27 15	0.16666666666666666 0.0035587188612099642
28 27 92 15	0.3125 0.014234875444839857
28 27 95 15	0.5 0.0035587188612099642
28 30 15	0.47619047619047616 0.021352313167259787
28 30 77 35	0.391304347826087 0.010676156583629894
28 30 85 35	0.8658074298711145 0.028469750889679714
28 30 95 35	0.8 0.010676156583629894
28 52 15	0.5333333333333333 0.014234875444839857
28 52 85 35	0.9445968184311574 0.017793594306049824
28 52 95 15	0.8235294117647058 0.014234875444839857
28 52 104 35	0.8571428571428571 0.010676156583629894
28 52 105 35	0.6923076923076923 0.010676156583629894
28 77 12 15	0.8943089430894309 0.021352313167259787
28 77 20 15	0.33183856502242154 0.02491103202846975
28 77 35	0.6513761467889908 0.028469750889679714
28 92 18 15	0.023809523809523808 0.0035587188612099642
28 92 85 35	0.006289308176100629 0.0035587188612099642
28 92 95 15	0.5 0.0035587188612099642
28 93 28 15	0.9692307692307692 0.021352313167259787
28 93 38	1.0 0.042704626334519574
28 93 108 35	0.8163265306122449 0.021352313167259787
28 93 110 35	0.3745583038869258 0.028469750889679714
28 98 15	1.0 0.0035587188612099642
28 98 52 15	1.0 0.0035587188612099642
28 99 15	0.5454545454545454 0.02491103202846975
28 99 18 15	0.03759398496240601 0.02491103202846975
28 99 27 15	0.32608695652173914 0.017793594306049824
28 99 34 15	0.95 0.017793594306049824
28 99 85 35	0.8449829139484312 0.03202846975088968
28 99 86 35	1.0 0.010676156583629894
28 99 95 15	0.71875 0.02491103202846975
28 99 117 15	0.7058823529411765 0.017793594306049824
28 104 20 15	0.4231439525967236 0.03202846975088968
28 104 23 35	0.5333333333333333 0.017793594306049824
28 104 35	0.8305921052631579 0.03558718861209965
28 104 39 15	1.0 0.017793594306049824
28 104 40 15	0.9543568464730291 0.017793594306049824
28 105 20 15	0.38386971694455213 0.028469750889679714
28 105 35	0.809462915601023 0.028469750889679714
28 105 39 15	0.9490022172949002 0.021352313167259787
28 105 40 15	0.9992313604919293 0.017793594306049824
28 105 115 35	0.6666666666666666 0.0071174377224199285
28 117 15	1.0 0.0035587188612099642
28 117 52 15	1.0 0.021352313167259787
28 117 81 35	0.8680555555555556 0.014234875444839857
28 117 95 38	1.0 0.0035587188612099642
28 117 110 35	0.3813084112149533 0.021352313167259787
28 118 30 15	0.35526315789473684 0.017793594306049824
28 118 35	0.3 0.010676156583629894
28 122 35	0.3333333333333333 0.010676156583629894
28 124 30 15	0.3333333333333333 0.014234875444839857
28 126 2 35	0.3880597014925373 0.02491103202846975
28 126 21 15	0.640625 0.021352313167259787
29 94 38	1.0 0.0035587188612099642
30 1 66 15	0.3103448275862069 0.017793594306049824
30 1 66 35	0.8895027624309392 0.017793594306049824
30 15	0.5384615384615384 0.042704626334519574
30 15 80 15	0.5397260273972603 0.042704626334519574
30 15 100 35	0.5884915523903326 0.042704626334519574
30 15 103 38	0.7029702970297029 0.042704626334519574
30 18 15	0.027777777777777776 0.021352313167259787
30 18 18 15	0.0438996528542908 0.03558718861209965
30 18 27 15	0.02688728024819028 0.03202846975088968
30 18 83 15	0.04172416410718644 0.03558718861209965
30 18 85 35	0.0265747563584502 0.03202846975088968
30 18 92 15	0.024963994239078253 0.03202846975088968
30 27 15	0.328125 0.02491103202846975
30 27 18 15	0.045481393975191964 0.03558718861209965
30 27 27 15	0.2655367231638418 0.03558718861209965
30 27 85 35	0.16377171215880892 0.028469750889679714
30 27 92 15	0.29658792650918636 0.03558718861209965
30 27 95 15	0.2744755244755245 0.02491103202846975
30 33 15	1.0 0.0035587188612099642
30 33 93 38	1.0 0.0035587188612099642
30 33 98 15	0.2777777777777778 0.010676156583629894
30 33 117 15	1.0 0.0035587188612099642
30 34 52 15	0.5384615384615384 0.017793594306049824
30 34 77 35	0.7402597402597403 0.028469750889679714
30 34 93 38	1.0 0.02491103202846975
30 34 99 15	0.5901639344262295 0.03558718861209965
30 34 104 35	0.857709469509172 0.03558718861209965
30 34 105 35	0.8378378378378378 0.03558718861209965
30 45 110 15	0.052374301675977654 0.03558718861209965
30 52 15	1.0 0.0035587188612099642
30 52 98 15	1.0 0.0035587188612099642
30 52 117 15	1.0 0.0035587188612099642
30 56 121 15	1.0 0.0035587188612099642
30 77 12 15	0.42528735632183906 0.028469750889679714
30 77 35	0.41935483870967744 0.017793594306049824
30 83 18 15	0.054639473778297004 0.03558718861209965
30 83 27 15	0.03518612952575217 0.03202846975088968
30 83 77 35	0.09174311926605505 0.02491103202846975
30 83 83 15	0.054234391565477234 0.03558718861209965
30 83 85 35	0.0265747563584502 0.03202846975088968
30 83 92 15	0.03374083129584352 0.03202846975088968
30 85 12 15	0.7361111111111112 0.028469750889679714
30 85 20 15	0.44264844748097537 0.03914590747330961
30 85 23 35	0.7551020408163265 0.02491103202846975
30 85 35	0.8583353793272772 0.03914590747330961
30 85 39 15	0.9543859649122807 0.03558718861209965
30 85 40 15	0.9546436285097192 0.03558718861209965
30 85 43 38	1.0 0.02491103202846975
30 85 57 15	0.5 0.017793594306049824
30 86 2 35	0.5978947368421053 0.028469750889679714
30 86 4 35	0.8 0.028469750889679714
30 86 21 15	0.6435233160621762 0.03914590747330961
30 86 30 15	0.3963963963963964 0.03914590747330961
30 86 35	1.0 0.014234875444839857
30 86 38	0.9375 0.03558718861209965
30 86 61 15	0.7911392405063291 0.028469750889679714
30 92 15	0.3709677419354839 0.02491103202846975
30 92 18 15	0.04526503871351995 0.03558718861209965
30 92 27 15	0.24603174603174602 0.03558718861209965
30 92 83 15	0.045866022933011466 0.03558718861209965
30 92 85 35	0.07174536916253588 0.028469750889679714
30 92 92 15	0.2644628099173554 0.03558718861209965
30 92 95 15	0.10490307867730901 0.021352313167259787
30 95 14 35	0.7368421052631579 0.02491103202846975
30 95 15	0.8113207547169812 0.03202846975088968
30 95 21 15	0.3963963963963964 0.03558718861209965
30 95 28 15	0.9880952380952381 0.03202846975088968
30 95 30 15	0.5147895335608647 0.042704626334519574
30 95 38	1.0 0.042704626334519574
30 95 52 15	0.7151515151515152 0.028469750889679714
30 95 81 35	0.8658536585365854 0.021352313167259787
30 95 99 15	0.5617977528089888 0.03558718861209965
30 95 104 35	0.8559210526315789 0.03558718861209965
30 95 105 35	0.8573487031700289 0.03558718861209965
30 95 110 35	0.386219401631913 0.03558718861209965
30 95 116 35	0.3111111111111111 0.0035587188612099642
30 95 122 35	0.7037037037037037 0.021352313167259787
30 104 20 15	0.45 0.028469750889679714
30 104 35	0.6153846153846154 0.02491103202846975
30 104 39 15	0.4954128440366973 0.03558718861209965
30 105 20 15	0.41379310344827586 0.017793594306049824
30 105 35	0.2222222222222222 0.0035587188612099642
30 105 40 15	0.5238095238095238 0.03914590747330961
30 117 52 15	0.5686274509803921 0.021352313167259787
30 117 77 35	0.7216494845360825 0.017793594306049824
30 117 93 38	1.0 0.014234875444839857
30 117 99 15	0.5238095238095238 0.017793594306049824
30 117 104 35	0.8954402515723271 0.017793594306049824
30 117 105 35	0.854320987654321 0.017793594306049824
30 121 56 15	0.35714285714285715 0.017793594306049824
30 122 57 15	0.7 0.014234875444839857
30 126 21 15	0.6625 0.028469750889679714
30 126 61 15	0.6993006993006993 0.03202846975088968
31 6 71 35	0.057511737089201875 0.05338078291814947
31 6 71 38	0.9422680412371134 0.05338078291814947
31 6 102 35	0.05357142857142857 0.03202846975088968
31 16 81 35	0.8949152542372881 0.03914590747330961
31 16 108 35	0.7558139534883721 0.03914590747330961
31 20 27 15	0.10526315789473684 0.021352313167259787
31 20 85 35	0.6938775510204082 0.028469750889679714
31 20 92 15	0.1206896551724138 0.02491103202846975
31 20 95 15	0.8 0.0035587188612099642
31 35	1.0 0.08540925266903915
31 35 80 15	0.7142857142857143 0.08540925266903915
31 35 100 35	0.8822971691724232 0.08540925266903915
31 35 103 38	0.9917370217352255 0.08540925266903915
31 36 101 35	0.09042553191489362 0.03914590747330961
31 37 102 35	0.108 0.03558718861209965
31 39 27 15	0.5 0.0035587188612099642
31 39 77 35	0.7142857142857143 0.02491103202846975
31 39 104 35	0.9375 0.02491103202846975
31 39 105 35	0.8769230769230769 0.02491103202846975
31 40 77 35	0.5555555555555556 0.0071174377224199285
31 40 104 35	0.9032258064516129 0.021352313167259787
31 40 105 35	0.8446601941747572 0.02491103202846975
31 40 118 35	1.0 0.017793594306049824
31 43 76 38	1.0 0.0071174377224199285
31 43 108 35	0.15934065934065933 0.03914590747330961
31 45 110 35	0.08843537414965986 0.02491103202846975
31 46 111 35	0.12265534783558565 0.09252669039145907
31 49 114 35	0.03225806451612903 0.03202846975088968
31 51 116 35	0.1012987012987013 0.017793594306049824
31 57 122 35	0.6190476190476191 0.0035587188612099642
31 96 31 35	1.0 0.08540925266903915
31 96 38	1.0 0.15658362989323843
31 109 44 35	1.0 0.03202846975088968
31 120 38	1.0 0.017793594306049824
38	1.0 1.0
38 80 15	0.8660187434918432 0.9928825622775801
38 80 18 15	0.10356347438752785 0.08540925266903915
38 80 27 15	0.912047743379336 0.9537366548042705
38 80 30 15	0.5755302638385928 0.1103202846975089
38 80 33 15	1.0 0.0498220640569395
38 80 34 15	0.7431192660550459 0.09608540925266904
38 80 52 15	0.7028571428571428 0.08540925266903915
38 80 77 35	0.6726677577741408 0.10676156583629894
38 80 83 15	0.10379464285714286 0.08540925266903915
38 80 85 35	0.7483258928571429 0.9857651245551602
38 80 86 35	0.8181818181818182 0.03202846975088968
38 80 86 38	0.9333333333333333 0.099644128113879
38 80 92 15	0.9141606822262118 0.9537366548042705
38 80 93 38	1.0 0.06405693950177936
38 80 95 15	0.6074256074256075 0.1103202846975089
38 80 95 35	0.74 0.03558718861209965
38 80 95 38	0.8554216867469879 0.099644128113879
38 80 98 15	1.0 0.0498220640569395
38 80 99 15	0.6377952755905512 0.09608540925266904
38 80 104 35	0.8712734792348785 0.10320284697508897
38 80 105 35	0.908996467899439 0.11743772241992882
38 80 117 15	0.6758241758241759 0.08540925266903915
38 80 122 35	0.7333333333333333 0.08896797153024912
38 100 8 35	0.6387130801687764 0.10320284697508897
38 100 12 15	0.46651532349602726 0.10676156583629894
38 100 20 15	0.47493043258284845 0.9857651245551602
38 100 21 15	0.2727272727272727 0.03202846975088968
38 100 23 35	0.7557977736549165 0.9501779359430605
38 100 30 15	0.3333333333333333 0.03558718861209965
38 100 35	0.9009909414598387 1.0
38 100 39 15	0.8893579595426561 0.10320284697508897
38 100 40 15	0.8485259891388673 0.11743772241992882
38 100 43 15	0.08156028368794327 0.05693950177935943
38 100 43 35	1.0 0.02491103202846975
38 100 43 38	1.0 0.060498220640569395
38 100 44 35	0.497119341563786 0.9430604982206405
38 100 50 35	0.6470588235294118 0.09608540925266904
38 100 57 15	0.4230769230769231 0.08896797153024912
38 100 58 35	0.9610261470152935 0.9608540925266904
38 100 67 38	1.0 0.8540925266903915
38 100 69 38	1.0 0.8540925266903915
38 100 73 35	0.6387130801687764 0.10320284697508897
38 100 79 38	0.7586206896551724 0.07829181494661921
38 100 88 35	0.7557977736549165 0.9501779359430605
38 100 96 38	1.0 0.8576512455516014
38 100 109 35	0.4609494640122512 0.9430604982206405
38 100 115 35	0.6470588235294118 0.09608540925266904
38 100 123 35	0.9596059113300492 0.9608540925266904
38 102 37	0.7333333333333333 0.03914590747330961
38 103 2 35	1.0 0.8540925266903915
38 103 4 35	1.0 0.8540925266903915
38 103 14 35	0.7096774193548387 0.07829181494661921
38 103 21 15	0.21021021021021022 0.099644128113879
38 103 28 15	1.0 0.06405693950177936
38 103 30 15	0.4797297297297297 0.099644128113879
38 103 31 35	1.0 0.8576512455516014
38 103 38	0.9911017385042691 1.0
38 103 61 15	0.6666666666666666 0.0071174377224199285
38 103 108 35	0.8392857142857143 0.060498220640569395
38 116 51	1.0 0.0071174377224199285
45 110 30 15	0.375 0.0071174377224199285
45 110 38	0.5 0.0071174377224199285
61 15	0.6666666666666666 0.0071174377224199285
61 15 80 15	0.6455696202531646 0.0071174377224199285
61 15 100 35	0.32608695652173914 0.0071174377224199285
61 15 103 38	0.5 0.0071174377224199285
61 27 15	0.5 0.0035587188612099642
61 27 30 15	0.5 0.0035587188612099642
61 30 85 35	0.7291666666666666 0.0035587188612099642
61 30 86 38	1.0 0.0035587188612099642
61 30 95 15	0.8235294117647058 0.0035587188612099642
61 77 12 15	0.631578947368421 0.0071174377224199285
61 77 35	0.4375 0.010676156583629894
61 92 27 15	0.5 0.0035587188612099642
61 92 92 15	0.5 0.0035587188612099642
61 93 28 15	0.5 0.0035587188612099642
61 93 75 35	0.8260869565217391 0.0071174377224199285
61 98 85 35	0.00392156862745098 0.0035587188612099642
61 98 104 35	0.5333333333333333 0.0035587188612099642
61 99 15	0.5 0.0035587188612099642
61 99 85 35	0.7291666666666666 0.0035587188612099642
61 99 95 15	0.8235294117647058 0.0035587188612099642
61 104 20 15	0.4393939393939394 0.0071174377224199285
61 104 35	0.6170212765957447 0.010676156583629894
61 104 39 15	0.5974025974025974 0.0071174377224199285
61 104 40 15	0.5945945945945946 0.0071174377224199285
61 104 96 38	1.0 0.0071174377224199285
61 105 20 15	0.43119266055045874 0.0035587188612099642
61 105 23 35	0.2 0.0035587188612099642
61 105 35	0.6346153846153846 0.014234875444839857
61 105 39 15	0.5135135135135135 0.0071174377224199285
61 105 40 15	0.6710526315789473 0.0071174377224199285
61 105 57 15	1.0 0.0035587188612099642
61 105 123 35	0.5 0.0071174377224199285
61 117 30 15	1.0 0.0035587188612099642
61 117 104 35	0.9 0.0035587188612099642
61 117 105 35	1.0 0.0035587188612099642
61 118 21 15	0.5 0.0035587188612099642
61 118 53 15	0.5 0.0035587188612099642
61 118 110 35	1.0 0.0071174377224199285
61 122 35	0.5 0.0035587188612099642
61 122 57 15	1.0 0.0035587188612099642
61 126 31 35	1.0 0.010676156583629894
61 126 38	1.0 0.017793594306049824
61 126 61 15	0.23809523809523808 0.0071174377224199285
98 33 38	1.0 0.0035587188612099642
108 1 66 35	0.8611111111111112 0.0071174377224199285
108 16 108 35	0.85 0.010676156583629894
108 20 15	0.6666666666666666 0.021352313167259787
108 20 27 15	0.373134328358209 0.017793594306049824
108 20 85 35	0.8919661249713894 0.021352313167259787
108 20 104 35	0.6153846153846154 0.017793594306049824
108 20 117 15	0.625 0.010676156583629894
108 24 89 35	0.8237791932059448 0.010676156583629894
108 35	0.875 0.021352313167259787
108 35 80 15	0.7723440134907251 0.021352313167259787
108 35 100 35	0.8206529354070338 0.021352313167259787
108 35 103 38	0.7580645161290323 0.021352313167259787
108 39 104 35	0.4750430292598967 0.0071174377224199285
108 40 15	0.5 0.0035587188612099642
108 43 38	1.0 0.021352313167259787
108 46 111 35	0.06978282438540404 0.021352313167259787
108 51 116 35	0.1661721068249258 0.0071174377224199285
108 109 44 35	0.4 0.0035587188612099642
109 12 104 35	0.14285714285714285 0.0035587188612099642
109 24 89 35	0.19230769230769232 0.0035587188612099642
109 44 38	1.0 0.0035587188612099642
109 46 111 35	0.007556675062972292 0.0035587188612099642
