1 66 8 26	0.5 0.003194888178913738
1 66 26	0.16952380952380952 0.08945686900958466
1 66 73 26	0.5 0.003194888178913738
6 71 2 26	0.35714285714285715 0.003194888178913738
6 71 26	1.0 0.019169329073482427
6 71 73 26	1.0 0.003194888178913738
6 71 75 26	0.3333333333333333 0.006389776357827476
8 6 71 26	1.0 0.003194888178913738
8 8 8 26	1.0 0.009584664536741214
8 8 26	1.0 0.01597444089456869
8 8 73 26	1.0 0.009584664536741214
8 16 81 26	1.0 0.006389776357827476
8 20 85 26	0.03333333333333333 0.006389776357827476
8 24 89 26	0.6666666666666666 0.006389776357827476
8 26	1.0 0.006389776357827476
8 26 91 26	1.0 0.006389776357827476
8 36 101 26	1.0 0.003194888178913738
8 39 104 26	1.0 0.003194888178913738
8 40 77 26	0.125 0.006389776357827476
8 40 105 26	0.2727272727272727 0.009584664536741214
8 45 110 26	1.0 0.006389776357827476
8 46 111 26	0.06779661016949153 0.009584664536741214
8 49 114 26	0.047619047619047616 0.006389776357827476
8 51 116 26	0.5 0.006389776357827476
8 58 123 26	1.0 0.003194888178913738
8 73 8 26	1.0 0.009584664536741214
8 73 26	1.0 0.01597444089456869
8 73 73 26	1.0 0.009584664536741214
10 6 71 26	0.5 0.006389776357827476
10 28 104 26	1.0 0.003194888178913738
10 75 26	1.0 0.01597444089456869
12 30 85 26	0.07462686567164178 0.012779552715654952
12 77 26	0.8 0.06070287539936102
12 77 49 114	0.002664002664002664 0.012779552715654952
12 92 105 26	0.25 0.003194888178913738
12 105 8 26	0.2 0.006389776357827476
12 105 26	0.25925925925925924 0.022364217252396165
12 105 49 114	0.0004948453608247423 0.012779552715654952
12 105 56 26	0.5 0.003194888178913738
12 105 73 26	0.2 0.006389776357827476
16 81 8 26	1.0 0.006389776357827476
16 81 26	0.8404255319148937 0.16293929712460065
16 81 49 114	9.191176470588235e-05 0.003194888178913738
16 81 73 26	1.0 0.006389776357827476
16 107 49 114	0.002564102564102564 0.003194888178913738
20 15 80 95	0.0022299434735259037 0.07667731629392971
20 15 100 26	0.3540183112919634 0.24920127795527156
20 18 18 95	0.00020107969730086086 0.08306709265175719
20 18 27 95	0.0008093234056328909 0.07987220447284345
20 18 83 95	0.00020326872269129802 0.08306709265175719
20 18 85 26	0.030573983270839343 0.13099041533546327
20 18 85 43	7.894217485691731e-05 0.009584664536741214
20 18 92 95	0.000784665805359085 0.07987220447284345
20 18 95	5.330869287085081e-05 0.006389776357827476
20 18 95 42	0.03529411764705882 0.019169329073482427
20 27 18 95	0.0007687645538932661 0.07987220447284345
20 27 27 95	0.0021514629948364886 0.07987220447284345
20 27 83 95	0.0007644799157486034 0.07987220447284345
20 27 85 26	0.028337061894108874 0.08306709265175719
20 27 92 95	0.0021266468854750017 0.07987220447284345
20 27 95	7.44296825574039e-05 0.003194888178913738
20 30 85 26	0.23809523809523808 0.009584664536741214
20 30 95 95	0.028125 0.05750798722044728
20 33 98 95	0.010158350761876307 0.054313099041533544
20 34 30 95	0.007674036177599123 0.07987220447284345
20 34 56 95	0.030357142857142857 0.054313099041533544
20 34 77 26	0.13333333333333333 0.025559105431309903
20 34 99 95	0.0038849320136897605 0.07987220447284345
20 34 104 26	0.2222222222222222 0.012779552715654952
20 34 105 26	0.4037854889589905 0.1853035143769968
20 34 117 42	0.375 0.038338658146964855
20 45 110 95	0.0005342033489485081 0.08306709265175719
20 52 85 26	0.23809523809523808 0.009584664536741214
20 77 12 95	0.0019915029208709507 0.07987220447284345
20 83 18 95	9.47332376909895e-05 0.08306709265175719
20 83 27 95	0.001015165964253853 0.07987220447284345
20 83 83 95	8.397341655271839e-05 0.08306709265175719
20 83 85 26	0.030573983270839343 0.13099041533546327
20 83 85 43	7.863489816780687e-05 0.009584664536741214
20 83 92 95	0.0009898713167288253 0.07987220447284345
20 83 95	5.3199035324159454e-05 0.006389776357827476
20 83 95 42	0.03529411764705882 0.019169329073482427
20 85 8 26	0.0625 0.006389776357827476
20 85 12 95	0.0007072886091169502 0.05750798722044728
20 85 20 95	0.0016052345458948173 0.08306709265175719
20 85 23 26	0.1875 0.009584664536741214
20 85 26	0.39375476009139376 0.41214057507987223
20 85 39 95	0.0001932201206552309 0.025559105431309903
20 85 40 95	0.0012678958212266893 0.06070287539936102
20 85 43	0.0004008016032064128 0.006389776357827476
20 85 49 114	0.0010958178735985115 0.11501597444089456
20 85 50 26	0.4444444444444444 0.012779552715654952
20 85 65	0.3333333333333333 0.003194888178913738
20 85 72 42	0.20588235294117646 0.022364217252396165
20 85 73 26	0.0625 0.006389776357827476
20 85 88 26	0.1875 0.009584664536741214
20 86 21 95	0.0017367088453323664 0.08306709265175719
20 86 30 95	0.0035839958295321257 0.07667731629392971
20 86 53 95	0.006076388888888889 0.022364217252396165
20 86 61 95	0.0016217092815827882 0.025559105431309903
20 92 18 95	0.0007081135444674781 0.07987220447284345
20 92 27 95	0.002212289899907372 0.08306709265175719
20 92 83 95	0.0007014309869845584 0.07987220447284345
20 92 85 26	0.028337061894108874 0.08306709265175719
20 92 92 95	0.002437221567413149 0.07987220447284345
20 92 95	7.386615452799527e-05 0.003194888178913738
20 93 28 95	0.030357142857142857 0.054313099041533544
20 93 30 95	0.030357142857142857 0.054313099041533544
20 95	0.004805914972273568 0.08306709265175719
20 95 21 95	0.003240058910162003 0.07667731629392971
20 95 28 95	0.030357142857142857 0.054313099041533544
20 95 30 95	0.0004342536097331309 0.08306709265175719
20 95 42	0.3389830508474576 0.06389776357827476
20 95 45 110	0.05037783375314862 0.06389776357827476
20 95 49 114	0.002533783783783784 0.09584664536741214
20 95 56 95	0.02694136291600634 0.054313099041533544
20 95 77 26	0.10416666666666667 0.01597444089456869
20 95 85 26	0.20833333333333334 0.01597444089456869
20 95 91 26	0.39123750960799386 0.2523961661341853
20 95 99 95	0.007028112449799197 0.07987220447284345
20 95 104 26	0.42857142857142855 0.009584664536741214
20 95 105 26	0.38850889192886456 0.23003194888178913
20 95 117 42	0.375 0.038338658146964855
20 104 20 95	0.00026032175769250796 0.025559105431309903
20 104 39 95	0.0014424618014745164 0.07987220447284345
20 105 20 95	0.0008541533205210335 0.06070287539936102
20 105 40 95	0.0019432426486763951 0.08306709265175719
20 117 85 26	0.20833333333333334 0.01597444089456869
20 117 104 26	0.3333333333333333 0.006389776357827476
20 117 105 26	0.3333333333333333 0.003194888178913738
20 118 21 95	0.006076388888888889 0.022364217252396165
20 118 53 95	0.006432246998284734 0.025559105431309903
20 121 30 95	0.02694136291600634 0.054313099041533544
20 121 56 95	0.02694136291600634 0.054313099041533544
20 121 99 95	0.030357142857142857 0.054313099041533544
20 122 57 95	0.010738255033557046 0.07667731629392971
20 126 21 95	0.0021109001785056527 0.025559105431309903
20 126 61 95	0.0026685770574012718 0.07987220447284345
23 20 85 26	0.2727272727272727 0.006389776357827476
23 23 26	1.0 0.019169329073482427
23 46 111 26	0.24 0.019169329073482427
23 88 26	1.0 0.019169329073482427
24 89 8 26	0.6666666666666666 0.006389776357827476
24 89 26	0.3770491803278688 0.054313099041533544
24 89 49 114	9.63437545161135e-05 0.006389776357827476
24 89 73 26	0.6666666666666666 0.006389776357827476
24 89 123 26	0.6666666666666666 0.006389776357827476
26	1.0 1.0
26 0 26	0.3 0.03194888178913738
26 0 26 97	0.3333333333333333 0.03194888178913738
26 0 26 98	0.2 0.03194888178913738
26 0 49 114	0.005263157894736842 0.051118210862619806
26 0 58 65	1.0 0.03194888178913738
26 0 65	1.0 0.03194888178913738
26 0 123 65	1.0 0.03194888178913738
26 28 93	0.16666666666666666 0.003194888178913738
26 30 18 95	0.00021558693543171284 0.006389776357827476
26 30 83 95	0.0002155559547332495 0.006389776357827476
26 30 85 26	0.4324553950722175 0.23322683706070288
26 30 95	0.01232394366197183 0.08306709265175719
26 32 91 65	1.0 0.03194888178913738
26 32 97	0.3333333333333333 0.03194888178913738
26 32 97 33	0.4 0.03194888178913738
26 32 98	0.3333333333333333 0.03194888178913738
26 32 98 33	0.4 0.03194888178913738
26 33 91 65	1.0 0.03194888178913738
26 33 97	0.3333333333333333 0.03194888178913738
26 33 97 33	0.4 0.03194888178913738
26 33 98	0.3333333333333333 0.03194888178913738
26 33 98 33	0.4 0.03194888178913738
26 45 110	0.25 0.07987220447284345
26 49 114	0.005133957461495319 0.2523961661341853
26 49 114 26	0.08959102721925866 0.49201277955271566
26 49 114 33	0.06015037593984962 0.03194888178913738
26 49 114 42	0.03462603878116344 0.1182108626198083
26 49 114 65	0.21052631578947367 0.03194888178913738
26 91 8 26	1.0 0.009584664536741214
26 91 20 95	0.009523809523809525 0.08306709265175719
26 91 26	0.593549812237685 1.0
26 91 43	0.05714285714285714 0.006389776357827476
26 91 49 114	0.0034886724669175315 0.2523961661341853
26 91 58 26	1.0 0.022364217252396165
26 91 65	0.379746835443038 0.03194888178913738
26 91 65 32	0.620253164556962 0.022364217252396165
26 91 65 33	0.620253164556962 0.022364217252396165
26 91 73 26	1.0 0.009584664536741214
26 91 123 26	1.0 0.022364217252396165
26 97 0 26	0.7 0.022364217252396165
26 97 32	1.0 0.022364217252396165
26 97 33	0.6 0.022364217252396165
26 97 33 32	1.0 0.022364217252396165
26 97 33 33	1.0 0.022364217252396165
26 97 98 32	1.0 0.022364217252396165
26 97 98 33	0.5 0.022364217252396165
26 98 0 26	0.7 0.022364217252396165
26 98 32	0.5121951219512195 0.022364217252396165
26 98 32 97	0.16260162601626016 0.03194888178913738
26 98 32 98	0.16260162601626016 0.03194888178913738
26 98 33	0.5466666666666666 0.054313099041533544
26 98 33 32	0.4117647058823529 0.022364217252396165
26 98 33 33	0.4117647058823529 0.022364217252396165
26 98 33 97	0.16260162601626016 0.03194888178913738
26 98 33 98	0.0975609756097561 0.03194888178913738
26 98 49 114	0.0025673940949935813 0.051118210862619806
26 98 98 32	1.0 0.022364217252396165
26 98 98 33	0.5 0.022364217252396165
26 107 30 95	0.0070126227208976155 0.04792332268370607
26 107 42	0.6896551724137931 0.3035143769968051
26 107 49 114	0.0019276736833988741 0.11501597444089456
26 107 52 93	0.00847457627118644 0.003194888178913738
26 108 26	1.0 0.006389776357827476
26 108 43	0.7741935483870968 0.038338658146964855
35 80 18 95	0.0013220591070592447 0.05750798722044728
35 80 27 95	0.00025587717895410203 0.012779552715654952
35 80 30 95	3.220134859247905e-05 0.05750798722044728
35 80 83 95	0.0013178486121406803 0.05750798722044728
35 80 85 26	0.36174636174636177 0.19808306709265175
35 80 92 95	0.00029551919027741866 0.012779552715654952
35 80 95	0.0009105164651727453 0.05750798722044728
35 80 95 42	0.32 0.051118210862619806
35 80 95 95	0.013958125623130608 0.04472843450479233
35 100 12 95	0.0029667302394575123 0.04472843450479233
35 100 20 95	0.0008109041370831762 0.05750798722044728
35 100 26	0.37593283582089554 0.28434504792332266
35 100 26 32	0.4077669902912621 0.022364217252396165
35 100 26 33	0.4077669902912621 0.022364217252396165
35 100 26 97	0.13333333333333333 0.019169329073482427
35 100 26 98	0.07622504537205081 0.019169329073482427
35 100 49 114	0.0017762987779514103 0.10223642172523961
35 100 50 26	0.25 0.006389776357827476
35 100 58 26	0.4666666666666667 0.022364217252396165
35 100 58 65	0.4 0.019169329073482427
35 100 65	0.2926829268292683 0.019169329073482427
35 100 65 32	0.4666666666666667 0.022364217252396165
35 100 65 33	0.4666666666666667 0.022364217252396165
35 100 123 26	0.4666666666666667 0.022364217252396165
35 100 123 65	0.4 0.019169329073482427
35 102 30 95	0.03076923076923077 0.04472843450479233
35 103 21 95	0.005719313682358117 0.05750798722044728
35 103 30 95	0.0030864197530864196 0.012779552715654952
36 101 8 26	1.0 0.003194888178913738
36 101 26	0.44680851063829785 0.0670926517571885
36 101 49 114	0.00021852191774835017 0.009584664536741214
36 101 73 26	1.0 0.003194888178913738
37 102 26	1.0 0.003194888178913738
37 102 73 26	1.0 0.003194888178913738
39 30 85 26	0.2727272727272727 0.006389776357827476
39 52 85 26	0.2 0.006389776357827476
39 93 75 26	1.0 0.003194888178913738
39 99 85 26	0.14285714285714285 0.006389776357827476
39 104 8 26	1.0 0.003194888178913738
39 104 26	1.0 0.038338658146964855
39 104 49 114	0.00027590012415505585 0.003194888178913738
39 104 73 26	1.0 0.003194888178913738
39 105 26	0.5 0.003194888178913738
40 27 30 95	0.03571428571428571 0.01597444089456869
40 27 77 26	0.25 0.003194888178913738
40 30 85 26	0.45151033386327505 0.16932907348242812
40 30 85 43	0.0018083182640144665 0.003194888178913738
40 30 95	0.02443609022556391 0.04153354632587859
40 52 85 26	0.25 0.003194888178913738
40 77 20 95	0.013804527885146328 0.03194888178913738
40 77 26	0.3181818181818182 0.022364217252396165
40 93 21 95	0.03571428571428571 0.01597444089456869
40 93 30 95	0.03064798598949212 0.03194888178913738
40 99 85 26	0.5 0.08306709265175719
40 99 95	0.018518518518518517 0.01597444089456869
40 104 20 95	0.015167514639531535 0.03514376996805112
40 104 26	0.5 0.003194888178913738
40 104 49 114	0.0009431535625482294 0.03514376996805112
40 105 8 26	0.5 0.009584664536741214
40 105 20 95	0.014542997326438876 0.04472843450479233
40 105 26	0.6888888888888889 0.43450479233226835
40 105 49 114	0.0016614581272993395 0.0926517571884984
40 105 56 26	0.5 0.003194888178913738
40 105 73 26	0.5 0.009584664536741214
40 117 42	0.3157894736842105 0.019169329073482427
40 117 49 114	0.00234009360374415 0.019169329073482427
40 126 21 95	0.0023048555623847574 0.01597444089456869
41 106 26	0.6 0.009584664536741214
43	0.2 0.003194888178913738
43 91 26	1.0 0.003194888178913738
43 91 43	1.0 0.003194888178913738
43 107 42	0.6666666666666666 0.003194888178913738
43 108 26	0.28 0.022364217252396165
43 108 43	0.004608294930875576 0.003194888178913738
43 108 49 114	0.002248356969906607 0.012779552715654952
44 109 26	1.0 0.003194888178913738
45 110 8 26	1.0 0.003194888178913738
45 110 26	1.0 0.003194888178913738
45 110 73 26	1.0 0.003194888178913738
46 111 8 26	0.34772182254196643 0.022364217252396165
46 111 12 95	0.0002803348865401371 0.06389776357827476
46 111 20 95	0.00010655487309577249 0.07987220447284345
46 111 23 26	0.15306122448979592 0.03194888178913738
46 111 26	0.1298228346456693 0.9041533546325878
46 111 26 32	0.017857142857142856 0.006389776357827476
46 111 26 33	0.017857142857142856 0.006389776357827476
46 111 26 97	0.12121212121212122 0.006389776357827476
46 111 39 95	5.316208055118445e-05 0.019169329073482427
46 111 40 95	6.334325711028061e-05 0.012779552715654952
46 111 43	0.00012455737646577342 0.01597444089456869
46 111 49 114	0.0008462051152208472 0.20447284345047922
46 111 50 26	0.034482758620689655 0.003194888178913738
46 111 56 26	0.045454545454545456 0.003194888178913738
46 111 57 95	0.00186219739292365 0.06070287539936102
46 111 65	0.03153153153153153 0.009584664536741214
46 111 65 32	0.3684210526315789 0.009584664536741214
46 111 65 33	0.3684210526315789 0.009584664536741214
46 111 73 26	0.34772182254196643 0.022364217252396165
46 111 88 26	0.15306122448979592 0.03194888178913738
46 111 123 26	0.29411764705882354 0.009584664536741214
49 113 48 114	0.002728767942583732 0.23322683706070288
49 114	0.00243215565796211 0.24281150159744408
49 114 0 26	0.07954545454545454 0.04472843450479233
49 114 0 65	0.07954545454545454 0.022364217252396165
49 114 2 26	0.05909090909090909 0.134185303514377
49 114 8 26	0.06349206349206349 0.006389776357827476
49 114 20 95	0.00037122983899989164 0.07987220447284345
49 114 26	0.07561016289542448 0.8146964856230032
49 114 26 32	0.0791599353796446 0.022364217252396165
49 114 26 33	0.0791599353796446 0.022364217252396165
49 114 26 97	0.026515151515151516 0.022364217252396165
49 114 26 98	0.015878159429682438 0.022364217252396165
49 114 28 93	0.001893939393939394 0.003194888178913738
49 114 30 95	0.00047055033192874764 0.07667731629392971
49 114 32	0.07954545454545454 0.022364217252396165
49 114 32 97	0.026515151515151516 0.022364217252396165
49 114 32 98	0.026515151515151516 0.022364217252396165
49 114 33	0.06818181818181818 0.04472843450479233
49 114 33 32	0.07954545454545454 0.022364217252396165
49 114 33 33	0.07954545454545454 0.022364217252396165
49 114 33 97	0.026515151515151516 0.022364217252396165
49 114 33 98	0.01674641148325359 0.022364217252396165
49 114 42	0.04180522565320665 0.24600638977635783
49 114 43	0.007530120481927711 0.01597444089456869
49 114 45 110	0.00047204323916070714 0.07987220447284345
49 114 49 114	0.0024591233243559493 0.24600638977635783
49 114 56 26	0.017543859649122806 0.006389776357827476
49 114 58 26	0.07954545454545454 0.022364217252396165
49 114 58 65	0.07954545454545454 0.022364217252396165
49 114 65	0.07954545454545454 0.022364217252396165
49 114 65 32	0.07954545454545454 0.022364217252396165
49 114 65 33	0.07954545454545454 0.022364217252396165
49 114 73 26	0.06349206349206349 0.006389776357827476
49 114 91 26	0.06791083462934162 0.5782747603833865
49 114 91 65	0.07954545454545454 0.022364217252396165
49 114 98 32	0.07954545454545454 0.022364217252396165
49 114 98 33	0.07954545454545454 0.04472843450479233
49 114 107 42	0.005681818181818182 0.006389776357827476
49 114 121 42	0.047619047619047616 0.006389776357827476
49 114 123 26	0.07954545454545454 0.022364217252396165
49 114 123 65	0.07954545454545454 0.022364217252396165
51 116 8 26	0.6666666666666666 0.006389776357827476
51 116 26	0.6086956521739131 0.038338658146964855
51 116 73 26	0.6666666666666666 0.006389776357827476
57 122 26	1.0 0.012779552715654952
58 8 123 26	1.0 0.003194888178913738
58 16 81 26	1.0 0.003194888178913738
58 26	1.0 0.003194888178913738
58 26 91 26	1.0 0.003194888178913738
58 26 97 32	1.0 0.003194888178913738
58 26 97 33	0.6 0.003194888178913738
58 26 98 32	1.0 0.003194888178913738
58 26 98 33	0.6 0.003194888178913738
58 35 100 26	0.4375 0.003194888178913738
58 46 111 26	0.1724137931034483 0.006389776357827476
58 49 114 26	0.036458333333333336 0.003194888178913738
58 49 114 32	1.0 0.003194888178913738
58 49 114 33	0.5714285714285714 0.003194888178913738
58 65 0 26	0.7 0.003194888178913738
58 65 32	1.0 0.003194888178913738
58 65 33	1.0 0.003194888178913738
58 65 98 32	1.0 0.003194888178913738
58 65 98 33	0.5 0.003194888178913738
58 73 123 26	1.0 0.003194888178913738
58 123 8 26	1.0 0.003194888178913738
58 123 26	1.0 0.006389776357827476
58 123 65 32	1.0 0.003194888178913738
58 123 65 33	1.0 0.003194888178913738
58 123 73 26	1.0 0.003194888178913738
62 127 26	1.0 0.006389776357827476
65	0.3 0.009584664536741214
65 0 26	0.58 0.03194888178913738
65 0 26 32	0.7 0.022364217252396165
65 0 26 33	0.7 0.022364217252396165
65 0 26 97	0.1 0.009584664536741214
65 0 26 98	0.06 0.009584664536741214
65 0 49 114	0.000986842105263158 0.009584664536741214
65 0 58 26	0.7 0.022364217252396165
65 0 65	0.3 0.009584664536741214
65 0 65 32	0.7 0.022364217252396165
65 0 65 33	0.7 0.022364217252396165
65 0 123 26	0.7 0.022364217252396165
65 0 123 65	0.3 0.009584664536741214
65 32	0.7 0.022364217252396165
65 32 91 26	0.7 0.022364217252396165
65 32 91 65	0.3 0.009584664536741214
65 32 97	0.1 0.009584664536741214
65 32 97 32	0.7 0.022364217252396165
65 32 97 33	0.54 0.03194888178913738
65 32 98	0.1 0.009584664536741214
65 32 98 32	0.7 0.022364217252396165
65 32 98 33	0.54 0.03194888178913738
65 33	0.7 0.022364217252396165
65 33 91 26	0.7 0.022364217252396165
65 33 91 65	0.3 0.009584664536741214
65 33 97	0.1 0.009584664536741214
65 33 97 32	0.7 0.022364217252396165
65 33 97 33	0.54 0.03194888178913738
65 33 98	0.1 0.009584664536741214
65 33 98 32	0.7 0.022364217252396165
65 33 98 33	0.54 0.03194888178913738
65 49 114	0.000986842105263158 0.009584664536741214
65 49 114 26	0.036458333333333336 0.03194888178913738
65 49 114 32	0.7 0.022364217252396165
65 49 114 33	0.4857142857142857 0.03194888178913738
65 49 114 65	0.3 0.009584664536741214
65 91 26	0.12 0.009584664536741214
65 91 26 32	0.7 0.022364217252396165
65 91 26 33	0.7 0.022364217252396165
65 91 49 114	0.0009433962264150943 0.009584664536741214
65 91 65	0.3 0.009584664536741214
65 91 65 32	0.7 0.022364217252396165
65 91 65 33	0.7 0.022364217252396165
65 98 32	0.7 0.022364217252396165
65 98 32 97	0.1 0.009584664536741214
65 98 32 98	0.1 0.009584664536741214
65 98 33	0.5 0.03194888178913738
65 98 33 32	0.7 0.022364217252396165
65 98 33 33	0.7 0.022364217252396165
65 98 33 97	0.1 0.009584664536741214
65 98 33 98	0.06 0.009584664536741214
65 98 49 114	0.000986842105263158 0.009584664536741214
67 2 26	1.0 0.054313099041533544
67 2 49 114	0.0017396346767178893 0.009584664536741214
67 6 71 26	0.625 0.003194888178913738
67 49 114	0.003289473684210526 0.009584664536741214
67 49 114 26	0.09027777777777778 0.025559105431309903
67 49 114 42	0.05263157894736842 0.009584664536741214
69 4 26	1.0 0.003194888178913738
73 1 66 26	0.5 0.003194888178913738
73 6 71 26	1.0 0.003194888178913738
73 8 8 26	1.0 0.009584664536741214
73 8 26	1.0 0.01597444089456869
73 8 73 26	1.0 0.009584664536741214
73 16 81 26	1.0 0.006389776357827476
73 20 85 26	0.03333333333333333 0.006389776357827476
73 24 89 26	0.6666666666666666 0.006389776357827476
73 26	1.0 0.006389776357827476
73 26 91 26	1.0 0.006389776357827476
73 36 101 26	1.0 0.003194888178913738
73 37 102 26	1.0 0.003194888178913738
73 39 104 26	1.0 0.003194888178913738
73 40 77 26	0.125 0.006389776357827476
73 40 105 26	0.2727272727272727 0.009584664536741214
73 45 110 26	1.0 0.006389776357827476
73 46 111 26	0.06779661016949153 0.009584664536741214
73 49 114 26	0.047619047619047616 0.006389776357827476
73 51 116 26	0.5 0.006389776357827476
73 58 123 26	1.0 0.003194888178913738
73 73 8 26	1.0 0.009584664536741214
73 73 26	1.0 0.01597444089456869
73 73 73 26	1.0 0.009584664536741214
73 121 56 26	1.0 0.003194888178913738
88 20 85 26	0.2727272727272727 0.006389776357827476
88 23 26	1.0 0.019169329073482427
88 46 111 26	0.24 0.019169329073482427
88 88 26	1.0 0.019169329073482427
115 20 85 26	0.21052631578947367 0.003194888178913738
115 20 95 42	0.3333333333333333 0.003194888178913738
115 35 100 26	0.125 0.003194888178913738
115 46 111 26	0.029411764705882353 0.003194888178913738
115 50 26	1.0 0.003194888178913738
121 40 77 26	0.5 0.003194888178913738
121 40 105 26	0.5 0.003194888178913738
121 46 111 26	0.03333333333333333 0.003194888178913738
121 49 114 26	0.008888888888888889 0.003194888178913738
121 56 8 26	1.0 0.003194888178913738
121 56 26	1.0 0.006389776357827476
123 26	1.0 0.003194888178913738
123 26 91 26	1.0 0.003194888178913738
123 26 97 32	1.0 0.003194888178913738
123 26 97 33	0.6 0.003194888178913738
123 26 98 32	1.0 0.003194888178913738
123 26 98 33	0.6 0.003194888178913738
123 35 100 26	0.4375 0.003194888178913738
123 49 114 26	0.036458333333333336 0.003194888178913738
123 49 114 32	1.0 0.003194888178913738
123 49 114 33	0.5714285714285714 0.003194888178913738
123 58 65 32	1.0 0.003194888178913738
123 58 65 33	1.0 0.003194888178913738
123 65 0 26	0.7 0.003194888178913738
123 65 32	1.0 0.003194888178913738
123 65 33	1.0 0.003194888178913738
123 65 98 33	0.5 0.003194888178913738
