84	1.0 1.0
84 1 66	0.027439024390243903 0.037383177570093455
84 1 66 18	0.10767696909272183 0.14018691588785046
84 1 66 83	0.1091091091091091 0.14953271028037382
84 1 66 95	0.009389671361502348 0.018691588785046728
84 3 68	0.25 0.037383177570093455
84 3 68 83	0.08771929824561403 0.18691588785046728
84 3 68 92	0.045454545454545456 0.018691588785046728
84 15 80	0.22769953051643194 0.32710280373831774
84 15 80 18	0.20899779366586604 0.2803738317757009
84 15 80 27	0.1246947496947497 0.22429906542056074
84 15 80 30	0.2241215574548908 0.1308411214953271
84 15 80 52	0.05779334500875657 0.028037383177570093
84 15 80 83	0.2130943636791995 0.2897196261682243
84 15 80 92	0.11269637704392434 0.24299065420560748
84 15 80 95	0.017897091722595078 0.12149532710280374
84 15 80 99	0.6158536585365854 0.08411214953271028
84 15 100 12	0.03576341127922971 0.028037383177570093
84 15 100 20	0.258350229431224 0.17757009345794392
84 15 100 39	0.002170909808565226 0.04672897196261682
84 15 100 40	0.009266920403772961 0.056074766355140186
84 15 100 57	0.0024410089503661514 0.009345794392523364
84 15 100 121	0.06382978723404255 0.009345794392523364
84 15 103 21	0.375 0.018691588785046728
84 15 103 30	0.35 0.018691588785046728
84 18	0.2962187805218362 0.34579439252336447
84 18 1 66	0.004888768417587949 0.028037383177570093
84 18 15 80	0.09396979555444206 0.2897196261682243
84 18 18	0.10792838216835553 0.45794392523364486
84 18 18 18	0.18610015371128463 0.45794392523364486
84 18 18 27	0.08823905565148031 0.35514018691588783
84 18 18 30	0.35434543422738923 0.028037383177570093
84 18 18 34	0.0004778727287874923 0.009345794392523364
84 18 18 83	0.1873898695520438 0.4672897196261682
84 18 18 92	0.10063556218781408 0.38317757009345793
84 18 18 95	0.0006379202323871925 0.17757009345794392
84 18 18 117	0.04437295903730536 0.018691588785046728
84 18 19 84	0.8821008384505493 0.7289719626168224
84 18 19 121	0.8467000835421888 0.009345794392523364
84 18 27	0.14554545630729276 0.308411214953271
84 18 27 18	0.20713093933461552 0.4392523364485981
84 18 27 27	0.13862641020035715 0.3644859813084112
84 18 27 30	0.9502461777662606 0.06542056074766354
84 18 27 52	0.12786885245901639 0.037383177570093455
84 18 27 83	0.20664888695259195 0.4485981308411215
84 18 27 92	0.15474728059739665 0.3644859813084112
84 18 27 95	0.0023197111079851732 0.14018691588785046
84 18 30	0.6504347826086957 0.028037383177570093
84 18 30 95	0.2527488219334571 0.04672897196261682
84 18 34	0.0023144027060708564 0.009345794392523364
84 18 34 99	0.21650347309398277 0.16822429906542055
84 18 45 110	0.27825538760013097 0.4953271028037383
84 18 56 84	0.9632004735595896 0.5887850467289719
84 18 77 12	0.2947177606340374 0.11214953271028037
84 18 77 20	0.27313859342752816 0.06542056074766354
84 18 77 40	0.03510187613475892 0.009345794392523364
84 18 83	0.10592333582743278 0.4672897196261682
84 18 83 18	0.31883753048691793 0.45794392523364486
84 18 83 27	0.07098540018300577 0.3644859813084112
84 18 83 30	0.3441600852701756 0.028037383177570093
84 18 83 34	0.0006295495058499713 0.009345794392523364
84 18 83 83	0.2631497875665663 0.4672897196261682
84 18 83 92	0.0752339382595184 0.38317757009345793
84 18 83 95	0.000636135812489256 0.17757009345794392
84 18 83 98	0.1449424254833683 0.018691588785046728
84 18 83 117	0.04110603245083491 0.018691588785046728
84 18 85 1	0.0045708297953063175 0.018691588785046728
84 18 85 12	0.06302986775749816 0.09345794392523364
84 18 85 20	0.39094024700167723 0.308411214953271
84 18 85 39	0.007092111619831427 0.12149532710280374
84 18 85 40	0.009788748172256025 0.17757009345794392
84 18 86 21	0.6772389956287486 0.11214953271028037
84 18 86 30	0.34872457216661285 0.06542056074766354
84 18 86 61	0.2029634350354497 0.11214953271028037
84 18 92	0.14733004503538494 0.3177570093457944
84 18 92 18	0.19015893954289304 0.4392523364485981
84 18 92 27	0.11022937533995388 0.37383177570093457
84 18 92 30	0.9352926011858727 0.06542056074766354
84 18 92 34	0.0007044379591425984 0.009345794392523364
84 18 92 52	0.12786885245901639 0.037383177570093455
84 18 92 83	0.1907552758864795 0.4485981308411215
84 18 92 92	0.13776199282256174 0.37383177570093457
84 18 92 95	0.0022253504207673798 0.14018691588785046
84 18 95	0.003610541981727054 0.16822429906542055
84 18 95 21	0.3950060499395006 0.08411214953271028
84 18 95 30	0.18606237566395803 0.21495327102803738
84 18 95 99	0.1013219476147467 0.16822429906542055
84 18 98	0.3496402877697842 0.018691588785046728
84 18 98 30	0.654178674351585 0.028037383177570093
84 18 104 20	0.2095139069404731 0.08411214953271028
84 18 104 39	0.26960640973156325 0.09345794392523364
84 18 105 20	0.4168450579464088 0.11214953271028037
84 18 105 40	0.37684210526315787 0.14953271028037382
84 18 117	0.17833456153279292 0.018691588785046728
84 18 122 20	0.1835334476843911 0.04672897196261682
84 18 122 57	0.25155620651775906 0.037383177570093455
84 18 126 21	0.5890104981014072 0.06542056074766354
84 18 126 61	0.31428292492433857 0.1308411214953271
84 19 84	0.8784782608695653 1.0
84 19 84 18	0.152704790845199 0.37383177570093457
84 19 84 27	0.6767388428601268 0.3925233644859813
84 19 84 30	0.347029702970297 0.11214953271028037
84 19 84 52	0.4883720930232558 0.037383177570093455
84 19 84 83	0.15005227944420604 0.38317757009345793
84 19 84 92	0.7353512705530643 0.411214953271028
84 19 84 95	0.02431157661094541 0.1308411214953271
84 19 84 98	0.40298507462686567 0.018691588785046728
84 19 84 117	0.1258741258741259 0.018691588785046728
84 19 121	0.6666666666666666 0.009345794392523364
84 19 121 18	0.33121693121693124 0.14018691588785046
84 19 121 27	0.8 0.028037383177570093
84 19 121 83	0.3492063492063492 0.14953271028037382
84 19 121 92	0.8888888888888888 0.028037383177570093
84 19 126 21	0.89 0.04672897196261682
84 27	0.6534296028880866 0.3644859813084112
84 27 15 80	0.09770023790642347 0.308411214953271
84 27 18	0.3186998605694425 0.3644859813084112
84 27 18 18	0.16705270511464188 0.45794392523364486
84 27 18 27	0.13422495155878666 0.29906542056074764
84 27 18 30	0.7909296302419133 0.028037383177570093
84 27 18 83	0.1611773729227788 0.4672897196261682
84 27 18 92	0.13498528802540868 0.3177570093457944
84 27 18 95	0.0042726748478184905 0.17757009345794392
84 27 19 84	0.9758805126652538 0.897196261682243
84 27 27	0.6787783043707214 0.4766355140186916
84 27 27 18	0.22774568452073912 0.38317757009345793
84 27 27 27	0.7488944168048646 0.4485981308411215
84 27 27 30	0.6517857142857143 0.06542056074766354
84 27 27 52	0.08888888888888889 0.037383177570093455
84 27 27 83	0.22865222275115504 0.3925233644859813
84 27 27 92	0.8090141208330647 0.4392523364485981
84 27 27 95	0.0024679409629808856 0.14953271028037382
84 27 30	0.4375 0.028037383177570093
84 27 30 95	0.11889862327909888 0.08411214953271028
84 27 33 98	0.8792822185970636 0.35514018691588783
84 27 33 110	1.0 0.3177570093457944
84 27 34	0.008547008547008548 0.009345794392523364
84 27 45 98	0.9709302325581395 0.037383177570093455
84 27 45 110	0.31530112526480863 0.5514018691588785
84 27 52 92	0.4 0.018691588785046728
84 27 52 117	0.1044776119402985 0.028037383177570093
84 27 77 12	0.39589442815249265 0.1308411214953271
84 27 77 20	0.3958333333333333 0.06542056074766354
84 27 77 40	0.09090909090909091 0.028037383177570093
84 27 83	0.32735717089174476 0.37383177570093457
84 27 83 18	0.1423138871007182 0.45794392523364486
84 27 83 27	0.1391741748586677 0.308411214953271
84 27 83 30	0.7907223994180516 0.028037383177570093
84 27 83 83	0.14106052305919434 0.4672897196261682
84 27 83 92	0.13847671649173918 0.32710280373831774
84 27 83 95	0.004266487420318911 0.17757009345794392
84 27 85 12	0.06886657101865136 0.056074766355140186
84 27 85 20	0.4577565833896016 0.2897196261682243
84 27 85 39	0.00953996184015264 0.11214953271028037
84 27 85 40	0.019955130475853112 0.18691588785046728
84 27 86 21	0.6262403528114664 0.11214953271028037
84 27 86 61	0.19829424307036247 0.102803738317757
84 27 92	0.825503355704698 0.4953271028037383
84 27 92 18	0.22913960963454047 0.38317757009345793
84 27 92 27	0.7233104027726723 0.45794392523364486
84 27 92 30	0.4512820512820513 0.06542056074766354
84 27 92 83	0.23051609936018586 0.3925233644859813
84 27 92 92	0.7985143383623172 0.4392523364485981
84 27 92 95	0.0025442055718102024 0.14953271028037382
84 27 93 28	0.3684210526315789 0.018691588785046728
84 27 93 53	0.5 0.009345794392523364
84 27 93 98	0.375 0.028037383177570093
84 27 93 110	0.03225806451612903 0.009345794392523364
84 27 95	0.0017534394388993796 0.06542056074766354
84 27 95 21	0.6025641025641025 0.08411214953271028
84 27 95 30	0.11671119747388875 0.205607476635514
84 27 104 20	0.3137254901960784 0.08411214953271028
84 27 104 39	0.5363881401617251 0.14018691588785046
84 27 104 40	0.17218543046357615 0.06542056074766354
84 27 104 57	0.06451612903225806 0.009345794392523364
84 27 105 20	0.6580882352941176 0.1308411214953271
84 27 105 39	0.21428571428571427 0.07476635514018691
84 27 105 40	0.5934065934065934 0.205607476635514
84 27 110	0.5714285714285714 0.07476635514018691
84 27 110 18	0.2662779397473275 0.1308411214953271
84 27 110 83	0.2721217887725975 0.14018691588785046
84 27 117 27	0.7272727272727273 0.028037383177570093
84 27 117 52	0.5789473684210527 0.04672897196261682
84 27 117 92	0.4 0.009345794392523364
84 27 118 28	0.3333333333333333 0.009345794392523364
84 27 118 53	0.47619047619047616 0.037383177570093455
84 27 122 39	0.05 0.009345794392523364
84 27 122 57	0.6447368421052632 0.037383177570093455
84 27 126 21	0.6460674157303371 0.06542056074766354
84 27 126 61	0.3695652173913043 0.1308411214953271
84 30	0.2459016393442623 0.07476635514018691
84 30 3 68	0.25 0.018691588785046728
84 30 15 80	0.027465191684150295 0.27102803738317754
84 30 18	0.05764411027568922 0.24299065420560748
84 30 18 18	0.10479545443758169 0.42990654205607476
84 30 18 27	0.036083807553026384 0.22429906542056074
84 30 18 30	0.7071651090342679 0.028037383177570093
84 30 18 83	0.10668921583570083 0.4392523364485981
84 30 18 92	0.03839989742932239 0.24299065420560748
84 30 18 95	0.016890616743413602 0.1588785046728972
84 30 19 84	0.6989032901296112 0.8598130841121495
84 30 27	0.03927492447129909 0.037383177570093455
84 30 27 18	0.029589251439539346 0.2616822429906542
84 30 27 27	0.08129007921539042 0.1308411214953271
84 30 27 30	0.7352941176470589 0.04672897196261682
84 30 27 83	0.02895582629493983 0.27102803738317754
84 30 27 92	0.055916030534351145 0.12149532710280374
84 30 27 95	0.02997562421766915 0.07476635514018691
84 30 30	0.09090909090909091 0.009345794392523364
84 30 34	0.07575757575757576 0.028037383177570093
84 30 34 30	0.1694915254237288 0.037383177570093455
84 30 34 52	0.0967741935483871 0.009345794392523364
84 30 34 99	0.30569948186528495 0.09345794392523364
84 30 45 110	0.1142333027599433 0.4766355140186916
84 30 77 12	0.3230769230769231 0.037383177570093455
84 30 77 40	0.05714285714285714 0.009345794392523364
84 30 83	0.0593812375249501 0.2523364485981308
84 30 83 18	0.20210197135387262 0.42990654205607476
84 30 83 27	0.04628110024289372 0.2336448598130841
84 30 83 30	0.7049689440993789 0.028037383177570093
84 30 83 83	0.189426058818163 0.4392523364485981
84 30 83 92	0.05001979675333245 0.2523364485981308
84 30 83 95	0.016822359641373606 0.1588785046728972
84 30 85 12	0.0951219512195122 0.04672897196261682
84 30 85 20	0.5556225504974375 0.19626168224299065
84 30 85 39	0.01556420233463035 0.08411214953271028
84 30 85 40	0.025970873786407767 0.1308411214953271
84 30 85 57	0.010190217391304348 0.04672897196261682
84 30 86 21	0.6675338189386056 0.07476635514018691
84 30 86 30	0.47692307692307695 0.037383177570093455
84 30 92	0.04838709677419355 0.04672897196261682
84 30 92 18	0.02823869900771775 0.2616822429906542
84 30 92 27	0.09427942794279429 0.14953271028037382
84 30 92 30	0.8088235294117647 0.04672897196261682
84 30 92 52	0.5 0.009345794392523364
84 30 92 83	0.027590920054672636 0.27102803738317754
84 30 92 92	0.06560931081697854 0.14018691588785046
84 30 92 95	0.04437725543743295 0.07476635514018691
84 30 95	0.15325994919559696 0.2803738317757009
84 30 95 27	0.09732016925246827 0.11214953271028037
84 30 95 30	0.22106438407145515 0.1308411214953271
84 30 95 52	0.047619047619047616 0.037383177570093455
84 30 95 92	0.11343804537521815 0.09345794392523364
84 30 95 99	0.17346938775510204 0.056074766355140186
84 30 104 40	0.13636363636363635 0.018691588785046728
84 30 105 20	0.7428571428571429 0.037383177570093455
84 30 117	0.17647058823529413 0.028037383177570093
84 30 117 30	0.29508196721311475 0.056074766355140186
84 30 117 52	0.29310344827586204 0.037383177570093455
84 30 117 99	0.2 0.028037383177570093
84 30 126 21	0.465 0.037383177570093455
84 30 126 61	0.3533834586466165 0.04672897196261682
84 33	0.04878048780487805 0.018691588785046728
84 33 18	0.2857142857142857 0.14953271028037382
84 33 18 18	0.24519343863652415 0.38317757009345793
84 33 18 27	0.2549800796812749 0.18691588785046728
84 33 18 83	0.2478556621807548 0.3925233644859813
84 33 28 27	0.25 0.009345794392523364
84 33 28 92	0.3333333333333333 0.009345794392523364
84 33 45 110	0.20939597315436242 0.45794392523364486
84 33 83	0.288135593220339 0.1588785046728972
84 33 83 18	0.2031966050290188 0.38317757009345793
84 33 83 27	0.3018867924528302 0.19626168224299065
84 33 83 83	0.2152185143795637 0.3925233644859813
84 33 85 20	0.9439480097481722 0.102803738317757
84 33 86 21	0.8700787401574803 0.028037383177570093
84 33 95	0.015384615384615385 0.018691588785046728
84 33 98	0.8931034482758621 0.3644859813084112
84 33 98 27	0.8074639525021204 0.35514018691588783
84 33 98 83	0.32774511361830605 0.29906542056074764
84 33 98 92	0.9143426294820717 0.35514018691588783
84 33 110	1.0 0.3177570093457944
84 33 110 27	0.7989690721649485 0.2803738317757009
84 33 110 92	0.9298245614035088 0.2897196261682243
84 34	0.019230769230769232 0.009345794392523364
84 34 15 80	0.17907801418439717 0.21495327102803738
84 34 30	0.4098360655737705 0.14953271028037382
84 34 30 18	0.17309501411100658 0.27102803738317754
84 34 30 27	0.36764705882352944 0.18691588785046728
84 34 30 83	0.17740429505135388 0.2803738317757009
84 34 30 92	0.3916083916083916 0.19626168224299065
84 34 30 95	0.022457067371202115 0.08411214953271028
84 34 52	0.13333333333333333 0.018691588785046728
84 34 52 95	0.012 0.009345794392523364
84 34 77 12	0.005110732538330494 0.009345794392523364
84 34 77 20	0.2084942084942085 0.1308411214953271
84 34 77 40	0.021621621621621623 0.018691588785046728
84 34 77 121	0.12 0.009345794392523364
84 34 93 30	0.1232876712328767 0.037383177570093455
84 34 99	0.5161290322580645 0.2897196261682243
84 34 99 18	0.22017382143797734 0.35514018691588783
84 34 99 83	0.22579801151229723 0.3644859813084112
84 34 99 92	0.1742627345844504 0.24299065420560748
84 34 99 95	0.015117401093599228 0.14018691588785046
84 34 104 20	0.16155339805825242 0.16822429906542055
84 34 104 40	0.0090032154340836 0.028037383177570093
84 34 105 20	0.22080872330758747 0.17757009345794392
84 34 122 20	0.10204081632653061 0.04672897196261682
84 34 126 21	0.5978260869565217 0.06542056074766354
84 45 28 27	0.25 0.009345794392523364
84 45 28 92	0.3333333333333333 0.009345794392523364
84 45 83 18	0.2689075630252101 0.21495327102803738
84 45 83 83	0.275 0.22429906542056074
84 45 83 92	0.09821428571428571 0.009345794392523364
84 45 92	0.975609756097561 0.04672897196261682
84 45 92 92	0.9931506849315068 0.11214953271028037
84 45 98	0.8780487804878049 0.037383177570093455
84 45 98 27	0.5641025641025641 0.056074766355140186
84 45 98 83	0.5 0.009345794392523364
84 45 98 92	0.676923076923077 0.056074766355140186
84 45 108 20	0.23071672354948805 0.09345794392523364
84 45 110	0.2879481771617957 0.5794392523364486
84 45 110 18	0.14438725186324966 0.45794392523364486
84 45 110 27	0.2519681105722196 0.42990654205607476
84 45 110 30	0.848753280839895 0.037383177570093455
84 45 110 34	0.004781543243081705 0.009345794392523364
84 45 110 83	0.14714287804365886 0.4672897196261682
84 45 110 92	0.27420780044392773 0.4485981308411215
84 45 110 95	0.0029915964781907843 0.17757009345794392
84 45 110 98	0.17889908256880735 0.018691588785046728
84 45 110 117	0.0848463687150838 0.018691588785046728
84 51 116	0.0070244450688395615 0.102803738317757
84 51 116 20	0.3008989952406134 0.2336448598130841
84 52	0.2222222222222222 0.009345794392523364
84 52 18	0.2727272727272727 0.14018691588785046
84 52 18 18	0.24519344903392717 0.3177570093457944
84 52 18 83	0.24785567277330542 0.32710280373831774
84 52 27 83	0.19271948608137046 0.12149532710280374
84 52 34	0.18181818181818182 0.009345794392523364
84 52 45 110	0.2773972602739726 0.34579439252336447
84 52 77 40	0.1111111111111111 0.009345794392523364
84 52 83	0.2807017543859649 0.14953271028037382
84 52 83 18	0.20319660695943925 0.3177570093457944
84 52 83 83	0.21521851712263002 0.32710280373831774
84 52 85 20	0.9401294498381877 0.102803738317757
84 52 85 39	0.017569546120058566 0.037383177570093455
84 52 85 40	0.025964912280701753 0.04672897196261682
84 52 85 57	0.009126466753585397 0.028037383177570093
84 52 86 21	0.8700787401574803 0.028037383177570093
84 52 92	0.19047619047619047 0.018691588785046728
84 52 92 18	0.17582417582417584 0.11214953271028037
84 52 95	0.02247191011235955 0.028037383177570093
84 52 95 30	0.7807486631016043 0.028037383177570093
84 52 117	0.5172413793103449 0.07476635514018691
84 52 117 27	0.275 0.04672897196261682
84 52 117 92	0.3181818181818182 0.028037383177570093
84 54 119	1.0 0.056074766355140186
84 56 12	0.3333333333333333 0.009345794392523364
84 56 12 30	0.6666666666666666 0.018691588785046728
84 56 12 52	0.25 0.009345794392523364
84 56 12 99	0.75 0.028037383177570093
84 56 30	0.25 0.009345794392523364
84 56 35 80	0.08823529411764706 0.028037383177570093
84 56 40	1.0 0.009345794392523364
84 56 40 30	0.6666666666666666 0.018691588785046728
84 56 84	1.0 0.5233644859813084
84 56 105 39	0.25 0.009345794392523364
84 56 121	1.0 0.037383177570093455
84 56 121 30	0.6666666666666666 0.018691588785046728
84 66 1	1.0 0.037383177570093455
84 66 20	1.0 0.037383177570093455
84 66 20 95	0.0057692307692307696 0.028037383177570093
84 77 12	0.6602564102564102 0.16822429906542055
84 77 12 18	0.13171392625568568 0.32710280373831774
84 77 12 27	0.1663286004056795 0.17757009345794392
84 77 12 30	0.15384615384615385 0.04672897196261682
84 77 12 52	0.09090909090909091 0.018691588785046728
84 77 12 83	0.13582938388625593 0.3364485981308411
84 77 12 92	0.16180371352785147 0.19626168224299065
84 77 12 95	0.0063335679099225895 0.11214953271028037
84 77 12 99	0.1 0.028037383177570093
84 77 20	0.5268817204301075 0.06542056074766354
84 77 20 18	0.1186386912584402 0.3177570093457944
84 77 20 83	0.12753027391751195 0.32710280373831774
84 77 20 92	0.07516339869281045 0.09345794392523364
84 77 23 39	1.0 0.009345794392523364
84 77 35 80	0.003235037949483638 0.2336448598130841
84 77 40	0.10714285714285714 0.028037383177570093
84 77 40 30	0.0410958904109589 0.028037383177570093
84 77 43 30	1.0 0.037383177570093455
84 77 43 110	0.09606299212598425 0.4672897196261682
84 77 44 20	0.4 0.037383177570093455
84 77 45 30	0.23529411764705882 0.037383177570093455
84 77 121	1.0 0.009345794392523364
84 77 121 30	0.6666666666666666 0.018691588785046728
84 81 16	1.0 0.009345794392523364
84 83	0.304736086748525 0.35514018691588783
84 83 1 66	0.005050448241341687 0.028037383177570093
84 83 15 80	0.09269126717887674 0.2897196261682243
84 83 18	0.10014831935402281 0.45794392523364486
84 83 18 18	0.18667644590483526 0.45794392523364486
84 83 18 27	0.06715438702913717 0.35514018691588783
84 83 18 30	0.42180530437430525 0.028037383177570093
84 83 18 83	0.1880998104647821 0.4672897196261682
84 83 18 92	0.06937523547592818 0.38317757009345793
84 83 18 95	0.0010836534881754492 0.17757009345794392
84 83 18 110	0.00019110752845259918 0.3177570093457944
84 83 18 117	0.03746370865973403 0.018691588785046728
84 83 19 84	0.8790177049289392 0.7289719626168224
84 83 27	0.1625136612021858 0.3177570093457944
84 83 27 18	0.2089619577856504 0.4392523364485981
84 83 27 27	0.08659628472802106 0.3644859813084112
84 83 27 34	0.0014112952283621676 0.009345794392523364
84 83 27 52	0.19630281690140844 0.037383177570093455
84 83 27 83	0.20543154501580674 0.4485981308411215
84 83 27 92	0.1822993533792577 0.3644859813084112
84 83 27 95	0.0021494587942201267 0.14018691588785046
84 83 30	0.6503067484662577 0.028037383177570093
84 83 30 95	0.24995806072806576 0.04672897196261682
84 83 33 98	0.21752890671513175 0.32710280373831774
84 83 34	0.002714554186677803 0.009345794392523364
84 83 34 99	0.21454545454545454 0.16822429906542055
84 83 45 92	0.7791272128447921 0.04672897196261682
84 83 45 110	0.27683840123033715 0.4953271028037383
84 83 56 84	0.9564659197012139 0.5887850467289719
84 83 77 12	0.2927847346451998 0.11214953271028037
84 83 77 20	0.27240378312576086 0.06542056074766354
84 83 83	0.10113504123622634 0.4672897196261682
84 83 83 18	0.16275466906525468 0.45794392523364486
84 83 83 27	0.14015547799005307 0.3644859813084112
84 83 83 30	0.4468975610013337 0.028037383177570093
84 83 83 34	0.0028986517674682304 0.009345794392523364
84 83 83 83	0.16991720891983375 0.4672897196261682
84 83 83 92	0.14587426252353455 0.38317757009345793
84 83 83 95	0.0011426259282321966 0.17757009345794392
84 83 83 98	0.10759070838326515 0.018691588785046728
84 83 83 117	0.03208203666397308 0.018691588785046728
84 83 85 12	0.06247592494084414 0.09345794392523364
84 83 85 20	0.3858032097762032 0.3177570093457944
84 83 85 40	0.009930176020015863 0.18691588785046728
84 83 86 21	0.673402287171327 0.11214953271028037
84 83 86 61	0.20176409871445997 0.11214953271028037
84 83 92	0.17040661380124852 0.32710280373831774
84 83 92 18	0.1943669725078897 0.4392523364485981
84 83 92 27	0.07350956671024447 0.37383177570093457
84 83 92 30	0.9546413502109705 0.06542056074766354
84 83 92 83	0.19076551017316432 0.4485981308411215
84 83 92 92	0.07838419802213481 0.37383177570093457
84 83 92 95	0.0021047529856039744 0.14018691588785046
84 83 95	0.0035782171621171447 0.16822429906542055
84 83 95 21	0.3939668565510098 0.08411214953271028
84 83 95 30	0.18635431076538556 0.21495327102803738
84 83 95 99	0.09995203836930455 0.16822429906542055
84 83 98	0.34523809523809523 0.018691588785046728
84 83 98 33	0.4781523096129838 0.037383177570093455
84 83 98 52	0.9845360824742269 0.028037383177570093
84 83 104 20	0.20786345626333436 0.08411214953271028
84 83 104 39	0.26688191248196746 0.09345794392523364
84 83 105 20	0.4192634560906516 0.12149532710280374
84 83 105 40	0.37627543409511305 0.1588785046728972
84 83 117	0.17580504786771106 0.018691588785046728
84 83 117 30	0.330565229038307 0.04672897196261682
84 83 117 33	0.37195715676728336 0.028037383177570093
84 83 117 52	0.24455089820359283 0.028037383177570093
84 83 126 21	0.5873166114529106 0.06542056074766354
84 83 126 61	0.3123005212279856 0.1308411214953271
84 85 1	0.010362694300518135 0.037383177570093455
84 85 1 66	0.0005104244375515332 0.028037383177570093
84 85 8 20	0.8934707903780069 0.06542056074766354
84 85 10 30	0.9 0.04672897196261682
84 85 12	0.1590909090909091 0.08411214953271028
84 85 12 18	0.12582363029154256 0.308411214953271
84 85 12 27	0.20171339563862928 0.102803738317757
84 85 12 30	0.16551724137931034 0.11214953271028037
84 85 12 52	0.041025641025641026 0.056074766355140186
84 85 12 83	0.13024614839737914 0.3177570093457944
84 85 12 92	0.17197452229299362 0.11214953271028037
84 85 12 95	0.003766478342749529 0.11214953271028037
84 85 12 99	0.19285714285714287 0.14953271028037382
84 85 16 30	0.885593220338983 0.07476635514018691
84 85 20	0.9030141991198206 0.411214953271028
84 85 20 18	0.053111173790055845 0.4392523364485981
84 85 20 27	0.12749785683948314 0.2897196261682243
84 85 20 30	0.8043478260869565 0.06542056074766354
84 85 20 34	0.0017519360162498413 0.009345794392523364
84 85 20 83	0.05019668173825506 0.4485981308411215
84 85 20 92	0.119120442887377 0.3177570093457944
84 85 20 95	0.00485761944949621 0.18691588785046728
84 85 20 98	0.25197874878022336 0.009345794392523364
84 85 20 117	0.12400288130619214 0.018691588785046728
84 85 23 20	0.8506787330316742 0.08411214953271028
84 85 35 80	0.010670509989554272 0.2897196261682243
84 85 39	0.014730878186968839 0.11214953271028037
84 85 39 18	0.14495631453534552 0.308411214953271
84 85 39 27	0.0387736699729486 0.11214953271028037
84 85 39 30	0.36462699077954736 0.19626168224299065
84 85 39 52	0.054505005561735265 0.04672897196261682
84 85 39 83	0.14895710350255806 0.3177570093457944
84 85 39 92	0.04367201426024955 0.14018691588785046
84 85 39 99	0.2765957446808511 0.1588785046728972
84 85 40	0.028374892519346516 0.205607476635514
84 85 40 18	0.13263012277364689 0.3177570093457944
84 85 40 27	0.18176216882316698 0.2616822429906542
84 85 40 30	0.34280019930244143 0.24299065420560748
84 85 40 52	0.0323846908734053 0.06542056074766354
84 85 40 83	0.1279803646563815 0.32710280373831774
84 85 40 92	0.1643835616438356 0.2803738317757009
84 85 40 95	0.006880127017729558 0.06542056074766354
84 85 40 99	0.24011857707509882 0.22429906542056074
84 85 43 21	0.9884615384615385 0.04672897196261682
84 85 43 30	0.9695945945945946 0.056074766355140186
84 85 43 110	0.14165968147527241 0.4672897196261682
84 85 44 20	0.35161290322580646 0.056074766355140186
84 85 45 30	0.48230668414154654 0.056074766355140186
84 85 50 20	0.685 0.056074766355140186
84 85 51 116	0.0031997390722443724 0.102803738317757
84 85 57	0.004394224733207784 0.04672897196261682
84 85 57 18	0.09722222222222222 0.22429906542056074
84 85 57 83	0.09764309764309764 0.2336448598130841
84 85 57 99	0.14705882352941177 0.037383177570093455
84 85 58 20	0.9583333333333334 0.08411214953271028
84 85 67 21	0.748513674197384 0.08411214953271028
84 85 67 61	0.1450980392156863 0.102803738317757
84 85 69 21	0.8046875 0.07476635514018691
84 85 73 12	0.2222222222222222 0.037383177570093455
84 85 73 20	0.8934707903780069 0.06542056074766354
84 85 79 21	1.0 0.04672897196261682
84 85 79 30	0.9473684210526315 0.04672897196261682
84 85 88 20	0.8506787330316742 0.08411214953271028
84 85 109 12	0.08633093525179857 0.037383177570093455
84 85 109 20	0.5153846153846153 0.07476635514018691
84 85 115 20	0.685 0.056074766355140186
84 85 121 30	0.5454545454545454 0.037383177570093455
84 85 123 20	0.8545454545454545 0.09345794392523364
84 86 2 20	0.5866728797763281 0.12149532710280374
84 86 2 40	0.005653710247349823 0.056074766355140186
84 86 2 57	0.1557377049180328 0.037383177570093455
84 86 4 20	0.6666666666666666 0.07476635514018691
84 86 14 20	1.0 0.04672897196261682
84 86 21	0.7503010839020474 0.12149532710280374
84 86 21 18	0.04466820126875284 0.4392523364485981
84 86 21 27	0.23567007288576347 0.18691588785046728
84 86 21 30	0.125 0.028037383177570093
84 86 21 34	0.0010309278350515464 0.009345794392523364
84 86 21 83	0.04549395056288006 0.4485981308411215
84 86 21 92	0.20911675541523334 0.205607476635514
84 86 21 95	0.0041583248547704225 0.16822429906542055
84 86 21 98	0.303363074811256 0.009345794392523364
84 86 21 117	0.14721065778517903 0.018691588785046728
84 86 30	0.7419354838709677 0.08411214953271028
84 86 30 18	0.21030386617431152 0.34579439252336447
84 86 30 30	0.8 0.028037383177570093
84 86 30 95	0.005788712011577424 0.056074766355140186
84 86 38 80	0.022613065326633167 0.04672897196261682
84 86 53	0.2 0.009345794392523364
84 86 55 20	0.42105263157894735 0.056074766355140186
84 86 61	0.18354430379746836 0.11214953271028037
84 86 61 18	0.09959648081275192 0.3644859813084112
84 86 61 27	0.11268436578171091 0.18691588785046728
84 86 61 30	0.09849749582637729 0.08411214953271028
84 86 61 52	0.0020876826722338203 0.009345794392523364
84 86 61 83	0.09788019965993912 0.37383177570093457
84 86 61 84	0.356 0.7289719626168224
84 86 61 92	0.11548047632234838 0.205607476635514
84 86 61 95	0.0026680720708850752 0.14953271028037382
84 86 61 99	0.12629161882893225 0.102803738317757
84 86 108 12	1.0 0.037383177570093455
84 86 108 20	0.9771863117870723 0.04672897196261682
84 92	0.7204724409448819 0.38317757009345793
84 92 15 80	0.09886939571150097 0.308411214953271
84 92 18	0.2975751093140251 0.3644859813084112
84 92 18 18	0.14162310402203185 0.45794392523364486
84 92 18 27	0.12660445302178316 0.29906542056074764
84 92 18 30	0.7959839931399171 0.028037383177570093
84 92 18 83	0.13910294363111927 0.4672897196261682
84 92 18 92	0.13007793359912936 0.3177570093457944
84 92 18 95	0.0035548779581575664 0.17757009345794392
84 92 19 84	0.9656228390793243 0.897196261682243
84 92 19 121	0.96045197740113 0.009345794392523364
84 92 27	0.6570397111913358 0.514018691588785
84 92 27 18	0.2348085785729597 0.3925233644859813
84 92 27 27	0.763031306679284 0.4485981308411215
84 92 27 30	0.584070796460177 0.06542056074766354
84 92 27 52	0.08771929824561403 0.037383177570093455
84 92 27 83	0.2418227254774442 0.40186915887850466
84 92 27 92	0.8152077807250221 0.4485981308411215
84 92 27 95	0.0023819164900078602 0.14953271028037382
84 92 27 110	0.5678353658536586 0.08411214953271028
84 92 30	0.4857142857142857 0.037383177570093455
84 92 30 95	0.08494533221194281 0.102803738317757
84 92 33 98	0.8626373626373627 0.35514018691588783
84 92 33 110	1.0 0.3177570093457944
84 92 45 98	0.9545454545454546 0.037383177570093455
84 92 45 110	0.3123220566069335 0.5514018691588785
84 92 52 83	0.2807017543859649 0.14953271028037382
84 92 52 92	0.22857142857142856 0.037383177570093455
84 92 52 117	0.16455696202531644 0.04672897196261682
84 92 77 12	0.3462897526501767 0.1308411214953271
84 92 77 20	0.33980582524271846 0.06542056074766354
84 92 77 40	0.08823529411764706 0.018691588785046728
84 92 83	0.3039504152375646 0.37383177570093457
84 92 83 18	0.13478396812478882 0.45794392523364486
84 92 83 27	0.12659834533090564 0.308411214953271
84 92 83 30	0.7959109955208785 0.028037383177570093
84 92 83 34	0.00033345683586513523 0.009345794392523364
84 92 83 83	0.1329121145226729 0.4672897196261682
84 92 83 92	0.12956901356991293 0.32710280373831774
84 92 83 95	0.0035476533158140576 0.17757009345794392
84 92 85 12	0.03793103448275862 0.056074766355140186
84 92 85 20	0.32743174061433444 0.2803738317757009
84 92 85 39	0.008663366336633664 0.11214953271028037
84 92 85 40	0.019058455411747974 0.19626168224299065
84 92 86 21	0.5312140942167752 0.11214953271028037
84 92 86 30	0.38461538461538464 0.056074766355140186
84 92 86 61	0.1791907514450867 0.102803738317757
84 92 92	0.7892632781267847 0.48598130841121495
84 92 92 18	0.2450615433782094 0.38317757009345793
84 92 92 27	0.7783512544802867 0.4485981308411215
84 92 92 30	0.6016949152542372 0.06542056074766354
84 92 92 52	0.19672131147540983 0.037383177570093455
84 92 92 83	0.2565384355196443 0.3925233644859813
84 92 92 92	0.8439390778218235 0.4392523364485981
84 92 92 95	0.00241607978203876 0.14953271028037382
84 92 93 28	0.3684210526315789 0.018691588785046728
84 92 93 53	0.5 0.009345794392523364
84 92 93 98	0.375 0.028037383177570093
84 92 93 110	0.03225806451612903 0.009345794392523364
84 92 95	0.001256106071179344 0.06542056074766354
84 92 95 21	0.47540983606557374 0.08411214953271028
84 92 95 30	0.08335425558624153 0.24299065420560748
84 92 95 99	0.4957627118644068 0.14018691588785046
84 92 104 39	0.5131964809384164 0.14018691588785046
84 92 104 40	0.18840579710144928 0.06542056074766354
84 92 105 20	0.6176470588235294 0.1308411214953271
84 92 105 39	0.21951219512195122 0.07476635514018691
84 92 105 40	0.5781021897810219 0.205607476635514
84 92 117	0.05128205128205128 0.018691588785046728
84 92 117 30	0.8518518518518519 0.037383177570093455
84 92 117 52	0.6428571428571429 0.04672897196261682
84 92 118 28	0.3333333333333333 0.009345794392523364
84 92 118 53	0.47619047619047616 0.037383177570093455
84 92 122 39	0.05128205128205128 0.009345794392523364
84 92 122 57	0.625 0.037383177570093455
84 92 126 21	0.6245847176079734 0.06542056074766354
84 92 126 61	0.33250311332503113 0.1308411214953271
84 93 0 40	1.0 0.009345794392523364
84 93 28	1.0 0.04672897196261682
84 93 28 27	0.16 0.018691588785046728
84 93 28 92	0.2857142857142857 0.018691588785046728
84 93 53	1.0 0.018691588785046728
84 93 53 27	0.16666666666666666 0.009345794392523364
84 93 53 92	0.25 0.009345794392523364
84 95	0.0186799501867995 0.1308411214953271
84 95 3 68	0.25 0.037383177570093455
84 95 14 20	0.9473684210526315 0.04672897196261682
84 95 15 80	0.1009409751924722 0.2803738317757009
84 95 18	0.12065439672801637 0.14018691588785046
84 95 18 18	0.09004659388353743 0.4205607476635514
84 95 18 27	0.048556430446194225 0.205607476635514
84 95 18 30	0.8181818181818182 0.028037383177570093
84 95 18 83	0.09004682593455406 0.42990654205607476
84 95 18 95	0.010163227594702803 0.14953271028037382
84 95 19 84	0.43325092707045737 0.897196261682243
84 95 19 121	0.38461538461538464 0.009345794392523364
84 95 21	0.9019607843137255 0.08411214953271028
84 95 21 18	0.18490245971162 0.29906542056074764
84 95 21 83	0.18986289987536353 0.308411214953271
84 95 27	0.024539877300613498 0.09345794392523364
84 95 27 18	0.09476110978615153 0.32710280373831774
84 95 27 27	0.02383053839364519 0.2336448598130841
84 95 27 30	0.9511568123393316 0.08411214953271028
84 95 27 83	0.09469164715066354 0.3364485981308411
84 95 27 92	0.01918047079337402 0.21495327102803738
84 95 27 95	0.020535714285714286 0.11214953271028037
84 95 28 30	0.47619047619047616 0.037383177570093455
84 95 28 99	0.2903225806451613 0.056074766355140186
84 95 30	0.7622005323868678 0.2897196261682243
84 95 30 18	0.18465492185416485 0.35514018691588783
84 95 30 27	0.19959677419354838 0.2803738317757009
84 95 30 83	0.18686464191118002 0.3644859813084112
84 95 30 92	0.17826541274817137 0.2616822429906542
84 95 30 95	0.004294059419744308 0.14018691588785046
84 95 30 98	0.26838235294117646 0.009345794392523364
84 95 30 117	0.12436115843270869 0.018691588785046728
84 95 32 30	1.0 0.056074766355140186
84 95 33	0.03424657534246575 0.04672897196261682
84 95 38 80	0.025925925925925925 0.04672897196261682
84 95 45 110	0.14915821033210333 0.48598130841121495
84 95 52	0.07758620689655173 0.06542056074766354
84 95 52 18	0.10384615384615385 0.19626168224299065
84 95 52 27	0.05188679245283019 0.06542056074766354
84 95 52 83	0.10393466963622866 0.205607476635514
84 95 52 95	0.006708907938874394 0.037383177570093455
84 95 53 30	0.42857142857142855 0.04672897196261682
84 95 56	0.03333333333333333 0.009345794392523364
84 95 56 12	0.2857142857142857 0.009345794392523364
84 95 56 20	0.8571428571428571 0.037383177570093455
84 95 56 40	0.2 0.009345794392523364
84 95 59 30	1.0 0.06542056074766354
84 95 75 20	0.7058823529411765 0.06542056074766354
84 95 77 12	0.03558718861209965 0.04672897196261682
84 95 77 20	0.35294117647058826 0.1308411214953271
84 95 77 40	0.06315789473684211 0.028037383177570093
84 95 77 121	0.36363636363636365 0.009345794392523364
84 95 81 20	0.7627737226277372 0.09345794392523364
84 95 81 40	0.05 0.037383177570093455
84 95 83	0.12139917695473251 0.14018691588785046
84 95 83 18	0.08170212346136047 0.4205607476635514
84 95 83 27	0.04497843499691929 0.205607476635514
84 95 83 30	0.8181818181818182 0.028037383177570093
84 95 83 83	0.08054545221174621 0.42990654205607476
84 95 83 95	0.01021671826625387 0.14953271028037382
84 95 85 20	0.038622129436325675 0.07476635514018691
84 95 92	0.023148148148148147 0.07476635514018691
84 95 92 18	0.09796517726033145 0.32710280373831774
84 95 92 27	0.023510114816839803 0.21495327102803738
84 95 92 30	0.9511568123393316 0.08411214953271028
84 95 92 83	0.09685304002444241 0.3364485981308411
84 95 92 92	0.02362669816893089 0.19626168224299065
84 95 92 95	0.0171606864274571 0.11214953271028037
84 95 93 30	0.19230769230769232 0.028037383177570093
84 95 95	0.007692307692307693 0.009345794392523364
84 95 95 30	0.07329842931937172 0.07476635514018691
84 95 97 30	1.0 0.056074766355140186
84 95 98 30	0.625 0.037383177570093455
84 95 99	0.36231884057971014 0.16822429906542055
84 95 99 30	0.4 0.037383177570093455
84 95 99 95	0.018050541516245487 0.04672897196261682
84 95 104 20	0.3016643550624133 0.205607476635514
84 95 104 39	0.006593406593406593 0.037383177570093455
84 95 104 40	0.014396456256921373 0.056074766355140186
84 95 105 12	0.024793388429752067 0.018691588785046728
84 95 105 20	0.3958573072497123 0.24299065420560748
84 95 105 40	0.016597510373443983 0.056074766355140186
84 95 105 121	0.6666666666666666 0.009345794392523364
84 95 108 12	1.0 0.037383177570093455
84 95 108 20	0.9695945945945946 0.056074766355140186
84 95 110 20	0.7090558766859345 0.07476635514018691
84 95 122 20	0.14634146341463414 0.04672897196261682
84 95 124 30	0.9411764705882353 0.06542056074766354
84 95 126 21	0.8309859154929577 0.06542056074766354
84 98	0.3333333333333333 0.018691588785046728
84 98 19 84	0.3347107438016529 0.7289719626168224
84 98 27	0.25 0.018691588785046728
84 98 30	1.0 0.04672897196261682
84 98 30 18	0.1134453781512605 0.19626168224299065
84 98 33	0.6 0.056074766355140186
84 98 33 83	0.11693548387096774 0.205607476635514
84 98 52	1.0 0.04672897196261682
84 99	0.25 0.009345794392523364
84 99 18	0.26666666666666666 0.037383177570093455
84 99 18 18	0.07926714884215354 0.09345794392523364
84 99 18 83	0.07763363375623897 0.09345794392523364
84 99 27 83	0.10294117647058823 0.06542056074766354
84 99 34	0.5714285714285714 0.028037383177570093
84 99 34 99	0.18181818181818182 0.009345794392523364
84 99 77 12	0.5 0.009345794392523364
84 99 77 40	1.0 0.009345794392523364
84 99 83	0.25 0.037383177570093455
84 99 83 27	0.13846153846153847 0.04672897196261682
84 99 83 83	0.09014291369527427 0.09345794392523364
84 99 83 92	0.13636363636363635 0.04672897196261682
84 99 85 20	0.7419354838709677 0.018691588785046728
84 99 85 39	0.42105263157894735 0.028037383177570093
84 99 85 40	0.5 0.037383177570093455
84 99 86 21	0.7777777777777778 0.018691588785046728
84 99 95	0.21739130434782608 0.037383177570093455
84 99 95 30	0.18867924528301888 0.018691588785046728
84 99 117	0.5 0.009345794392523364
84 104 12	0.3333333333333333 0.009345794392523364
84 104 20	0.37681159420289856 0.09345794392523364
84 104 20 18	0.24158099964551577 0.40186915887850466
84 104 20 34	0.07766990291262135 0.018691588785046728
84 104 20 83	0.245568576644485 0.411214953271028
84 104 20 92	0.1328125 0.1308411214953271
84 104 20 95	0.002534372426028005 0.08411214953271028
84 104 20 117	0.13253012048192772 0.028037383177570093
84 104 23 12	1.0 0.009345794392523364
84 104 35 80	0.00012645713103257995 0.056074766355140186
84 104 39	0.9868421052631579 0.2897196261682243
84 104 39 18	0.0769641902725815 0.3177570093457944
84 104 39 27	0.14820249449743214 0.17757009345794392
84 104 39 30	0.026833631484794274 0.037383177570093455
84 104 39 83	0.07987551867219916 0.32710280373831774
84 104 39 92	0.2154308617234469 0.19626168224299065
84 104 39 117	0.08029197080291971 0.018691588785046728
84 104 40	0.3008130081300813 0.14018691588785046
84 104 40 27	0.09313725490196079 0.06542056074766354
84 104 40 92	0.13768115942028986 0.06542056074766354
84 104 40 121	0.1 0.009345794392523364
84 104 57	0.2903225806451613 0.04672897196261682
84 104 57 27	0.043478260869565216 0.009345794392523364
84 104 57 92	0.09090909090909091 0.009345794392523364
84 104 58 39	1.0 0.009345794392523364
84 104 58 40	0.5 0.009345794392523364
84 104 88 12	1.0 0.009345794392523364
84 104 123 39	0.5 0.009345794392523364
84 105 12	0.15789473684210525 0.028037383177570093
84 105 12 30	0.25 0.037383177570093455
84 105 12 34	0.25 0.009345794392523364
84 105 12 83	0.10434782608695652 0.11214953271028037
84 105 12 92	0.125 0.04672897196261682
84 105 12 95	0.024691358024691357 0.018691588785046728
84 105 12 99	0.23529411764705882 0.037383177570093455
84 105 12 117	0.034482758620689655 0.009345794392523364
84 105 20	0.7071428571428572 0.1588785046728972
84 105 20 18	0.1446525072263416 0.3177570093457944
84 105 20 27	0.13126709206927986 0.24299065420560748
84 105 20 34	0.062111801242236024 0.018691588785046728
84 105 20 83	0.13889605364972918 0.32710280373831774
84 105 20 92	0.12636505460218408 0.2523364485981308
84 105 20 95	0.0053847315182929895 0.102803738317757
84 105 20 117	0.1254355400696864 0.028037383177570093
84 105 35 80	0.00039776682340573636 0.205607476635514
84 105 39	0.33035714285714285 0.12149532710280374
84 105 39 27	0.18274111675126903 0.056074766355140186
84 105 39 30	0.06806282722513089 0.04672897196261682
84 105 39 52	0.06172839506172839 0.018691588785046728
84 105 39 92	0.3157894736842105 0.056074766355140186
84 105 39 95	0.0379746835443038 0.028037383177570093
84 105 39 99	0.17721518987341772 0.04672897196261682
84 105 40	0.9940357852882704 0.40186915887850466
84 105 40 18	0.18382817435249527 0.3177570093457944
84 105 40 27	0.17633191890617633 0.2803738317757009
84 105 40 30	0.047337278106508875 0.056074766355140186
84 105 40 83	0.18516738747397085 0.32710280373831774
84 105 40 92	0.2514395393474088 0.29906542056074764
84 105 40 95	0.007164902998236331 0.07476635514018691
84 105 40 117	0.06866952789699571 0.018691588785046728
84 105 43 52	1.0 0.009345794392523364
84 105 43 95	0.014084507042253521 0.009345794392523364
84 105 45 53	0.16666666666666666 0.009345794392523364
84 105 65 28	1.0 0.009345794392523364
84 105 67 61	0.14285714285714285 0.009345794392523364
84 105 121	1.0 0.009345794392523364
84 105 121 30	0.6666666666666666 0.018691588785046728
84 105 123 39	0.5 0.009345794392523364
84 117	0.058823529411764705 0.018691588785046728
84 117 15 80	0.14224137931034483 0.19626168224299065
84 117 19 84	0.28125 0.5887850467289719
84 117 27 18	0.08125 0.12149532710280374
84 117 27 83	0.08333333333333333 0.12149532710280374
84 117 30	0.84375 0.09345794392523364
84 117 30 27	0.05027932960893855 0.056074766355140186
84 117 30 83	0.09032258064516129 0.205607476635514
84 117 30 95	0.011002444987775062 0.08411214953271028
84 117 33	0.29411764705882354 0.04672897196261682
84 117 52	0.7777777777777778 0.1308411214953271
84 117 52 18	0.10434782608695652 0.19626168224299065
84 117 52 27	0.108 0.09345794392523364
84 117 52 83	0.09688581314878893 0.205607476635514
84 117 52 92	0.12601626016260162 0.102803738317757
84 117 52 95	0.007449605609114811 0.037383177570093455
84 117 77 12	0.04081632653061224 0.018691588785046728
84 117 77 20	0.23529411764705882 0.06542056074766354
84 117 92 18	0.08783783783783784 0.12149532710280374
84 117 92 27	0.125 0.037383177570093455
84 117 92 30	0.75 0.028037383177570093
84 117 92 83	0.09027777777777778 0.12149532710280374
84 117 92 92	0.125 0.037383177570093455
84 117 93 30	0.05555555555555555 0.009345794392523364
84 117 99	0.5714285714285714 0.037383177570093455
84 117 99 95	0.03225806451612903 0.009345794392523364
84 117 104 20	0.14803625377643503 0.06542056074766354
84 117 104 40	0.022222222222222223 0.018691588785046728
84 117 105 20	0.11 0.09345794392523364
84 117 108 40	1.0 0.009345794392523364
84 118 21	1.0 0.009345794392523364
84 118 28	1.0 0.018691588785046728
84 118 28 27	0.14285714285714285 0.009345794392523364
84 118 53	1.0 0.04672897196261682
84 118 53 27	0.19444444444444445 0.028037383177570093
84 118 53 92	0.2916666666666667 0.028037383177570093
84 118 110 40	1.0 0.009345794392523364
84 121 30	1.0 0.009345794392523364
84 121 56	1.0 0.009345794392523364
84 122 20	0.4117647058823529 0.04672897196261682
84 122 20 34	0.030303030303030304 0.009345794392523364
84 122 20 83	0.17970401691331925 0.205607476635514
84 122 20 95	0.0046026388462718625 0.06542056074766354
84 122 20 117	0.175 0.028037383177570093
84 122 35 80	0.0006947660954145438 0.028037383177570093
84 122 39	0.75 0.04672897196261682
84 122 39 27	0.043478260869565216 0.009345794392523364
84 122 57	1.0 0.102803738317757
84 122 57 27	0.16666666666666666 0.07476635514018691
84 122 57 92	0.2318840579710145 0.09345794392523364
84 122 67 21	0.6785714285714286 0.04672897196261682
84 126 2 20	0.578125 0.09345794392523364
84 126 2 40	0.005988023952095809 0.009345794392523364
84 126 4 20	0.6190476190476191 0.056074766355140186
84 126 21	0.703030303030303 0.06542056074766354
84 126 21 18	0.1639483520217465 0.3177570093457944
84 126 21 27	0.2119205298013245 0.102803738317757
84 126 21 83	0.16977580423293193 0.32710280373831774
84 126 21 92	0.18584905660377357 0.11214953271028037
84 126 61	0.7153846153846154 0.14018691588785046
84 126 61 18	0.1367930277913213 0.3177570093457944
84 126 61 27	0.17533039647577092 0.21495327102803738
84 126 61 83	0.1384772304553909 0.32710280373831774
84 126 61 92	0.16218354430379747 0.2336448598130841
84 126 61 117	0.09665427509293681 0.018691588785046728
98 18 18	0.01627906976744186 0.009345794392523364
98 18 18 18	0.0208590489502947 0.009345794392523364
98 18 18 27	0.017387694862097593 0.009345794392523364
98 18 18 30	0.762532981530343 0.009345794392523364
98 18 18 83	0.020382855626505835 0.009345794392523364
98 18 18 92	0.01615620545163938 0.009345794392523364
98 18 18 95	0.01010708163583339 0.08411214953271028
98 18 19 84	0.16666666666666666 0.028037383177570093
98 18 27	0.03225806451612903 0.009345794392523364
98 18 27 18	0.02653273843226961 0.009345794392523364
98 18 27 27	0.024271844660194174 0.028037383177570093
98 18 27 83	0.026668943144954754 0.009345794392523364
98 18 27 95	0.019559902200488997 0.07476635514018691
98 18 30	1.0 0.009345794392523364
98 18 45 110	0.012374779021803181 0.009345794392523364
98 18 83	0.0160837375542507 0.009345794392523364
98 18 83 18	0.017939644142189747 0.009345794392523364
98 18 83 27	0.02047826661381953 0.009345794392523364
98 18 83 30	0.7804878048780488 0.009345794392523364
98 18 83 83	0.017582508094798725 0.009345794392523364
98 18 83 92	0.01987582995602311 0.009345794392523364
98 18 83 95	0.010096180574859621 0.08411214953271028
98 18 86 21	0.05042016806722689 0.009345794392523364
98 18 92	0.02857142857142857 0.009345794392523364
98 18 92 27	0.03164556962025317 0.028037383177570093
98 18 92 52	1.0 0.009345794392523364
98 18 92 83	0.02748168222422965 0.009345794392523364
98 18 92 92	0.02054794520547945 0.018691588785046728
98 18 92 95	0.019464720194647202 0.07476635514018691
98 18 95	0.006666666666666667 0.009345794392523364
98 18 95 99	0.0625 0.009345794392523364
98 27 18	0.06060606060606061 0.009345794392523364
98 27 18 18	0.02601096594848571 0.009345794392523364
98 27 18 27	0.023728813559322035 0.009345794392523364
98 27 18 83	0.026145095659468723 0.009345794392523364
98 27 18 92	0.0231023102310231 0.009345794392523364
98 27 18 95	0.016666666666666666 0.07476635514018691
98 27 27 27	0.05263157894736842 0.028037383177570093
98 27 27 30	1.0 0.009345794392523364
98 27 27 83	0.03939393939393939 0.009345794392523364
98 27 27 92	0.043010752688172046 0.018691588785046728
98 27 45 110	0.00966183574879227 0.009345794392523364
98 27 83	0.05714285714285714 0.009345794392523364
98 27 83 18	0.022745860223738798 0.009345794392523364
98 27 83 83	0.022749816599681328 0.009345794392523364
98 27 83 92	0.014792899408284023 0.009345794392523364
98 27 83 95	0.01606425702811245 0.07476635514018691
98 27 85 20	0.015503875968992248 0.009345794392523364
98 27 92 27	0.04477611940298507 0.028037383177570093
98 27 92 92	0.03076923076923077 0.018691588785046728
98 27 92 95	0.1 0.07476635514018691
98 27 126 21	0.16666666666666666 0.009345794392523364
98 33 84	1.0 0.1308411214953271
98 33 98 18	0.026943462897526502 0.009345794392523364
98 33 98 83	0.02678963548528766 0.009345794392523364
98 33 98 95	0.23728813559322035 0.06542056074766354
98 45 110	0.009887005649717515 0.009345794392523364
98 45 110 18	0.02266945142663303 0.009345794392523364
98 45 110 27	0.029798260225800483 0.009345794392523364
98 45 110 30	0.8771929824561403 0.009345794392523364
98 45 110 83	0.02261913737294242 0.009345794392523364
98 45 110 92	0.027259684361549498 0.009345794392523364
98 45 110 95	0.012100259291270527 0.08411214953271028
98 83 18	0.01705722939582337 0.009345794392523364
98 83 18 18	0.0406380305003426 0.009345794392523364
98 83 18 27	0.02259130073225382 0.009345794392523364
98 83 18 30	0.8095238095238095 0.009345794392523364
98 83 18 83	0.04079660146608538 0.009345794392523364
98 83 18 92	0.022980927713680245 0.009345794392523364
98 83 18 95	0.008473241014688118 0.08411214953271028
98 83 27	0.029411764705882353 0.009345794392523364
98 83 27 18	0.01890519813675035 0.009345794392523364
98 83 27 27	0.018315018315018316 0.028037383177570093
98 83 27 30	0.8 0.018691588785046728
98 83 27 83	0.01841942659416708 0.009345794392523364
98 83 27 95	0.018518518518518517 0.07476635514018691
98 83 30	1.0 0.009345794392523364
98 83 45 110	0.012824897400820793 0.009345794392523364
98 83 83	0.01967571506649663 0.009345794392523364
98 83 83 18	0.030017511833714074 0.009345794392523364
98 83 83 27	0.02618138809741412 0.009345794392523364
98 83 83 30	0.7903846153846154 0.009345794392523364
98 83 83 83	0.02961352470344361 0.009345794392523364
98 83 83 92	0.02564982187623697 0.009345794392523364
98 83 83 95	0.0067199248120300755 0.08411214953271028
98 83 85 20	0.004323899371069182 0.009345794392523364
98 83 86 21	0.05303030303030303 0.009345794392523364
98 83 92	0.02631578947368421 0.009345794392523364
98 83 92 18	0.027390473494231724 0.009345794392523364
98 83 92 27	0.02242152466367713 0.028037383177570093
98 83 92 30	0.6666666666666666 0.018691588785046728
98 83 92 83	0.02701630237095334 0.009345794392523364
98 83 92 92	0.014705882352941176 0.018691588785046728
98 83 92 95	0.018433179723502304 0.07476635514018691
98 83 95	0.005952380952380952 0.009345794392523364
98 83 126 21	0.1 0.009345794392523364
98 85 12 92	0.3333333333333333 0.009345794392523364
98 85 20 83	0.013157894736842105 0.009345794392523364
98 85 39 30	0.2857142857142857 0.009345794392523364
98 85 40 30	0.3076923076923077 0.009345794392523364
98 85 43 110	0.007874015748031496 0.009345794392523364
98 85 51 116	0.0025806451612903226 0.018691588785046728
98 92 18	0.06060606060606061 0.009345794392523364
98 92 18 18	0.03847965729702757 0.009345794392523364
98 92 18 27	0.01483679525222552 0.009345794392523364
98 92 18 83	0.03788266092033459 0.009345794392523364
98 92 18 92	0.01488095238095238 0.009345794392523364
98 92 18 95	0.016666666666666666 0.07476635514018691
98 92 27 18	0.038910505836575876 0.009345794392523364
98 92 27 30	1.0 0.009345794392523364
98 92 27 83	0.038314176245210725 0.009345794392523364
98 92 45 110	0.00966183574879227 0.009345794392523364
98 92 83	0.05714285714285714 0.009345794392523364
98 92 83 18	0.035406877222193676 0.009345794392523364
98 92 83 83	0.03499664827871436 0.009345794392523364
98 92 83 92	0.013377926421404682 0.009345794392523364
98 92 83 95	0.01606425702811245 0.07476635514018691
98 92 85 20	0.015503875968992248 0.009345794392523364
98 92 86 21	0.16666666666666666 0.009345794392523364
98 92 92 18	0.04059040590405904 0.009345794392523364
98 92 92 27	0.0684931506849315 0.028037383177570093
98 92 92 83	0.039711191335740074 0.009345794392523364
98 92 92 95	0.1 0.07476635514018691
98 92 126 21	0.16666666666666666 0.009345794392523364
98 95 30	0.25 0.009345794392523364
98 95 30 27	0.2222222222222222 0.018691588785046728
105 40 84	1.0 0.5233644859813084
105 40 121	1.0 0.009345794392523364
105 46 111 20	0.20042492917847027 0.11214953271028037
121	0.5 0.009345794392523364
121 15 80	1.0 0.018691588785046728
121 18	0.36666666666666664 0.102803738317757
121 18 18	0.17946920581149825 0.29906542056074764
121 18 18 18	0.14907859228396692 0.32710280373831774
121 18 18 27	0.2017492645456032 0.27102803738317754
121 18 18 83	0.1531496829118551 0.3364485981308411
121 18 18 92	0.20214116994409348 0.29906542056074764
121 18 19 84	0.9385307346326837 0.5233644859813084
121 18 27	0.1891891891891892 0.11214953271028037
121 18 27 18	0.2038613129720051 0.29906542056074764
121 18 27 83	0.20384999810762178 0.308411214953271
121 18 27 92	0.14502529510961215 0.17757009345794392
121 18 30 95	0.2777777777777778 0.04672897196261682
121 18 45 110	0.2986380355900189 0.3644859813084112
121 18 83	0.18186228074164087 0.308411214953271
121 18 83 18	0.1405768032923412 0.32710280373831774
121 18 83 27	0.12064184527034812 0.2803738317757009
121 18 83 83	0.14112488365004824 0.3364485981308411
121 18 83 92	0.1337814940091794 0.29906542056074764
121 18 85 20	0.4081233178370443 0.18691588785046728
121 18 86 21	0.7084421235857267 0.056074766355140186
121 18 92	0.17699115044247787 0.11214953271028037
121 18 92 18	0.1975972989650739 0.29906542056074764
121 18 92 27	0.11168981481481481 0.17757009345794392
121 18 92 83	0.19744487014429343 0.308411214953271
121 18 92 92	0.13014210919970082 0.19626168224299065
121 18 92 117	0.2222222222222222 0.018691588785046728
121 18 95 30	0.17668207498715974 0.11214953271028037
121 19 84	1.0 0.5233644859813084
121 27	0.75 0.028037383177570093
121 27 18	0.3684210526315789 0.037383177570093455
121 27 18 27	0.23076923076923078 0.056074766355140186
121 27 18 83	0.2280481235410307 0.308411214953271
121 27 27	1.0 0.018691588785046728
121 27 30 18	0.018867924528301886 0.009345794392523364
121 27 30 83	0.018867924528301886 0.009345794392523364
121 27 45 110	0.35964912280701755 0.35514018691588783
121 27 83	0.3684210526315789 0.037383177570093455
121 27 83 83	0.24468366716668138 0.308411214953271
121 27 92	0.8 0.018691588785046728
121 33 98	1.0 0.037383177570093455
121 45 110	0.3350582147477361 0.35514018691588783
121 45 110 18	0.18039396582861247 0.32710280373831774
121 45 110 27	0.25891931902294596 0.2897196261682243
121 45 110 30	0.8805970149253731 0.009345794392523364
121 45 110 83	0.17809372572809484 0.3364485981308411
121 45 110 92	0.32624573932803114 0.308411214953271
121 56 84	1.0 0.6542056074766355
121 56 84 18	0.3028084852106364 0.24299065420560748
121 77 12	0.7272727272727273 0.037383177570093455
121 83	0.3870967741935484 0.11214953271028037
121 83 15 80	0.10084825636192271 0.2616822429906542
121 83 18	0.210472071811024 0.29906542056074764
121 83 18 18	0.1195698956760278 0.32710280373831774
121 83 18 27	0.18136211060182564 0.27102803738317754
121 83 18 30	0.5092487846638334 0.009345794392523364
121 83 18 83	0.11968713665507233 0.3364485981308411
121 83 18 92	0.1856590718623895 0.29906542056074764
121 83 19 84	0.9432918395573997 0.5233644859813084
121 83 19 121	0.9230769230769231 0.009345794392523364
121 83 27	0.1951219512195122 0.12149532710280374
121 83 27 18	0.15129714427887722 0.29906542056074764
121 83 27 83	0.1513488672422423 0.308411214953271
121 83 27 110	0.5714285714285714 0.07476635514018691
121 83 30	0.75 0.009345794392523364
121 83 45 110	0.30147693488059846 0.3644859813084112
121 83 77 12	0.26262626262626265 0.056074766355140186
121 83 83	0.20928293953314434 0.308411214953271
121 83 83 18	0.13586879260043747 0.32710280373831774
121 83 83 27	0.1700478638782895 0.2803738317757009
121 83 83 83	0.13471140543472274 0.3364485981308411
121 83 83 92	0.17184086396831375 0.29906542056074764
121 83 83 117	0.1737674964846276 0.018691588785046728
121 83 85 20	0.40826810176125244 0.19626168224299065
121 83 86 21	0.7084421235857267 0.056074766355140186
121 83 92	0.1885245901639344 0.12149532710280374
121 83 92 18	0.1958345675525758 0.29906542056074764
121 83 95	0.002317497103128621 0.037383177570093455
121 83 95 30	0.1771047227926078 0.11214953271028037
121 83 98	0.3333333333333333 0.009345794392523364
121 85 20	0.9259259259259259 0.009345794392523364
121 85 20 18	0.21212121212121213 0.12149532710280374
121 85 20 27	0.9183673469387755 0.028037383177570093
121 85 20 83	0.2222222222222222 0.1308411214953271
121 85 20 92	0.9259259259259259 0.028037383177570093
121 85 40	0.06666666666666667 0.009345794392523364
121 85 67 61	0.2222222222222222 0.009345794392523364
121 86 21	0.6153846153846154 0.009345794392523364
121 92	1.0 0.028037383177570093
121 92 18	0.3684210526315789 0.037383177570093455
121 92 18 18	0.2567743132887899 0.29906542056074764
121 92 18 30	1.0 0.009345794392523364
121 92 18 83	0.2605914526745156 0.308411214953271
121 92 27	1.0 0.018691588785046728
121 92 45 110	0.35964912280701755 0.35514018691588783
121 92 83	0.3684210526315789 0.037383177570093455
121 92 85 20	1.0 0.028037383177570093
121 95 30	0.5 0.018691588785046728
121 95 30 83	0.1705020920502092 0.16822429906542055
121 95 105 20	0.9473684210526315 0.009345794392523364
121 104 39 18	0.36666666666666664 0.102803738317757
121 105 40	1.0 0.009345794392523364
121 105 40 92	1.0 0.028037383177570093
121 126 21 18	0.2554347826086957 0.205607476635514
121 126 21 83	0.26737967914438504 0.21495327102803738
121 126 61 18	0.3663003663003663 0.11214953271028037
121 126 61 83	0.38515901060070673 0.12149532710280374
126 2 20	0.2857142857142857 0.037383177570093455
126 2 20 27	0.2222222222222222 0.056074766355140186
126 2 67 21	0.6206896551724138 0.056074766355140186
126 6 71 21	0.5050835148874364 0.07476635514018691
126 6 71 30	0.5 0.009345794392523364
126 6 71 61	0.04732636754763368 0.102803738317757
126 21	0.8 0.028037383177570093
126 21 3 68	0.25 0.018691588785046728
126 21 18	0.09595959595959595 0.17757009345794392
126 21 18 18	0.05336962990605691 0.4205607476635514
126 21 18 27	0.08350100603621731 0.22429906542056074
126 21 18 83	0.05361862108224916 0.42990654205607476
126 21 18 92	0.08552631578947369 0.2336448598130841
126 21 19 84	0.312280701754386 0.7009345794392523
126 21 27	0.06666666666666667 0.018691588785046728
126 21 27 18	0.07888888888888888 0.18691588785046728
126 21 27 27	0.3125 0.04672897196261682
126 21 27 83	0.0814404432132964 0.19626168224299065
126 21 27 92	0.2777777777777778 0.04672897196261682
126 21 34	0.06666666666666667 0.009345794392523364
126 21 34 99	0.38461538461538464 0.037383177570093455
126 21 45 110	0.0918958031837916 0.4672897196261682
126 21 66 20	0.6 0.018691588785046728
126 21 77 12	0.6470588235294118 0.028037383177570093
126 21 77 20	0.5573770491803278 0.028037383177570093
126 21 83	0.0975609756097561 0.18691588785046728
126 21 83 18	0.05609848331805884 0.4205607476635514
126 21 83 27	0.10526315789473684 0.2336448598130841
126 21 83 83	0.054677781467537205 0.42990654205607476
126 21 83 92	0.1156677181913775 0.24299065420560748
126 21 85 1	0.011494252873563218 0.018691588785046728
126 21 85 12	0.21022727272727273 0.04672897196261682
126 21 85 20	0.9170936801997109 0.1308411214953271
126 21 85 39	0.01594746716697936 0.056074766355140186
126 21 85 40	0.027666220437304774 0.07476635514018691
126 21 86 21	0.7272139625080801 0.056074766355140186
126 21 86 30	0.7837837837837838 0.037383177570093455
126 21 86 61	0.15844155844155844 0.06542056074766354
126 21 92	0.09375 0.028037383177570093
126 21 92 18	0.08388037928519329 0.18691588785046728
126 21 92 27	0.3333333333333333 0.056074766355140186
126 21 92 83	0.08608321377331421 0.19626168224299065
126 21 92 92	0.2831858407079646 0.06542056074766354
126 21 95	0.009153318077803204 0.037383177570093455
126 21 95 21	0.9354838709677419 0.037383177570093455
126 21 95 30	0.6991596638655462 0.056074766355140186
126 21 95 33	0.03614457831325301 0.018691588785046728
126 21 95 52	0.05714285714285714 0.018691588785046728
126 21 98 30	1.0 0.018691588785046728
126 21 98 52	1.0 0.018691588785046728
126 21 104 20	0.47368421052631576 0.018691588785046728
126 21 104 39	0.8918918918918919 0.018691588785046728
126 21 105 20	0.9347826086956522 0.028037383177570093
126 21 105 40	1.0 0.028037383177570093
126 21 117 30	0.65 0.028037383177570093
126 21 117 33	0.25 0.018691588785046728
126 21 117 52	0.75 0.018691588785046728
126 21 122 20	1.0 0.018691588785046728
126 21 122 57	1.0 0.018691588785046728
126 21 126 21	0.6329113924050633 0.028037383177570093
126 21 126 61	0.7835051546391752 0.028037383177570093
126 61 18	0.05263157894736842 0.009345794392523364
126 61 18 18	0.0190716545574723 0.009345794392523364
126 61 18 83	0.019065378578349564 0.009345794392523364
126 61 18 92	0.02247191011235955 0.009345794392523364
126 61 45 110	0.011126564673157162 0.009345794392523364
126 61 83	0.05263157894736842 0.009345794392523364
126 61 83 18	0.029638184740290133 0.009345794392523364
126 61 83 27	0.028169014084507043 0.009345794392523364
126 61 83 83	0.02964400816528908 0.009345794392523364
126 61 84	1.0 0.7009345794392523
126 61 84 18	0.3007404866054836 0.34579439252336447
126 61 84 27	0.7789855072463768 0.3177570093457944
126 61 84 30	0.5166666666666667 0.056074766355140186
126 61 84 34	0.02247191011235955 0.009345794392523364
126 61 84 83	0.3104874446085672 0.35514018691588783
126 61 84 92	0.8373435996150145 0.3364485981308411
126 61 84 95	0.023956723338485315 0.12149532710280374
126 61 84 99	1.0 0.009345794392523364
126 61 92 18	0.02 0.009345794392523364
126 61 121	0.7142857142857143 0.009345794392523364
126 61 121 18	0.36666666666666664 0.102803738317757
126 61 126 21	0.7714285714285715 0.028037383177570093
