2 67 11	1.0 0.027777777777777776
6 71 11	0.6274509803921569 0.7222222222222222
6 71 31 43	0.10227272727272728 0.16666666666666666
10 28 52 118	0.058823529411764705 0.08333333333333333
10 75 11	1.0 0.08333333333333333
11	1.0 1.0
11 25 90	0.14285714285714285 0.1388888888888889
11 28 93	0.3333333333333333 0.05555555555555555
11 29 94	0.125 0.05555555555555555
11 39 104	0.017857142857142856 0.027777777777777776
11 46 111	0.0003506311360448808 0.027777777777777776
11 46 111 123	0.02702702702702703 0.027777777777777776
11 53 118	0.058823529411764705 0.08333333333333333
11 57 122	0.041666666666666664 0.027777777777777776
11 58 46 111	0.00034965034965034965 0.027777777777777776
11 58 123	1.0 0.027777777777777776
11 76 11	0.9655172413793104 1.0
11 76 31 43	1.0 0.2222222222222222
11 89 8 24	0.6666666666666666 0.027777777777777776
11 89 23 24	1.0 0.027777777777777776
11 89 24	0.7851851851851852 0.08333333333333333
11 89 43 24	0.6666666666666666 0.027777777777777776
11 89 58 24	0.2857142857142857 0.027777777777777776
11 89 73 24	0.6666666666666666 0.027777777777777776
11 89 88 24	1.0 0.027777777777777776
11 89 108 24	1.0 0.027777777777777776
11 89 123 24	0.3333333333333333 0.027777777777777776
11 108 43	1.0 0.2222222222222222
11 108 96 11	1.0 0.2222222222222222
11 110 24	0.5 0.027777777777777776
11 110 45	0.3333333333333333 0.027777777777777776
16 81 11	1.0 0.05555555555555555
20 18 85 11	1.0 0.16666666666666666
20 27 85 11	1.0 0.16666666666666666
20 83 85 11	1.0 0.16666666666666666
20 85 11	1.0 0.16666666666666666
20 92 85 11	1.0 0.16666666666666666
20 95 110 11	1.0 0.05555555555555555
21 15 100 24	0.21869409660107333 0.027777777777777776
21 15 103 11	1.0 0.05555555555555555
21 27 85 24	0.008333333333333333 0.027777777777777776
21 34 104 24	0.16666666666666666 0.027777777777777776
21 85 24	0.4854368932038835 0.05555555555555555
21 85 58 24	1.0 0.027777777777777776
21 85 108 24	1.0 0.027777777777777776
21 86 2 24	0.75 0.027777777777777776
21 86 11	1.0 0.05555555555555555
21 86 14 24	1.0 0.027777777777777776
21 95 11	1.0 0.027777777777777776
21 95 14 24	1.0 0.027777777777777776
21 95 77 24	0.15789473684210525 0.027777777777777776
21 95 104 24	0.4058679706601467 0.027777777777777776
21 95 105 24	0.241635687732342 0.027777777777777776
21 95 108 24	0.8421052631578947 0.027777777777777776
21 95 111 24	1.0 0.027777777777777776
21 95 122 24	0.6 0.027777777777777776
28 15 100 24	0.007751937984496124 0.027777777777777776
28 15 103 11	1.0 0.027777777777777776
28 30 77 24	0.5 0.027777777777777776
28 30 85 24	0.005813953488372093 0.027777777777777776
28 30 95 11	1.0 0.027777777777777776
28 52 77 24	0.5 0.027777777777777776
28 52 85 24	0.006024096385542169 0.027777777777777776
28 52 95 11	1.0 0.027777777777777776
28 77 24	0.08333333333333333 0.027777777777777776
28 93 11	1.0 0.027777777777777776
28 99 77 24	0.5 0.027777777777777776
28 99 85 24	0.005376344086021506 0.027777777777777776
28 99 95 11	1.0 0.027777777777777776
28 104 24	0.0055248618784530384 0.027777777777777776
28 117 81 24	0.038461538461538464 0.027777777777777776
30 15 100 24	0.007434944237918215 0.027777777777777776
30 15 103 11	1.0 0.05555555555555555
30 18 85 24	0.0006743088334457181 0.027777777777777776
30 34 77 24	0.08333333333333333 0.027777777777777776
30 34 93 11	1.0 0.027777777777777776
30 34 104 24	0.0106951871657754 0.05555555555555555
30 77 24	0.5 0.027777777777777776
30 83 85 24	0.0006743088334457181 0.027777777777777776
30 85 24	0.011834319526627219 0.05555555555555555
30 86 11	1.0 0.027777777777777776
30 95 11	1.0 0.05555555555555555
30 95 77 24	0.08333333333333333 0.027777777777777776
30 95 81 24	0.03225806451612903 0.027777777777777776
30 95 93 11	1.0 0.027777777777777776
30 95 104 24	0.005208333333333333 0.027777777777777776
30 95 105 24	0.02040816326530612 0.027777777777777776
30 117 77 24	0.08333333333333333 0.027777777777777776
30 117 93 11	1.0 0.027777777777777776
30 117 104 24	0.0055248618784530384 0.027777777777777776
31 6 71 43	0.2 0.027777777777777776
31 35 100 43	0.02631578947368421 0.027777777777777776
31 35 103 11	0.38095238095238093 0.027777777777777776
31 43	1.0 0.027777777777777776
31 43 76 11	1.0 0.027777777777777776
31 43 108 43	1.0 0.027777777777777776
31 46 111 43	0.2 0.027777777777777776
31 96 11	1.0 0.1111111111111111
31 96 31 43	1.0 0.027777777777777776
35 100 11	1.0 0.027777777777777776
37 102 11	1.0 0.027777777777777776
38 80 77 24	0.09523809523809523 0.027777777777777776
38 80 85 24	0.10434782608695652 0.08333333333333333
38 80 86 11	1.0 0.05555555555555555
38 80 93 11	1.0 0.027777777777777776
38 80 95 11	1.0 0.05555555555555555
38 80 104 24	0.01293103448275862 0.05555555555555555
38 80 105 24	0.028169014084507043 0.027777777777777776
38 100 8 24	0.125 0.027777777777777776
38 100 12 93	0.000859106529209622 0.027777777777777776
38 100 12 118	0.0026595744680851063 0.08333333333333333
38 100 23 24	0.15789473684210525 0.027777777777777776
38 100 24	0.14901365705614567 0.05555555555555555
38 100 39 93	9.154994049253868e-05 0.027777777777777776
38 100 39 118	0.0015964240102171138 0.08333333333333333
38 100 40 118	0.006114822783376741 0.08333333333333333
38 100 43	0.0036413290851160674 0.2222222222222222
38 100 43 24	0.6666666666666666 0.027777777777777776
38 100 45	0.0003687315634218289 0.027777777777777776
38 100 58 24	0.1 0.027777777777777776
38 100 73 24	0.125 0.027777777777777776
38 100 88 24	0.15789473684210525 0.027777777777777776
38 100 96 11	0.4 0.2222222222222222
38 100 123 24	0.15384615384615385 0.027777777777777776
38 103 11	0.26004728132387706 0.6666666666666666
38 103 31 43	0.04 0.2222222222222222
38 103 61 118	0.008823529411764706 0.08333333333333333
39 104 11	1.0 0.027777777777777776
39 122 11	1.0 0.027777777777777776
40 105 11	1.0 0.05555555555555555
45 30 85 11	1.0 0.05555555555555555
45 110 11	1.0 0.05555555555555555
46 111 11	1.0 0.1111111111111111
51 116 11	1.0 0.027777777777777776
57 104 11	1.0 0.027777777777777776
57 122 11	1.0 0.027777777777777776
