1 66 36 127	0.0009199632014719411 0.006134969325153374
1 66 44 67	0.07692307692307693 0.006134969325153374
1 66 46 111	9.217171775360932e-07 0.006134969325153374
1 66 50 67	0.014084507042253521 0.006134969325153374
1 66 67	0.0025220680958385876 0.006134969325153374
1 66 69	0.04878048780487805 0.012269938650306749
1 66 120	0.4358974358974359 0.10429447852760736
6 71	0.004830917874396135 0.012269938650306749
6 71 6 71	0.002295050082660702 0.03067484662576687
6 71 12 126	0.008247422680412371 0.018404907975460124
6 71 31 96	0.008 0.006134969325153374
6 71 31 120	0.5 0.006134969325153374
6 71 37 71	0.00117096018735363 0.006134969325153374
6 71 39 126	0.002333722287047841 0.006134969325153374
6 71 40 126	0.001321003963011889 0.006134969325153374
6 71 44 96	0.05263157894736842 0.006134969325153374
6 71 44 120	1.0 0.024539877300613498
6 71 55 96	0.4 0.012269938650306749
6 71 55 120	0.3125 0.03067484662576687
6 71 61 126	0.005405405405405406 0.012269938650306749
6 71 96	0.3684210526315789 0.012269938650306749
6 71 109 96	0.3333333333333333 0.006134969325153374
6 71 109 120	0.7619047619047619 0.024539877300613498
6 71 120	0.8717948717948718 0.10429447852760736
6 102 6 71	0.006666666666666667 0.006134969325153374
6 102 37 71	0.002253944402704733 0.012269938650306749
10 75 49 114	0.00477326968973747 0.006134969325153374
10 75 120	1.0 0.006134969325153374
12 18 18 86	0.0015384402229567393 0.006134969325153374
12 18 83 86	0.0015401508046198585 0.006134969325153374
12 18 92 86	0.0020443925233644858 0.006134969325153374
12 19 84 86	0.002443494196701283 0.006134969325153374
12 27 92 86	0.0026833631484794273 0.006134969325153374
12 45 110 86	0.0014004710675409 0.006134969325153374
12 66 1 86	0.002967359050445104 0.006134969325153374
12 77 6 71	0.0021598272138228943 0.006134969325153374
12 77 12 86	0.0029532403609515995 0.006134969325153374
12 77 96	1.0 0.006134969325153374
12 77 120	1.0 0.08588957055214724
12 83 18 86	0.0013353379548351673 0.006134969325153374
12 83 27 86	0.0021551724137931034 0.006134969325153374
12 83 83 86	0.0012970580706869875 0.006134969325153374
12 85 12 86	0.0027693856998992953 0.006134969325153374
12 85 20 86	0.0029536598718320293 0.006134969325153374
12 85 39 86	0.0027522935779816515 0.006134969325153374
12 86	0.002967359050445104 0.006134969325153374
12 86 6 71	2.4532051124794544e-05 0.006134969325153374
12 86 21 86	0.0024510338708152416 0.006134969325153374
12 86 30 86	0.002952755905511811 0.006134969325153374
12 92 18 86	0.001543630255153001 0.006134969325153374
12 92 83 86	0.001538600778350982 0.006134969325153374
12 92 92 86	0.0026833631484794273 0.006134969325153374
12 95 30 86	0.0027548793150946197 0.006134969325153374
12 104 39 86	0.002967359050445104 0.006134969325153374
12 105 6 71	0.0012903225806451613 0.006134969325153374
12 105 20 86	0.002957954785548278 0.006134969325153374
12 105 96	1.0 0.006134969325153374
12 105 120	1.0 0.024539877300613498
12 117 33 86	0.002967359050445104 0.006134969325153374
12 122 20 86	0.002967359050445104 0.006134969325153374
12 126 21 86	0.0023950183618074404 0.006134969325153374
12 126 61 86	0.002958930050893597 0.006134969325153374
16 30 85 67	0.0364963503649635 0.006134969325153374
16 30 86	0.02 0.006134969325153374
16 30 126	0.06666666666666667 0.006134969325153374
16 32 108 67	0.125 0.006134969325153374
16 33 108 67	0.125 0.006134969325153374
16 52 30 86	0.02 0.006134969325153374
16 81 6 71	8.200754469411185e-05 0.006134969325153374
16 81 20 86	0.009272816007808687 0.012269938650306749
16 81 20 126	0.031007751937984496 0.006134969325153374
16 81 40 105	0.0001854943424225561 0.006134969325153374
16 81 40 126	0.00495458298926507 0.012269938650306749
16 81 46 111	8.192289417200531e-07 0.006134969325153374
16 81 50 67	0.043478260869565216 0.006134969325153374
16 81 67	0.0022624434389140274 0.006134969325153374
16 81 69	0.056179775280898875 0.03067484662576687
16 81 96	0.5 0.006134969325153374
16 81 115 67	0.05 0.006134969325153374
16 81 120	0.9354838709677419 0.15337423312883436
16 98 28 126	0.25 0.006134969325153374
16 98 30 86	0.1111111111111111 0.006134969325153374
16 98 52 126	0.25 0.006134969325153374
16 108 120	0.5 0.006134969325153374
20 1 66 86	0.015957446808510637 0.012269938650306749
20 1 66 126	0.028169014084507043 0.006134969325153374
20 3 68 86	0.001483679525222552 0.006134969325153374
20 15 100 120	0.6666666666666666 0.012269938650306749
20 18 18 86	0.0014929835209357037 0.03680981595092025
20 18 18 95	5.040308265834731e-05 0.012269938650306749
20 18 18 126	0.0026605003009387016 0.006134969325153374
20 18 27 86	0.0011290275888023622 0.03067484662576687
20 18 27 95	0.00015490266948933753 0.012269938650306749
20 18 27 126	0.0007199424046076314 0.006134969325153374
20 18 34 117	0.0008305647840531562 0.006134969325153374
20 18 34 126	0.0018365472910927456 0.006134969325153374
20 18 83 86	0.0015876777915534753 0.03680981595092025
20 18 83 95	3.991486393649689e-05 0.012269938650306749
20 18 83 126	0.002998966389313241 0.006134969325153374
20 18 85 67	0.00043706293706293706 0.018404907975460124
20 18 86	0.0005199306759098787 0.018404907975460124
20 18 92 86	0.0011113327444219644 0.03067484662576687
20 18 92 95	0.00014977782955282997 0.012269938650306749
20 18 92 126	0.0007246376811594203 0.006134969325153374
20 18 95	0.00014804944851580428 0.012269938650306749
20 18 95 117	0.0006711409395973154 0.006134969325153374
20 18 95 126	0.005747126436781609 0.006134969325153374
20 18 117 126	0.018018018018018018 0.006134969325153374
20 19 84 86	0.0017278617710583153 0.024539877300613498
20 19 84 126	0.0019120458891013384 0.006134969325153374
20 27 18 86	0.0008982960446902282 0.03067484662576687
20 27 18 95	0.0001282818780466946 0.012269938650306749
20 27 18 126	0.0005764519383196426 0.006134969325153374
20 27 27 86	0.0025609620309542365 0.024539877300613498
20 27 27 95	0.00018439977872026554 0.006134969325153374
20 27 27 126	0.003864734299516908 0.006134969325153374
20 27 34 117	0.0023094688221709007 0.006134969325153374
20 27 34 126	0.010582010582010581 0.006134969325153374
20 27 83 86	0.0008972885062950396 0.03067484662576687
20 27 83 95	0.00012805463664496852 0.012269938650306749
20 27 83 126	0.0005761198329252485 0.006134969325153374
20 27 85 67	0.0010111223458038423 0.006134969325153374
20 27 86	0.0020491803278688526 0.012269938650306749
20 27 92 86	0.002531924262439454 0.024539877300613498
20 27 92 95	0.00017722640673460346 0.006134969325153374
20 27 95	0.0002332089552238806 0.006134969325153374
20 27 95 117	0.0017730496453900709 0.006134969325153374
20 27 95 126	0.026785714285714284 0.006134969325153374
20 27 117 126	0.125 0.006134969325153374
20 33 98 86	0.014285714285714285 0.012269938650306749
20 34 30 126	0.012048192771084338 0.006134969325153374
20 34 99 86	0.002342606149341142 0.03067484662576687
20 34 99 126	0.002012072434607646 0.006134969325153374
20 34 104 120	0.3333333333333333 0.006134969325153374
20 34 105 69	0.030303030303030304 0.006134969325153374
20 34 105 120	1.0 0.006134969325153374
20 34 126	0.0027624309392265192 0.006134969325153374
20 45 110 86	0.00142771097775894 0.03680981595092025
20 45 110 95	0.00012233837571338566 0.012269938650306749
20 45 110 126	0.0010756340579710145 0.006134969325153374
20 66 20 86	0.001483679525222552 0.006134969325153374
20 77 12 86	0.001893222264293828 0.024539877300613498
20 77 20 86	0.0017119100024455857 0.024539877300613498
20 83 18 86	0.001042996219752978 0.03680981595092025
20 83 18 95	0.00011801532576409989 0.012269938650306749
20 83 18 126	0.0012764075199019 0.006134969325153374
20 83 27 86	0.001236546828486375 0.03067484662576687
20 83 27 95	0.00023614841928151843 0.012269938650306749
20 83 34 117	0.0008305647840531562 0.006134969325153374
20 83 34 126	0.0018298261665141812 0.006134969325153374
20 83 77 120	0.16666666666666666 0.006134969325153374
20 83 83 86	0.0011370761770111927 0.03680981595092025
20 83 83 95	0.00012366594894073398 0.012269938650306749
20 83 83 126	0.0017703905376980963 0.006134969325153374
20 83 85 67	0.00043706293706293706 0.018404907975460124
20 83 86	0.0005195704883962591 0.018404907975460124
20 83 92 86	0.001227328514932497 0.03067484662576687
20 83 92 95	0.0002304346573724688 0.012269938650306749
20 83 92 126	0.0006075334143377885 0.006134969325153374
20 83 95	0.00014798372179060303 0.012269938650306749
20 83 95 117	0.0006711409395973154 0.006134969325153374
20 83 95 126	0.005703422053231939 0.006134969325153374
20 83 117 126	0.018018018018018018 0.006134969325153374
20 85 8 67	0.011363636363636364 0.006134969325153374
20 85 12 86	0.0014607679465776294 0.024539877300613498
20 85 12 95	0.00030637254901960784 0.012269938650306749
20 85 20 86	0.0020619695183234743 0.03680981595092025
20 85 20 95	4.411884485551644e-05 0.012269938650306749
20 85 20 126	0.0018074135224550804 0.006134969325153374
20 85 23 120	0.5 0.006134969325153374
20 85 39 86	0.002213088839709137 0.03067484662576687
20 85 39 95	0.0003490705995287547 0.006134969325153374
20 85 39 126	0.005163427346680306 0.018404907975460124
20 85 40 86	0.0021297192642787998 0.018404907975460124
20 85 40 117	0.0005350454788657035 0.006134969325153374
20 85 40 126	0.0049526270456503015 0.018404907975460124
20 85 57 126	0.003933910306845004 0.006134969325153374
20 85 67	0.006156552330694811 0.012269938650306749
20 85 69	0.02857142857142857 0.024539877300613498
20 85 88 67	0.01282051282051282 0.006134969325153374
20 85 120	0.6 0.05521472392638037
20 86	0.0038535645472061657 0.024539877300613498
20 86 2 67	0.00221606648199446 0.024539877300613498
20 86 2 69	0.006349206349206349 0.006134969325153374
20 86 4 69	0.011885895404120444 0.024539877300613498
20 86 4 120	0.41379310344827586 0.024539877300613498
20 86 6 71	3.0156474406577126e-05 0.024539877300613498
20 86 21 86	0.00207196143879599 0.03067484662576687
20 86 21 95	4.986011467826376e-05 0.012269938650306749
20 86 21 126	0.0013113722198908938 0.006134969325153374
20 86 30 86	0.0022535211267605635 0.024539877300613498
20 86 30 126	0.0029542097488921715 0.006134969325153374
20 86 55 67	0.25 0.006134969325153374
20 86 55 120	0.3076923076923077 0.024539877300613498
20 86 61 86	0.002545484894007678 0.024539877300613498
20 86 61 95	9.930486593843098e-05 0.006134969325153374
20 86 61 126	0.0009054690329590728 0.006134969325153374
20 92 18 86	0.0008976660682226212 0.03067484662576687
20 92 18 95	0.00012780913835339227 0.012269938650306749
20 92 18 126	0.0005993407252022775 0.006134969325153374
20 92 27 86	0.0024878200476832176 0.024539877300613498
20 92 27 95	0.00018091361374943465 0.006134969325153374
20 92 27 126	0.0036798528058877645 0.006134969325153374
20 92 34 117	0.0023094688221709007 0.006134969325153374
20 92 34 126	0.010582010582010581 0.006134969325153374
20 92 83 86	0.0008953052431313301 0.03067484662576687
20 92 83 95	0.00012728854190975243 0.012269938650306749
20 92 86	0.0020491803278688526 0.012269938650306749
20 92 92 86	0.0025462194176906895 0.024539877300613498
20 92 92 95	0.00017990465053521634 0.006134969325153374
20 92 92 126	0.003972194637537239 0.006134969325153374
20 92 95	0.0002333177788147457 0.006134969325153374
20 92 95 117	0.0017730496453900709 0.006134969325153374
20 92 95 126	0.026785714285714284 0.006134969325153374
20 92 117 126	0.125 0.006134969325153374
20 95 21 86	0.0022682166146867026 0.024539877300613498
20 95 30 86	0.0024141833270463976 0.03067484662576687
20 95 30 95	9.643294535144987e-06 0.006134969325153374
20 95 30 126	0.0016299340939692438 0.006134969325153374
20 95 53 126	0.0026246719160104987 0.006134969325153374
20 95 77 67	0.007692307692307693 0.006134969325153374
20 95 99 86	0.005649717514124294 0.024539877300613498
20 95 99 126	0.005988023952095809 0.006134969325153374
20 95 105 69	0.075 0.018404907975460124
20 95 105 120	0.6666666666666666 0.024539877300613498
20 95 126	0.004347826086956522 0.006134969325153374
20 104 20 95	0.00025627883136852895 0.006134969325153374
20 104 39 86	0.0021941854086670325 0.024539877300613498
20 105 20 86	0.002180376610505451 0.018404907975460124
20 105 20 95	0.00014738393515106854 0.006134969325153374
20 105 20 126	0.0044742729306487695 0.006134969325153374
20 105 40 86	0.0025364616360177552 0.024539877300613498
20 105 40 126	0.004975124378109453 0.006134969325153374
20 117 30 86	0.0014825796886582653 0.006134969325153374
20 126	0.007936507936507936 0.006134969325153374
20 126 2 67	0.0033514872224549644 0.006134969325153374
20 126 6 71	7.452860656348595e-05 0.006134969325153374
20 126 21 86	0.0029474925260010946 0.03067484662576687
20 126 21 95	0.00018453589223103894 0.006134969325153374
20 126 21 126	0.003699593044765076 0.006134969325153374
20 126 55 120	0.5 0.006134969325153374
20 126 61 86	0.003437838645790516 0.024539877300613498
20 126 61 126	0.003223726627981947 0.006134969325153374
23 20 85 120	0.5 0.006134969325153374
23 20 86	0.02 0.006134969325153374
23 23 20 86	0.02 0.006134969325153374
23 23 23 67	1.0 0.006134969325153374
23 23 67	0.2 0.006134969325153374
23 23 88 67	1.0 0.006134969325153374
23 23 120	1.0 0.018404907975460124
23 24 89 120	0.5 0.006134969325153374
23 46 111 67	0.00023798191337458352 0.006134969325153374
23 46 111 120	0.0379746835443038 0.012269938650306749
23 67	0.19047619047619047 0.024539877300613498
23 67 2 67	0.045764362220058426 0.024539877300613498
23 67 2 120	1.0 0.006134969325153374
23 67 4 69	0.16363636363636364 0.018404907975460124
23 67 4 120	0.7272727272727273 0.018404907975460124
23 67 6 71	0.0024643548671008627 0.018404907975460124
23 67 21 86	0.0026041666666666665 0.012269938650306749
23 67 55 67	0.14285714285714285 0.006134969325153374
23 67 55 69	0.22727272727272727 0.018404907975460124
23 67 55 120	0.75 0.024539877300613498
23 67 61 126	0.005753739930955121 0.006134969325153374
23 88 23 67	0.19047619047619047 0.024539877300613498
23 88 67	0.14285714285714285 0.006134969325153374
23 88 69	0.23076923076923078 0.018404907975460124
23 88 88 67	1.0 0.006134969325153374
23 88 120	1.0 0.03680981595092025
23 115 50 67	0.2 0.012269938650306749
24 89 6 71	1.3928352554459858e-05 0.006134969325153374
24 89 12 126	0.0023885350318471337 0.024539877300613498
24 89 23 120	0.5 0.006134969325153374
24 89 39 126	0.0003834355828220859 0.018404907975460124
24 89 40 126	0.000576036866359447 0.006134969325153374
24 89 88 120	0.5 0.006134969325153374
24 89 96	0.1 0.006134969325153374
24 89 120	0.2777777777777778 0.06134969325153374
35 80 18 86	0.0007463305415042707 0.018404907975460124
35 80 18 95	6.498148027812073e-05 0.006134969325153374
35 80 27 86	0.0008327385201046872 0.012269938650306749
35 80 30 86	0.00029850746268656717 0.006134969325153374
35 80 34 126	0.00819672131147541 0.006134969325153374
35 80 83 86	0.0007462067821905314 0.018404907975460124
35 80 83 95	6.496459429610862e-05 0.006134969325153374
35 80 85 67	0.0013157894736842105 0.006134969325153374
35 80 86	0.00205761316872428 0.006134969325153374
35 80 92 86	0.0009225092250922509 0.012269938650306749
35 80 95 126	0.015151515151515152 0.006134969325153374
35 80 117 126	0.0625 0.006134969325153374
35 100 12 126	0.0004996252810392206 0.006134969325153374
35 100 20 86	0.002031372632580802 0.018404907975460124
35 100 20 95	1.1770157080593011e-06 0.006134969325153374
35 100 23 67	0.00684931506849315 0.012269938650306749
35 100 39 126	0.0011669489930359496 0.006134969325153374
35 100 40 126	0.004082020125308524 0.006134969325153374
35 100 58 67	0.011363636363636364 0.006134969325153374
35 100 67	0.0007459903021260724 0.006134969325153374
35 100 69	0.014492753623188406 0.03067484662576687
35 100 88 67	0.005555555555555556 0.006134969325153374
35 100 120	0.3333333333333333 0.03680981595092025
36 101 6 71	5.6069526212503504e-05 0.006134969325153374
36 101 12 126	0.00546448087431694 0.006134969325153374
36 101 20 86	0.0009840810419681622 0.012269938650306749
36 101 67	0.0035842293906810036 0.006134969325153374
36 101 69	0.0425531914893617 0.012269938650306749
36 101 96	0.2 0.006134969325153374
36 101 120	0.6666666666666666 0.024539877300613498
37 102 6 71	0.005128205128205128 0.006134969325153374
37 102 12 126	0.017857142857142856 0.006134969325153374
37 102 20 95	0.0010179843909060061 0.006134969325153374
37 102 96	1.0 0.006134969325153374
37 102 120	1.0 0.04294478527607362
37 111 120	0.5 0.006134969325153374
39 30 34 126	0.009009009009009009 0.006134969325153374
39 30 85 120	1.0 0.006134969325153374
39 30 117 126	0.007017543859649123 0.006134969325153374
39 52 34 126	0.009009009009009009 0.006134969325153374
39 52 95 126	0.008928571428571428 0.006134969325153374
39 52 117 126	0.009009009009009009 0.006134969325153374
39 77 12 126	0.008899780730039985 0.006134969325153374
39 77 39 126	0.008880994671403197 0.006134969325153374
39 77 40 126	0.007518796992481203 0.006134969325153374
39 93 28 126	0.00900473933649289 0.006134969325153374
39 93 52 126	0.009009009009009009 0.006134969325153374
39 99 34 126	0.009009009009009009 0.006134969325153374
39 99 86	0.0029154518950437317 0.006134969325153374
39 99 95 126	0.006920415224913495 0.006134969325153374
39 99 117 126	0.007575757575757576 0.006134969325153374
39 104 20 86	0.0009163103237629811 0.006134969325153374
39 104 39 126	0.00900877307843394 0.006134969325153374
39 104 40 126	0.008704557091653867 0.006134969325153374
39 104 57 126	0.00831353919239905 0.006134969325153374
39 104 120	1.0 0.018404907975460124
39 105 12 126	0.006711409395973154 0.006134969325153374
39 105 20 86	0.001004419445560466 0.006134969325153374
39 105 39 126	0.008759876331157677 0.006134969325153374
39 105 40 126	0.009009009009009009 0.006134969325153374
39 117 52 126	0.009009009009009009 0.006134969325153374
39 118 53 126	0.009009009009009009 0.006134969325153374
39 122 20 86	0.0025188916876574307 0.006134969325153374
39 122 39 126	0.008974358974358974 0.006134969325153374
39 122 57 126	0.009009009009009009 0.006134969325153374
39 126	0.009009009009009009 0.006134969325153374
39 126 21 86	0.002127311405661921 0.006134969325153374
39 126 61 126	0.0077703885194259715 0.006134969325153374
40 30 18 86	0.0006525285481239804 0.012269938650306749
40 30 18 95	0.00016168148746968473 0.006134969325153374
40 30 27 86	0.00477326968973747 0.012269938650306749
40 30 83 86	0.0006525285481239804 0.012269938650306749
40 30 83 95	0.00016170763260025875 0.006134969325153374
40 30 85 67	0.014084507042253521 0.006134969325153374
40 30 85 69	0.06976744186046512 0.018404907975460124
40 30 85 120	0.6666666666666666 0.024539877300613498
40 30 86	0.006600660066006601 0.012269938650306749
40 30 92 86	0.00468384074941452 0.012269938650306749
40 30 126	0.017241379310344827 0.006134969325153374
40 77 12 105	0.0007918620941706767 0.006134969325153374
40 77 20 86	0.013368983957219251 0.012269938650306749
40 77 20 126	0.046153846153846156 0.006134969325153374
40 77 46 111	1.7926222837290845e-06 0.006134969325153374
40 77 67	0.015873015873015872 0.006134969325153374
40 77 96	1.0 0.006134969325153374
40 77 120	1.0 0.024539877300613498
40 93 30 86	0.006802721088435374 0.012269938650306749
40 99 18 86	0.0013698630136986301 0.006134969325153374
40 99 27 86	0.017543859649122806 0.006134969325153374
40 99 83 86	0.0013698630136986301 0.006134969325153374
40 99 85 69	0.14285714285714285 0.006134969325153374
40 99 85 120	1.0 0.006134969325153374
40 99 92 86	0.015384615384615385 0.006134969325153374
40 104 20 86	0.0038948393378773127 0.012269938650306749
40 104 20 126	0.01138353765323993 0.006134969325153374
40 104 37 111	4.2462845010615714e-05 0.006134969325153374
40 104 39 105	0.0011719403984597355 0.006134969325153374
40 104 40 105	0.00028649190660363845 0.006134969325153374
40 104 46 111	3.2807255324515017e-06 0.012269938650306749
40 105	0.001037344398340249 0.006134969325153374
40 105 6 71	2.6902331086988688e-05 0.012269938650306749
40 105 12 105	0.0007132667617689016 0.006134969325153374
40 105 20 86	0.004521613311629589 0.012269938650306749
40 105 20 126	0.013626040878122634 0.006134969325153374
40 105 39 105	0.0002604675392329231 0.006134969325153374
40 105 39 126	0.0005200208008320333 0.006134969325153374
40 105 40 105	0.000633149800036867 0.006134969325153374
40 105 45 110	0.00011167257600714705 0.024539877300613498
40 105 46 111	1.036868785875255e-05 0.024539877300613498
40 105 55 120	1.0 0.05521472392638037
40 105 67	0.006153846153846154 0.012269938650306749
40 105 69	0.16666666666666666 0.03067484662576687
40 105 96	0.6666666666666666 0.012269938650306749
40 105 120	0.9354838709677419 0.17791411042944785
40 117 81 69	0.058823529411764705 0.006134969325153374
40 117 81 120	0.3333333333333333 0.006134969325153374
40 122 46 111	2.1629571950771093e-05 0.006134969325153374
40 126 21 86	0.0035852178709321566 0.012269938650306749
40 126 61 105	0.0006080259424402108 0.006134969325153374
41 106 120	1.0 0.006134969325153374
43 81 46 111	1.0086695144769292e-05 0.006134969325153374
43 81 120	0.5 0.006134969325153374
43 108 20 86	0.0029542097488921715 0.006134969325153374
43 108 23 67	0.08823529411764706 0.018404907975460124
43 108 67	0.058823529411764705 0.006134969325153374
43 108 69	0.15625 0.03067484662576687
43 108 120	0.6666666666666666 0.03680981595092025
44 6 71	0.006644518272425249 0.006134969325153374
44 6 71 96	0.22580645161290322 0.006134969325153374
44 6 71 120	0.7368421052631579 0.024539877300613498
44 12 126	0.02631578947368421 0.006134969325153374
44 40 126	0.021739130434782608 0.006134969325153374
44 44 6 71	0.0007722007722007722 0.006134969325153374
44 44 109 96	0.5 0.006134969325153374
44 44 109 120	0.5 0.024539877300613498
44 46 111	2.4438524890637603e-05 0.006134969325153374
44 46 111 96	0.02962962962962963 0.006134969325153374
44 46 111 120	0.15454545454545454 0.03067484662576687
44 109 6 71	0.006191950464396285 0.006134969325153374
44 109 12 126	0.023809523809523808 0.006134969325153374
44 109 40 126	0.017543859649122806 0.006134969325153374
44 109 44 96	0.75 0.006134969325153374
44 109 44 120	0.6666666666666666 0.024539877300613498
44 109 69	0.09090909090909091 0.006134969325153374
44 109 96	0.8333333333333334 0.006134969325153374
44 109 109 96	0.14285714285714285 0.006134969325153374
44 109 109 120	0.8 0.024539877300613498
44 109 120	0.8214285714285714 0.04294478527607362
45 110 12 126	0.0028694404591104736 0.006134969325153374
45 110 39 126	0.003991403131716303 0.006134969325153374
45 110 40 126	0.001564333202972233 0.006134969325153374
45 110 44 67	0.3333333333333333 0.006134969325153374
45 110 67	0.01904761904761905 0.006134969325153374
45 110 69	0.034482758620689655 0.006134969325153374
45 110 115 67	0.06666666666666667 0.006134969325153374
45 110 120	1.0 0.006134969325153374
45 110 121 126	0.02564102564102564 0.006134969325153374
46 102 12 126	0.0024390243902439024 0.006134969325153374
46 102 20 86	0.0004662004662004662 0.012269938650306749
46 102 35 100	1.289424143177657e-05 0.006134969325153374
46 102 40 126	0.0018484288354898336 0.006134969325153374
46 102 120	0.5 0.006134969325153374
46 111 6 71	3.2671828989896824e-06 0.049079754601226995
46 111 12 86	0.0001494634262995845 0.012269938650306749
46 111 12 95	4.9809478743804945e-05 0.006134969325153374
46 111 12 105	1.9745358915091256e-05 0.012269938650306749
46 111 12 126	0.0006903312209197973 0.05521472392638037
46 111 20 86	0.00010285915133951023 0.024539877300613498
46 111 20 95	3.281646341434274e-05 0.012269938650306749
46 111 20 126	3.249897628224711e-06 0.006134969325153374
46 111 23 67	0.0011622501162250117 0.04294478527607362
46 111 23 120	0.15 0.012269938650306749
46 111 35 100	1.7619347103974773e-06 0.012269938650306749
46 111 36 127	0.0002741367231523693 0.006134969325153374
46 111 37 71	5.881488016468166e-06 0.006134969325153374
46 111 37 102	1.011287996618253e-06 0.006134969325153374
46 111 39 86	4.510599909788002e-05 0.006134969325153374
46 111 39 95	6.759192501802451e-05 0.006134969325153374
46 111 39 105	1.0629375981224271e-05 0.006134969325153374
46 111 39 117	6.956360432221862e-05 0.006134969325153374
46 111 39 126	0.0007715618710539535 0.03680981595092025
46 111 40 86	8.785609172175975e-05 0.012269938650306749
46 111 40 95	6.720204294210544e-05 0.006134969325153374
46 111 40 105	1.2310071632480211e-05 0.006134969325153374
46 111 40 117	1.4252932540870284e-05 0.006134969325153374
46 111 40 126	0.0006028544726609823 0.06134969325153374
46 111 43 86	0.0021691973969631237 0.006134969325153374
46 111 44 67	0.002407152682255846 0.006134969325153374
46 111 44 120	0.10091743119266056 0.012269938650306749
46 111 46 111	4.87261456869949e-08 0.03067484662576687
46 111 49 114	4.254061033013641e-06 0.006134969325153374
46 111 50 67	0.001004706255618423 0.018404907975460124
46 111 50 69	0.010279001468428781 0.012269938650306749
46 111 50 120	0.1044776119402985 0.012269938650306749
46 111 57 126	0.0009164852789552068 0.03067484662576687
46 111 62 127	0.00041164968611711434 0.006134969325153374
46 111 67	0.00029396994157347413 0.04294478527607362
46 111 69	0.004774535809018567 0.05521472392638037
46 111 88 67	0.0010761045017038322 0.024539877300613498
46 111 88 120	0.15 0.012269938650306749
46 111 96	0.03225806451612903 0.012269938650306749
46 111 109 67	0.007194244604316547 0.006134969325153374
46 111 109 96	0.01809954751131222 0.006134969325153374
46 111 109 120	0.0861244019138756 0.03067484662576687
46 111 115 67	0.001172252103158185 0.012269938650306749
46 111 115 69	0.011608623548922056 0.012269938650306749
46 111 115 120	0.08661417322834646 0.024539877300613498
46 111 120	0.16937553464499572 0.2883435582822086
50 46 111 67	0.0007239770472462059 0.012269938650306749
50 46 111 69	0.0021141649048625794 0.012269938650306749
50 46 111 120	0.04918032786885246 0.024539877300613498
50 50 50 67	0.1111111111111111 0.006134969325153374
50 50 67	0.25 0.006134969325153374
50 50 69	0.3333333333333333 0.012269938650306749
50 50 115 67	0.1111111111111111 0.006134969325153374
50 50 120	1.0 0.012269938650306749
50 67	0.1111111111111111 0.006134969325153374
50 67 2 67	0.06329113924050633 0.006134969325153374
50 67 2 69	0.15384615384615385 0.006134969325153374
50 67 2 120	1.0 0.006134969325153374
50 67 4 67	0.25 0.006134969325153374
50 67 4 69	0.2 0.006134969325153374
50 67 4 120	1.0 0.006134969325153374
50 67 6 71	0.0022081148219707425 0.012269938650306749
50 67 55 67	0.25 0.006134969325153374
50 67 55 120	1.0 0.006134969325153374
50 67 61 126	0.014492753623188406 0.006134969325153374
50 115 67	0.2 0.006134969325153374
50 115 69	0.3333333333333333 0.012269938650306749
50 115 115 67	0.1111111111111111 0.006134969325153374
50 115 120	1.0 0.024539877300613498
51 87 39 126	0.0012755102040816326 0.006134969325153374
51 87 40 126	0.0012422360248447205 0.006134969325153374
51 116 12 126	0.0010585210948132466 0.018404907975460124
51 116 35 100	1.4057619370274882e-06 0.012269938650306749
51 116 36 127	0.00027078256160303275 0.006134969325153374
51 116 39 126	0.0010057602633263235 0.006134969325153374
51 116 40 126	0.0005933837709538644 0.006134969325153374
51 116 44 67	0.012195121951219513 0.006134969325153374
51 116 44 120	0.1111111111111111 0.006134969325153374
51 116 46 111	2.874015104961187e-07 0.012269938650306749
51 116 67	0.0013614703880190605 0.006134969325153374
51 116 69	0.015228426395939087 0.018404907975460124
51 116 115 67	0.0034129692832764505 0.006134969325153374
51 116 120	0.20833333333333334 0.12269938650306748
57 122 20 86	0.00292924361542735 0.006134969325153374
57 122 69	0.09090909090909091 0.006134969325153374
57 122 120	1.0 0.006134969325153374
62 127 96	0.5 0.006134969325153374
62 127 120	0.5 0.03067484662576687
67	0.05660377358490566 0.018404907975460124
67 2 20 86	0.0015308075009567547 0.012269938650306749
67 2 23 67	0.07352941176470588 0.024539877300613498
67 2 23 120	1.0 0.006134969325153374
67 2 35 100	3.032968366139941e-05 0.006134969325153374
67 2 40 105	0.0013692377909630307 0.006134969325153374
67 2 50 67	0.05 0.006134969325153374
67 2 50 69	0.13333333333333333 0.006134969325153374
67 2 50 120	1.0 0.006134969325153374
67 2 67	0.016028955532574975 0.024539877300613498
67 2 69	0.2 0.03067484662576687
67 2 88 67	0.03508771929824561 0.006134969325153374
67 2 88 120	1.0 0.006134969325153374
67 2 96	1.0 0.006134969325153374
67 2 115 67	0.07092198581560284 0.006134969325153374
67 2 115 69	0.16666666666666666 0.006134969325153374
67 2 115 120	1.0 0.006134969325153374
67 2 120	0.8785714285714286 0.19631901840490798
67 4 50 67	0.08571428571428572 0.006134969325153374
67 4 67	0.05714285714285714 0.012269938650306749
67 4 69	0.09375 0.018404907975460124
67 4 96	1.0 0.006134969325153374
67 4 115 67	0.2 0.006134969325153374
67 4 120	0.8181818181818182 0.04294478527607362
67 6 71	0.00036041808497857517 0.03067484662576687
67 21 34 126	0.004273504273504274 0.006134969325153374
67 21 85 120	0.18181818181818182 0.012269938650306749
67 21 86	0.0012353304508956147 0.012269938650306749
67 55 23 67	1.0 0.006134969325153374
67 55 50 67	0.2 0.006134969325153374
67 55 67	0.17647058823529413 0.018404907975460124
67 55 69	0.3333333333333333 0.012269938650306749
67 55 88 67	1.0 0.006134969325153374
67 55 115 67	0.2 0.006134969325153374
67 55 120	0.75 0.018404907975460124
67 61 105 67	0.0008841732979664014 0.006134969325153374
67 61 117 126	0.0045045045045045045 0.006134969325153374
67 61 126	0.002890173410404624 0.012269938650306749
69	0.2631578947368421 0.09202453987730061
69 2 6 71	0.0003588087549336204 0.006134969325153374
69 2 12 126	0.007017543859649123 0.012269938650306749
69 2 20 86	0.003107734806629834 0.018404907975460124
69 2 20 126	0.014331210191082803 0.006134969325153374
69 2 40 126	0.007928642220019821 0.006134969325153374
69 2 50 67	0.08080808080808081 0.006134969325153374
69 2 50 69	0.21428571428571427 0.006134969325153374
69 2 50 120	1.0 0.006134969325153374
69 2 67	0.1060965954077593 0.0736196319018405
69 2 69	0.15625 0.018404907975460124
69 2 88 69	0.12903225806451613 0.018404907975460124
69 2 88 120	0.5714285714285714 0.018404907975460124
69 2 96	1.0 0.006134969325153374
69 2 115 67	0.11428571428571428 0.006134969325153374
69 2 115 69	0.13636363636363635 0.006134969325153374
69 2 120	0.47368421052631576 0.04294478527607362
69 4 20 86	0.0037326094333220224 0.018404907975460124
69 4 23 67	0.14615384615384616 0.018404907975460124
69 4 50 67	0.14285714285714285 0.006134969325153374
69 4 67	0.13157894736842105 0.012269938650306749
69 4 69	0.09473684210526316 0.09202453987730061
69 4 96	1.0 0.006134969325153374
69 4 115 67	0.14285714285714285 0.006134969325153374
69 4 120	0.9142857142857143 0.147239263803681
69 6 71	0.002558880359287691 0.09815950920245399
69 21 18 86	0.0011199137251648762 0.018404907975460124
69 21 27 86	0.0020937349009502336 0.018404907975460124
69 21 83 86	0.0011189854531891085 0.018404907975460124
69 21 85 67	0.0030241935483870967 0.012269938650306749
69 21 85 69	0.02 0.024539877300613498
69 21 85 120	0.41379310344827586 0.024539877300613498
69 21 86	0.003181095205635083 0.024539877300613498
69 21 92 86	0.002084335417668751 0.018404907975460124
69 21 95 126	0.011235955056179775 0.006134969325153374
69 21 126	0.0045351473922902496 0.006134969325153374
69 55 20 86	0.004754358161648178 0.018404907975460124
69 55 20 126	0.0125 0.006134969325153374
69 55 23 67	0.16666666666666666 0.018404907975460124
69 55 50 67	0.1111111111111111 0.006134969325153374
69 55 67	0.15384615384615385 0.012269938650306749
69 55 69	0.3953488372093023 0.09202453987730061
69 55 115 67	0.1111111111111111 0.006134969325153374
69 55 120	1.0 0.09815950920245399
69 61 30 86	0.011450381679389313 0.012269938650306749
69 61 34 126	0.006006006006006006 0.012269938650306749
69 61 52 126	0.01171875 0.006134969325153374
69 61 77 67	0.017902813299232736 0.012269938650306749
69 61 85 67	0.010638297872340425 0.006134969325153374
69 61 86	0.004914004914004914 0.012269938650306749
69 61 99 86	0.0012445550715619166 0.012269938650306749
69 61 99 126	0.007633587786259542 0.006134969325153374
69 61 105 67	0.017496635262449527 0.012269938650306749
69 61 117 126	0.007207207207207207 0.012269938650306749
69 61 126	0.012471655328798186 0.03067484662576687
88 20 85 67	0.014598540145985401 0.006134969325153374
88 20 86	0.02 0.006134969325153374
88 23 20 86	0.02 0.006134969325153374
88 23 67	0.2 0.006134969325153374
88 23 88 67	1.0 0.006134969325153374
88 23 120	1.0 0.018404907975460124
88 24 89 120	0.5 0.006134969325153374
88 46 111 67	0.00023798191337458352 0.006134969325153374
88 46 111 120	0.0379746835443038 0.012269938650306749
88 67	1.0 0.006134969325153374
88 67 21 86	0.02 0.006134969325153374
88 67 55 120	1.0 0.006134969325153374
88 88 20 86	0.02 0.006134969325153374
88 88 67	0.2 0.006134969325153374
88 88 88 67	1.0 0.006134969325153374
88 88 120	1.0 0.018404907975460124
96	0.4444444444444444 0.024539877300613498
96 6 71	0.011933174224343675 0.024539877300613498
96 6 71 96	0.25 0.006134969325153374
96 6 71 120	0.2 0.006134969325153374
96 31 6 71	0.011029411764705883 0.012269938650306749
96 31 96	0.2903225806451613 0.024539877300613498
96 31 120	1.0 0.04294478527607362
96 37 102	0.03225806451612903 0.006134969325153374
96 38 103	0.004166666666666667 0.006134969325153374
96 55 6 71	0.009345794392523364 0.012269938650306749
96 55 96	0.4444444444444444 0.024539877300613498
96 55 120	1.0 0.04294478527607362
96 61 126	0.019801980198019802 0.012269938650306749
109 6 71	0.001040582726326743 0.006134969325153374
109 6 71 96	0.021739130434782608 0.006134969325153374
109 6 71 120	1.0 0.024539877300613498
109 44 6 71	0.0005567153792623522 0.006134969325153374
109 44 44 120	1.0 0.006134969325153374
109 44 96	1.0 0.006134969325153374
109 44 109 96	0.11764705882352941 0.006134969325153374
109 44 109 120	0.6153846153846154 0.024539877300613498
109 44 120	1.0 0.03680981595092025
109 46 111 120	0.06735751295336788 0.012269938650306749
109 51 116 120	0.061224489795918366 0.006134969325153374
109 109 44 120	1.0 0.006134969325153374
110 45 96	1.0 0.006134969325153374
110 45 120	1.0 0.006134969325153374
110 58 45 96	1.0 0.006134969325153374
110 58 45 120	1.0 0.006134969325153374
110 123 45 96	1.0 0.006134969325153374
110 123 45 120	1.0 0.006134969325153374
115 46 111 67	0.0010659297275957362 0.012269938650306749
115 46 111 69	0.0031645569620253164 0.012269938650306749
115 46 111 120	0.024390243902439025 0.012269938650306749
115 50 50 67	0.1111111111111111 0.006134969325153374
115 50 67	0.25 0.006134969325153374
115 50 69	0.3333333333333333 0.012269938650306749
115 50 115 67	0.1111111111111111 0.006134969325153374
115 50 120	1.0 0.012269938650306749
115 62 127 67	0.16666666666666666 0.006134969325153374
115 67	0.1111111111111111 0.006134969325153374
115 67 2 67	0.06329113924050633 0.006134969325153374
115 67 2 69	0.15384615384615385 0.006134969325153374
115 67 2 120	1.0 0.006134969325153374
115 67 4 67	0.25 0.006134969325153374
115 67 4 69	0.2 0.006134969325153374
115 67 4 120	1.0 0.006134969325153374
115 67 6 71	0.0022081148219707425 0.012269938650306749
115 67 55 67	0.25 0.006134969325153374
115 67 55 69	0.25 0.006134969325153374
115 67 55 120	1.0 0.006134969325153374
115 67 61 126	0.014492753623188406 0.006134969325153374
115 115 50 67	0.1111111111111111 0.006134969325153374
115 115 67	0.25 0.006134969325153374
115 115 69	0.3333333333333333 0.012269938650306749
115 115 120	1.0 0.012269938650306749
120	1.0 1.0
120 2 12 126	0.007792207792207792 0.012269938650306749
120 2 20 86	0.007653061224489796 0.024539877300613498
120 2 20 126	0.025252525252525252 0.006134969325153374
120 2 23 67	0.07142857142857142 0.006134969325153374
120 2 23 120	1.0 0.006134969325153374
120 2 40 126	0.006018054162487462 0.018404907975460124
120 2 50 67	0.09523809523809523 0.006134969325153374
120 2 50 69	0.25 0.006134969325153374
120 2 50 120	1.0 0.006134969325153374
120 2 67	0.21756487025948104 0.13496932515337423
120 2 69	0.2222222222222222 0.012269938650306749
120 2 88 69	0.15151515151515152 0.018404907975460124
120 2 88 120	0.6 0.024539877300613498
120 2 115 67	0.10810810810810811 0.006134969325153374
120 2 115 120	1.0 0.006134969325153374
120 2 120	0.75 0.018404907975460124
120 4 20 126	0.0125 0.006134969325153374
120 4 23 67	0.16666666666666666 0.018404907975460124
120 4 50 67	0.1111111111111111 0.006134969325153374
120 4 67	0.14285714285714285 0.012269938650306749
120 4 69	0.391304347826087 0.09202453987730061
120 4 115 67	0.1111111111111111 0.006134969325153374
120 4 120	1.0 0.09815950920245399
120 6 71	0.017241379310344827 0.24539877300613497
120 6 71 96	0.09090909090909091 0.012269938650306749
120 6 71 120	0.16129032258064516 0.03067484662576687
120 10 75	0.03571428571428571 0.006134969325153374
120 21 34 126	0.004166666666666667 0.012269938650306749
120 21 85 67	0.005338078291814947 0.024539877300613498
120 21 85 120	0.3076923076923077 0.024539877300613498
120 21 86	0.005269320843091335 0.049079754601226995
120 21 95 126	0.031746031746031744 0.006134969325153374
120 21 117 126	0.08333333333333333 0.006134969325153374
120 21 126	0.005813953488372093 0.006134969325153374
120 30 34 117	0.029935275080906147 0.04294478527607362
120 30 95	0.026099872683547885 0.38650306748466257
120 30 95 117	0.03541823662396383 0.05521472392638037
120 31 6 71	0.009345794392523364 0.012269938650306749
120 31 96	0.4444444444444444 0.024539877300613498
120 31 120	1.0 0.04294478527607362
120 33	0.15 0.012269938650306749
120 33 55 120	0.9166666666666666 0.06748466257668712
120 33 98	0.17136150234741784 0.24539877300613497
120 33 98 33	0.020833333333333332 0.012269938650306749
120 37 102	0.05263157894736842 0.012269938650306749
120 38 103	0.004166666666666667 0.006134969325153374
120 40 105	0.021505376344086023 0.012269938650306749
120 40 105 120	1.0 0.05521472392638037
120 45 110	1.0 0.024539877300613498
120 46 111	0.0008756056272254977 0.04294478527607362
120 49 114	0.038461538461538464 0.006134969325153374
120 52 30 95	0.005437297547431745 0.10429447852760736
120 52 52 117	0.03098827470686767 0.04294478527607362
120 52 99 95	0.004421077787071335 0.04294478527607362
120 52 117	0.12198973549151204 0.25153374233128833
120 52 117 117	0.039445628997867806 0.04294478527607362
120 55 6 71	0.005567928730512249 0.012269938650306749
120 55 12 86	0.002967359050445104 0.006134969325153374
120 55 20 86	0.0038535645472061657 0.024539877300613498
120 55 20 126	0.007936507936507936 0.006134969325153374
120 55 23 67	0.1935483870967742 0.024539877300613498
120 55 40 105	0.005131128848346636 0.006134969325153374
120 55 50 67	0.1111111111111111 0.006134969325153374
120 55 67	0.024390243902439025 0.018404907975460124
120 55 69	0.1875 0.09202453987730061
120 55 96	0.5833333333333334 0.024539877300613498
120 55 115 67	0.1111111111111111 0.006134969325153374
120 55 120	0.9597701149425287 1.0
120 55 120 33	0.2006079027355623 0.012269938650306749
120 55 120 98	1.0 0.05521472392638037
120 61 30 86	0.05128205128205128 0.006134969325153374
120 61 34 126	0.0045045045045045045 0.006134969325153374
120 61 52 86	0.023809523809523808 0.006134969325153374
120 61 52 126	0.002638522427440633 0.006134969325153374
120 61 77 67	0.0057692307692307696 0.012269938650306749
120 61 85 67	0.032679738562091505 0.006134969325153374
120 61 86	0.017241379310344827 0.006134969325153374
120 61 99 86	0.0009652509652509653 0.012269938650306749
120 61 99 126	0.001890359168241966 0.006134969325153374
120 61 104 120	0.16666666666666666 0.006134969325153374
120 61 105 67	0.00631578947368421 0.018404907975460124
120 61 117 126	0.0045045045045045045 0.006134969325153374
120 61 126	0.021384928716904276 0.08588957055214724
120 98	1.0 0.03680981595092025
120 98 33	1.0 0.012269938650306749
120 98 33 98	1.0 0.03680981595092025
120 98 55 120	1.0 0.049079754601226995
