6 71	0.0007168458781362007 0.013245033112582781
6 71 6 71	0.00041869925608643675 0.019867549668874173
6 71 10	0.0014058106841611997 0.013245033112582781
6 71 10 97	0.005398773006134969 0.019867549668874173
6 71 12 93	0.0073964497041420114 0.006622516556291391
6 71 14 79	0.02564102564102564 0.006622516556291391
6 71 14 97	0.2 0.006622516556291391
6 71 28 93	0.009987515605493134 0.019867549668874173
6 71 29 94	0.003067484662576687 0.006622516556291391
6 71 32 97	0.006121313299944352 0.013245033112582781
6 71 39 93	0.00625 0.006622516556291391
6 71 40 93	0.006889763779527559 0.019867549668874173
6 71 53 93	0.006179196704428424 0.006622516556291391
6 71 79	0.03636363636363636 0.006622516556291391
6 71 97	0.5294117647058824 0.033112582781456956
10	1.0 0.006622516556291391
10 6 71	0.0018399264029438822 0.006622516556291391
10 6 71 10	0.0012091898428053204 0.006622516556291391
10 6 71 97	0.2 0.006622516556291391
10 14 10	1.0 0.006622516556291391
10 14 79	1.0 0.006622516556291391
10 14 97	1.0 0.006622516556291391
10 28 93	0.058823529411764705 0.006622516556291391
10 30 95	0.014084507042253521 0.006622516556291391
10 32 10	1.0 0.006622516556291391
10 32 79	1.0 0.006622516556291391
10 32 97	1.0 0.006622516556291391
10 75 10	1.0 0.006622516556291391
10 75 79	1.0 0.006622516556291391
10 75 97	1.0 0.006622516556291391
14 6 71 10	0.01694915254237288 0.006622516556291391
14 10 75 79	0.1 0.006622516556291391
14 10 97	1.0 0.006622516556291391
14 28 93 97	0.14285714285714285 0.006622516556291391
14 28 118 97	0.2 0.006622516556291391
14 29 94 97	0.0196078431372549 0.006622516556291391
14 32 97 97	0.17647058823529413 0.006622516556291391
14 41 106 10	0.0025188916876574307 0.006622516556291391
14 41 106 79	0.125 0.006622516556291391
14 46 111 10	0.0016910935738444193 0.006622516556291391
14 53 93 97	0.14285714285714285 0.006622516556291391
14 53 118 97	0.2 0.006622516556291391
14 75 6 71	7.377714384083811e-05 0.006622516556291391
14 75 10	0.0045045045045045045 0.006622516556291391
14 75 10 97	0.10025929127052723 0.006622516556291391
14 79 6 71	0.0008733624454148472 0.006622516556291391
14 79 14 97	0.2 0.006622516556291391
14 79 75 10	0.015151515151515152 0.006622516556291391
14 79 75 79	0.14285714285714285 0.006622516556291391
14 79 97	1.0 0.019867549668874173
14 97	0.2 0.006622516556291391
14 97 6 71	0.001644736842105263 0.006622516556291391
14 97 32 97	0.06382978723404255 0.006622516556291391
14 97 75 10	0.11764705882352941 0.006622516556291391
14 108 43 97	0.2 0.006622516556291391
17 82	0.017857142857142856 0.033112582781456956
17 82 17 82	0.017857142857142856 0.033112582781456956
17 82 25 90	0.014671814671814672 0.033112582781456956
17 82 28 93	0.005639097744360902 0.013245033112582781
17 82 28 124	0.023809523809523808 0.006622516556291391
17 82 30 95	0.0009332711152589828 0.039735099337748346
17 82 32 97	0.01020408163265306 0.033112582781456956
17 82 53 93	0.008048289738430584 0.013245033112582781
17 82 59 124	0.017006802721088437 0.019867549668874173
17 82 97	0.14285714285714285 0.052980132450331126
20 1 66 95	0.013605442176870748 0.006622516556291391
20 15 80 95	0.012552301255230125 0.006622516556291391
20 18 18 95	0.0009729814214283778 0.006622516556291391
20 18 83 95	0.0008605892188302675 0.006622516556291391
20 27 92 95	0.0096051227321238 0.006622516556291391
20 34 93	0.058823529411764705 0.006622516556291391
20 45 110 95	0.0009133462724055258 0.006622516556291391
20 66 39 93	0.058823529411764705 0.006622516556291391
20 77 12 95	0.014084507042253521 0.006622516556291391
20 83 18 95	0.0008729277218949571 0.006622516556291391
20 83 83 95	0.0008694091142296199 0.006622516556291391
20 83 92 95	0.0006238303181534623 0.006622516556291391
20 85 10	0.07142857142857142 0.006622516556291391
20 85 12 93	0.04065040650406504 0.006622516556291391
20 85 12 95	0.014084507042253521 0.006622516556291391
20 85 20 95	0.01326198515340265 0.006622516556291391
20 85 39 93	0.05801236329053733 0.006622516556291391
20 85 40 93	0.057692307692307696 0.006622516556291391
20 85 79	0.5 0.006622516556291391
20 85 97	1.0 0.006622516556291391
20 86 6 71	0.0005804504295333178 0.006622516556291391
20 86 21 95	0.011811023622047244 0.006622516556291391
20 86 30 95	0.014084507042253521 0.006622516556291391
20 86 61 93	0.05714285714285714 0.006622516556291391
20 92 18 95	0.0012819018762382007 0.006622516556291391
20 92 92 95	0.009113504556752278 0.006622516556291391
20 95	0.014084507042253521 0.006622516556291391
20 95 6 71	0.000892379082634303 0.006622516556291391
20 95 14 97	1.0 0.006622516556291391
20 95 21 95	0.014084507042253521 0.006622516556291391
20 95 28 93	0.0576271186440678 0.006622516556291391
20 95 30 95	0.013645973476840285 0.006622516556291391
20 95 52 93	0.058823529411764705 0.006622516556291391
20 95 93	0.05 0.006622516556291391
20 105 40 95	0.014084507042253521 0.006622516556291391
20 108 20 95	0.014084507042253521 0.006622516556291391
20 117 93	0.058823529411764705 0.006622516556291391
21 15 80 95	0.014084507042253521 0.006622516556291391
21 18 18 95	0.0016501650165016502 0.006622516556291391
21 18 83 95	0.0016501650165016502 0.006622516556291391
21 27 83 95	0.0006407518154634772 0.006622516556291391
21 34 93	0.3333333333333333 0.006622516556291391
21 34 93 97	1.0 0.006622516556291391
21 34 118 97	1.0 0.006622516556291391
21 83 18 95	0.0016501650165016502 0.006622516556291391
21 85 20 95	0.006100126209507783 0.006622516556291391
21 85 39 93	0.16990291262135923 0.006622516556291391
21 85 40 93	0.3253012048192771 0.006622516556291391
21 86 25 90	0.5 0.006622516556291391
21 86 30 95	0.02631578947368421 0.006622516556291391
21 86 97	1.0 0.006622516556291391
21 95 30 95	0.009846827133479213 0.006622516556291391
21 95 93	0.3333333333333333 0.006622516556291391
21 95 118 97	1.0 0.006622516556291391
21 117 30 95	0.012195121951219513 0.006622516556291391
21 117 93	0.3333333333333333 0.006622516556291391
25 90	0.0234375 0.059602649006622516
25 90 17 82	0.027131782945736434 0.06622516556291391
25 90 25 90	0.022606191504679626 0.059602649006622516
25 90 28 93	0.014778325123152709 0.052980132450331126
25 90 28 124	0.044444444444444446 0.013245033112582781
25 90 29 94	0.0136986301369863 0.039735099337748346
25 90 30 95	0.00037168440614968745 0.026490066225165563
25 90 32	0.007518796992481203 0.006622516556291391
25 90 32 97	0.07804878048780488 0.09933774834437085
25 90 53 93	0.00437636761487965 0.013245033112582781
25 90 53 118	0.0049261083743842365 0.013245033112582781
25 90 59 93	0.034482758620689655 0.013245033112582781
25 90 59 124	0.02459016393442623 0.046357615894039736
25 90 75 10	0.10167597765363129 0.1986754966887417
25 90 97	0.3114754098360656 0.6026490066225165
25 90 97 32	0.021806853582554516 0.033112582781456956
25 90 97 97	0.1320754716981132 0.033112582781456956
28 27 27 93	0.01694915254237288 0.006622516556291391
28 27 30 95	0.020080321285140562 0.006622516556291391
28 27 92 93	0.034013605442176874 0.033112582781456956
28 27 92 117	0.11627906976744186 0.013245033112582781
28 27 104 45	0.25 0.006622516556291391
28 30 27 95	0.00031826861871419476 0.006622516556291391
28 30 34 93	0.019469026548672566 0.019867549668874173
28 30 34 117	0.02702702702702703 0.006622516556291391
28 30 85 10	0.031578947368421054 0.006622516556291391
28 30 86 97	1.0 0.006622516556291391
28 30 95	0.01002004008016032 0.033112582781456956
28 30 95 93	0.02097902097902098 0.019867549668874173
28 30 95 97	0.7 0.046357615894039736
28 30 95 117	0.027210884353741496 0.006622516556291391
28 30 117 93	0.026923076923076925 0.019867549668874173
28 30 121	0.5 0.006622516556291391
28 52 34 93	0.023195876288659795 0.019867549668874173
28 52 34 117	0.02912621359223301 0.006622516556291391
28 52 95	0.01948051948051948 0.019867549668874173
28 52 95 93	0.02631578947368421 0.019867549668874173
28 52 95 97	1.0 0.019867549668874173
28 52 95 117	0.031746031746031744 0.006622516556291391
28 52 117 93	0.02631578947368421 0.026490066225165563
28 52 117 117	0.023076923076923078 0.006622516556291391
28 52 118 97	0.5 0.006622516556291391
28 52 121	1.0 0.006622516556291391
28 56 30 95	0.006993006993006993 0.006622516556291391
28 56 121 117	0.6666666666666666 0.013245033112582781
28 77 6 71	6.161429451632779e-05 0.013245033112582781
28 77 10	0.011111111111111112 0.006622516556291391
28 77 10 97	0.043243243243243246 0.046357615894039736
28 77 12 93	0.013673945304218784 0.052980132450331126
28 77 12 117	0.050616197183098594 0.019867549668874173
28 77 12 118	0.0027789653698161608 0.006622516556291391
28 77 20 95	0.008226691042047532 0.026490066225165563
28 77 39 93	0.011379800853485065 0.019867549668874173
28 77 39 117	0.03482587064676617 0.019867549668874173
28 77 40 93	0.02040816326530612 0.046357615894039736
28 77 40 117	0.09465020576131687 0.019867549668874173
28 77 57 117	0.022222222222222223 0.006622516556291391
28 77 79	0.1111111111111111 0.006622516556291391
28 92 27 93	0.015873015873015872 0.006622516556291391
28 92 30 95	0.020080321285140562 0.006622516556291391
28 92 92 93	0.017241379310344827 0.006622516556291391
28 92 92 117	0.2 0.013245033112582781
28 93	0.03636363636363636 0.052980132450331126
28 93 6 71	0.001202458359312372 0.09933774834437085
28 93 14 79	0.15384615384615385 0.026490066225165563
28 93 17 82	0.02142857142857143 0.026490066225165563
28 93 25 90	0.017361111111111112 0.026490066225165563
28 93 28 93	0.016481410502108086 0.052980132450331126
28 93 28 117	0.03924646781789639 0.019867549668874173
28 93 28 124	0.07407407407407407 0.013245033112582781
28 93 30 95	0.014736120630568882 0.039735099337748346
28 93 32 97	0.09791983764586504 0.3509933774834437
28 93 33 97	0.5057471264367817 0.2913907284768212
28 93 53 93	0.016304347826086956 0.019867549668874173
28 93 56 117	0.6666666666666666 0.013245033112582781
28 93 59 93	0.08333333333333333 0.013245033112582781
28 93 59 124	0.13333333333333333 0.026490066225165563
28 93 75 10	0.046381243628950054 0.2052980132450331
28 93 75 79	0.12 0.013245033112582781
28 93 97	0.5555555555555556 0.48344370860927155
28 93 97 32	0.025 0.026490066225165563
28 93 98 97	0.5 0.006622516556291391
28 99 34 93	0.021879021879021878 0.019867549668874173
28 99 34 117	0.030303030303030304 0.006622516556291391
28 99 95	0.004431314623338257 0.019867549668874173
28 99 95 93	0.019572953736654804 0.019867549668874173
28 99 95 97	0.35714285714285715 0.033112582781456956
28 99 117 93	0.023017902813299233 0.019867549668874173
28 99 121	1.0 0.006622516556291391
28 104 6 71	0.00034780880453145184 0.052980132450331126
28 104 10 97	0.25 0.033112582781456956
28 104 12 93	0.011142061281337047 0.019867549668874173
28 104 12 117	0.03804347826086957 0.019867549668874173
28 104 20 95	0.01496363585699557 0.033112582781456956
28 104 20 121	0.9104477611940298 0.006622516556291391
28 104 39 93	0.02319562740212836 0.052980132450331126
28 104 39 117	0.03356481481481482 0.019867549668874173
28 104 39 118	0.011793520767299222 0.006622516556291391
28 104 40 93	0.023412985759111753 0.033112582781456956
28 104 40 117	0.01802721088435374 0.019867549668874173
28 104 40 118	0.013755833947433063 0.013245033112582781
28 104 43 97	0.20833333333333334 0.033112582781456956
28 104 45	0.015555555555555555 0.006622516556291391
28 104 45 32	0.2692307692307692 0.006622516556291391
28 104 57 93	0.01053864168618267 0.013245033112582781
28 104 57 117	0.03333333333333333 0.006622516556291391
28 105 6 71	0.0003899965875298591 0.11258278145695365
28 105 10	0.01809954751131222 0.019867549668874173
28 105 10 97	0.18904109589041096 0.33774834437086093
28 105 12 93	0.020558002936857563 0.046357615894039736
28 105 12 117	0.12209302325581395 0.019867549668874173
28 105 16	0.002926829268292683 0.006622516556291391
28 105 16 97	0.11538461538461539 0.006622516556291391
28 105 20 95	0.011846361474689917 0.033112582781456956
28 105 20 121	0.84 0.006622516556291391
28 105 23 10	0.05263157894736842 0.006622516556291391
28 105 23 79	0.14285714285714285 0.006622516556291391
28 105 39 93	0.023546546911032893 0.033112582781456956
28 105 39 117	0.018767705382436262 0.019867549668874173
28 105 39 118	0.014079147640791476 0.006622516556291391
28 105 40 93	0.018339734938925222 0.052980132450331126
28 105 40 117	0.03849944156100125 0.019867549668874173
28 105 40 118	0.0059785973290881755 0.006622516556291391
28 105 79	0.125 0.006622516556291391
28 105 88 79	0.14285714285714285 0.006622516556291391
28 117	0.04838709677419355 0.019867549668874173
28 117 28 93	0.024844720496894408 0.019867549668874173
28 117 30 95	0.027939464493597205 0.019867549668874173
28 117 30 121	1.0 0.006622516556291391
28 117 32 97	0.7777777777777778 0.019867549668874173
28 117 32 110	1.0 0.006622516556291391
28 117 45 97	1.0 0.013245033112582781
28 117 45 110	1.0 0.006622516556291391
28 117 52 93	0.0189873417721519 0.033112582781456956
28 117 52 117	0.02040816326530612 0.019867549668874173
28 117 81 16	0.04819277108433735 0.006622516556291391
28 117 97	1.0 0.006622516556291391
28 117 110 45	0.12059158134243458 0.006622516556291391
28 118	0.005 0.006622516556291391
28 118 6 71	0.00013719303059404582 0.019867549668874173
28 118 10 97	0.02626970227670753 0.039735099337748346
28 118 17 82	0.035 0.019867549668874173
28 118 28 93	0.01875 0.019867549668874173
28 118 28 117	0.019230769230769232 0.006622516556291391
28 118 40 93	0.05 0.006622516556291391
28 118 53 93	0.012212212212212211 0.033112582781456956
28 118 53 117	0.03379416282642089 0.019867549668874173
28 118 53 118	0.002528199144301828 0.006622516556291391
28 118 97	0.45 0.059602649006622516
28 121 28 117	0.6666666666666666 0.013245033112582781
28 121 56 117	0.2647058823529412 0.019867549668874173
28 121 93	1.0 0.006622516556291391
28 121 124 97	1.0 0.006622516556291391
28 122 39 93	0.010676156583629894 0.013245033112582781
28 122 39 117	0.03684210526315789 0.006622516556291391
28 122 57 93	0.010638297872340425 0.013245033112582781
28 122 57 117	0.03832752613240418 0.006622516556291391
28 124	0.14285714285714285 0.006622516556291391
28 124 17 82	0.016666666666666666 0.006622516556291391
28 124 28 124	0.4 0.013245033112582781
28 124 32 97	0.043478260869565216 0.006622516556291391
28 124 59 124	0.06451612903225806 0.006622516556291391
28 124 97	0.3333333333333333 0.006622516556291391
28 126 2 10	0.04 0.013245033112582781
28 126 2 16	0.006342494714587738 0.006622516556291391
28 126 61 93	0.010204775835090822 0.033112582781456956
28 126 61 117	0.05387685290763968 0.019867549668874173
29 94	0.04878048780487805 0.026490066225165563
29 94 6 71	0.004403313680125382 0.09933774834437085
29 94 25 90	0.003787878787878788 0.006622516556291391
29 94 29 94	0.05125 0.026490066225165563
29 94 32 97	0.1919889502762431 0.2980132450331126
29 94 53 93	0.05263157894736842 0.052980132450331126
29 94 75 10	0.08857509627727857 0.2052980132450331
29 94 97	0.38735177865612647 0.3443708609271523
29 102 6 71	0.000972908247268373 0.059602649006622516
29 102 37 94	0.037037037037037035 0.026490066225165563
30 1 66 95	0.04205607476635514 0.033112582781456956
30 3 68 95	0.022727272727272728 0.019867549668874173
30 15 80 95	0.0030081650193382035 0.046357615894039736
30 15 100 10	0.014354066985645933 0.006622516556291391
30 18 18 95	0.00236232401865933 0.07947019867549669
30 18 18 121	0.22763538481853313 0.006622516556291391
30 18 27 95	0.0010058001139906796 0.07947019867549669
30 18 83 95	0.002268337528966515 0.07947019867549669
30 18 83 121	0.19251498456704608 0.006622516556291391
30 18 85 125	0.030303030303030304 0.006622516556291391
30 18 92 95	0.0009780269935450218 0.07947019867549669
30 18 92 121	0.03289473684210526 0.006622516556291391
30 19 84 95	0.011682242990654205 0.039735099337748346
30 27 18 95	0.00228310502283105 0.07947019867549669
30 27 27 95	0.004870546013842604 0.07947019867549669
30 27 27 121	0.4090909090909091 0.006622516556291391
30 27 83 95	0.0022764377198831887 0.07947019867549669
30 27 92 95	0.004931091161967379 0.07947019867549669
30 33 98 95	0.018518518518518517 0.026490066225165563
30 34 30 95	0.00589622641509434 0.059602649006622516
30 34 56 95	0.02857142857142857 0.006622516556291391
30 34 93	0.041666666666666664 0.019867549668874173
30 34 93 97	0.4166666666666667 0.033112582781456956
30 34 99 95	0.009959257582616569 0.07947019867549669
30 34 118	0.014084507042253521 0.006622516556291391
30 34 118 97	0.5 0.033112582781456956
30 45 110 95	0.0010743573568837723 0.07947019867549669
30 51 116 95	0.02631578947368421 0.006622516556291391
30 56 121 95	0.0016233766233766235 0.013245033112582781
30 77 12 95	0.008828847994894161 0.0728476821192053
30 77 20 95	0.010135135135135136 0.06622516556291391
30 77 20 121	0.75 0.006622516556291391
30 77 43	0.08695652173913043 0.013245033112582781
30 83 18 95	0.00230632789974799 0.07947019867549669
30 83 18 121	0.25861467839730984 0.006622516556291391
30 83 27 95	0.001122892571263575 0.07947019867549669
30 83 83 95	0.002108674402251736 0.07947019867549669
30 83 83 121	0.30671570831851036 0.006622516556291391
30 83 85 125	0.030303030303030304 0.006622516556291391
30 83 92 95	0.0010982804066775448 0.07947019867549669
30 85 6 71	3.919969894631209e-05 0.006622516556291391
30 85 10	0.023809523809523808 0.006622516556291391
30 85 10 97	0.008021390374331552 0.013245033112582781
30 85 12 93	0.030783582089552237 0.026490066225165563
30 85 12 95	0.008200922603792926 0.06622516556291391
30 85 20 95	0.0068943367333771126 0.07947019867549669
30 85 20 121	0.7959034381858083 0.006622516556291391
30 85 39 93	0.05041308379699882 0.026490066225165563
30 85 39 95	0.004152712659075687 0.06622516556291391
30 85 39 118	0.052226027397260275 0.006622516556291391
30 85 40 93	0.05695142378559464 0.026490066225165563
30 85 40 95	0.015599343185550082 0.052980132450331126
30 85 40 118	0.04370860927152318 0.006622516556291391
30 85 43	0.0020491803278688526 0.013245033112582781
30 85 43 97	0.18518518518518517 0.033112582781456956
30 85 125	0.5 0.006622516556291391
30 85 125 97	1.0 0.013245033112582781
30 86 6 71	1.727652810891123e-05 0.006622516556291391
30 86 10	0.02631578947368421 0.006622516556291391
30 86 10 97	0.10294117647058823 0.006622516556291391
30 86 21 95	0.010489638462495699 0.07947019867549669
30 86 21 121	0.7142857142857143 0.006622516556291391
30 86 30 95	0.022334597555836493 0.06622516556291391
30 86 53 93	0.050359712230215826 0.013245033112582781
30 86 53 95	0.006060606060606061 0.006622516556291391
30 86 61 95	0.007332071901608325 0.06622516556291391
30 92 18 95	0.002307744519106767 0.07947019867549669
30 92 27 95	0.0045173919590423125 0.07947019867549669
30 92 83 95	0.0022964697406340057 0.07947019867549669
30 92 92 95	0.005049572017981402 0.07947019867549669
30 93 30 95	0.02857142857142857 0.006622516556291391
30 95	0.0071301247771836 0.07947019867549669
30 95 17 82	0.027083333333333334 0.033112582781456956
30 95 21 95	0.021792763157894735 0.06622516556291391
30 95 25 90	0.029197080291970802 0.026490066225165563
30 95 28 93	0.05200945626477541 0.026490066225165563
30 95 30 95	0.0013163966196886 0.07947019867549669
30 95 30 121	0.6635514018691588 0.006622516556291391
30 95 32 97	0.13068181818181818 0.07947019867549669
30 95 33 97	1.0 0.006622516556291391
30 95 52 93	0.0639269406392694 0.019867549668874173
30 95 52 95	0.024261603375527425 0.039735099337748346
30 95 53 93	0.04455445544554455 0.013245033112582781
30 95 56 95	0.02830188679245283 0.019867549668874173
30 95 59 124	0.30612244897959184 0.039735099337748346
30 95 75 10	0.038461538461538464 0.006622516556291391
30 95 93	0.08333333333333333 0.026490066225165563
30 95 93 97	0.875 0.046357615894039736
30 95 97	1.0 0.09271523178807947
30 95 99 95	0.005991611743559017 0.059602649006622516
30 95 104 10	0.125 0.006622516556291391
30 95 108 125	0.5 0.006622516556291391
30 95 118	0.02 0.006622516556291391
30 95 118 97	0.8333333333333334 0.033112582781456956
30 95 121 124	0.09090909090909091 0.006622516556291391
30 95 124	0.2857142857142857 0.039735099337748346
30 95 124 97	1.0 0.059602649006622516
30 104 20 95	0.004836193447737909 0.06622516556291391
30 104 39 95	0.006513105639396347 0.07947019867549669
30 104 40 93	0.05555555555555555 0.006622516556291391
30 105 10 97	0.5 0.006622516556291391
30 105 20 95	0.0125605993829881 0.052980132450331126
30 105 39 93	0.043478260869565216 0.006622516556291391
30 105 40 95	0.014411817690506215 0.0728476821192053
30 117 30 95	0.021711366538952746 0.039735099337748346
30 117 33 95	0.023076923076923078 0.019867549668874173
30 117 52 95	0.023545706371191136 0.039735099337748346
30 117 93	0.1 0.013245033112582781
30 117 118	0.07142857142857142 0.006622516556291391
30 118 10 97	1.0 0.006622516556291391
30 118 21 95	0.006060606060606061 0.006622516556291391
30 121	0.5 0.006622516556291391
30 121 25 90	0.02564102564102564 0.006622516556291391
30 121 30 95	0.02830188679245283 0.019867549668874173
30 121 56 95	0.02830188679245283 0.019867549668874173
30 122 20 95	0.014035087719298246 0.026490066225165563
30 126 21 95	0.0106651376146789 0.06622516556291391
30 126 61 93	0.0023752969121140144 0.006622516556291391
30 126 61 95	0.007772752967778406 0.07947019867549669
32 25 90	0.007692307692307693 0.006622516556291391
32 25 90 97	0.010769230769230769 0.026490066225165563
32 28 93 97	0.011299435028248588 0.026490066225165563
32 28 93 110	1.0 0.006622516556291391
32 28 104 45	0.07954545454545454 0.006622516556291391
32 28 105 10	0.03333333333333333 0.019867549668874173
32 28 117	0.3333333333333333 0.006622516556291391
32 29 94 97	0.018979833926453145 0.046357615894039736
32 75 6 71	0.00023825090590751433 0.039735099337748346
32 75 10	0.0033134526176275677 0.026490066225165563
32 75 10 97	0.03343176545032694 0.0728476821192053
32 75 12 93	0.02040816326530612 0.013245033112582781
32 75 53 93	0.0029354207436399216 0.006622516556291391
32 97	0.00975609756097561 0.019867549668874173
32 97 6 71	0.0005027736345506042 0.039735099337748346
32 97 14 79	0.005434782608695652 0.006622516556291391
32 97 14 97	0.15 0.039735099337748346
32 97 17 82	0.011764705882352941 0.013245033112582781
32 97 25 90	0.007142857142857143 0.006622516556291391
32 97 28 93	0.004895960832313341 0.019867549668874173
32 97 28 124	0.125 0.013245033112582781
32 97 30 95	0.001091703056768559 0.033112582781456956
32 97 32 97	0.03069178304644365 0.052980132450331126
32 97 32 110	1.0 0.006622516556291391
32 97 33 97	0.005813953488372093 0.013245033112582781
32 97 45 97	0.5 0.006622516556291391
32 97 45 110	1.0 0.006622516556291391
32 97 52 117	0.3333333333333333 0.006622516556291391
32 97 53 118	0.004454342984409799 0.006622516556291391
32 97 59 124	0.13725490196078433 0.039735099337748346
32 97 75 10	0.008125577100646353 0.052980132450331126
32 97 75 79	0.020833333333333332 0.013245033112582781
32 97 79 97	0.3333333333333333 0.013245033112582781
32 97 97	0.25203252032520324 0.1456953642384106
32 97 110 45	0.2872628726287263 0.006622516556291391
32 98 6 71	0.00034498620055197794 0.019867549668874173
32 98 32 97	0.005813953488372093 0.013245033112582781
32 98 33 97	0.005813953488372093 0.013245033112582781
32 98 75 10	0.002066115702479339 0.013245033112582781
32 98 97	0.125 0.006622516556291391
32 108 20 95	0.010256410256410256 0.026490066225165563
32 110	1.0 0.006622516556291391
32 110 32 97	0.6666666666666666 0.006622516556291391
32 110 32 110	1.0 0.006622516556291391
32 110 45 97	0.5 0.006622516556291391
32 110 45 110	1.0 0.006622516556291391
32 110 52 117	0.3333333333333333 0.006622516556291391
32 110 110 45	0.2872628726287263 0.006622516556291391
33 75 6 71	0.00026431506355575847 0.006622516556291391
33 75 10 97	0.01862401402278703 0.006622516556291391
33 97 6 71	0.0011580775911986102 0.006622516556291391
33 97 97	0.08333333333333333 0.006622516556291391
33 98 6 71	0.0009199632014719411 0.006622516556291391
33 98 97	1.0 0.006622516556291391
35 80 34 93	0.05357142857142857 0.006622516556291391
35 80 83 95	0.0005246589716684155 0.006622516556291391
35 80 93	0.058823529411764705 0.006622516556291391
35 80 95	0.011235955056179775 0.006622516556291391
35 80 95 93	0.05263157894736842 0.006622516556291391
35 100 1 95	0.014084507042253521 0.006622516556291391
35 100 6 71	0.0005429864253393666 0.006622516556291391
35 100 10	0.07692307692307693 0.006622516556291391
35 100 12 93	0.04009433962264151 0.006622516556291391
35 100 20 95	0.010975270908585718 0.006622516556291391
35 100 39 93	0.05639020374562667 0.006622516556291391
35 100 40 93	0.05671537926235212 0.006622516556291391
35 100 79	0.3333333333333333 0.006622516556291391
35 100 97	1.0 0.006622516556291391
35 103 21 95	0.014084507042253521 0.006622516556291391
35 103 28 93	0.033707865168539325 0.006622516556291391
40 30 95	0.010869565217391304 0.006622516556291391
40 30 117 93	0.058823529411764705 0.006622516556291391
40 52 34 93	0.058823529411764705 0.006622516556291391
40 52 95	0.014084507042253521 0.006622516556291391
40 77 12 93	0.04569420035149385 0.006622516556291391
40 77 20 95	0.00929368029739777 0.006622516556291391
40 93	0.058823529411764705 0.006622516556291391
40 93 14 97	1.0 0.006622516556291391
40 93 28 93	0.058419243986254296 0.006622516556291391
40 93 30 95	0.013923013923013924 0.006622516556291391
40 99 85 97	1.0 0.006622516556291391
40 99 95	0.010869565217391304 0.006622516556291391
40 99 95 93	0.05263157894736842 0.006622516556291391
40 99 117 93	0.058823529411764705 0.006622516556291391
40 104 20 95	0.0133933472389944 0.006622516556291391
40 104 39 93	0.058823529411764705 0.006622516556291391
40 104 40 93	0.057602490918526206 0.006622516556291391
40 105 10	0.25 0.006622516556291391
40 105 20 95	0.010817645406012925 0.006622516556291391
40 105 39 93	0.05845181674565561 0.006622516556291391
40 105 40 93	0.058823529411764705 0.006622516556291391
40 105 79	1.0 0.006622516556291391
40 105 97	1.0 0.006622516556291391
40 117 52 93	0.058823529411764705 0.006622516556291391
40 118 21 95	0.014084507042253521 0.006622516556291391
40 118 30 95	0.014084507042253521 0.006622516556291391
40 118 53 93	0.058823529411764705 0.006622516556291391
40 122 57 93	0.058823529411764705 0.006622516556291391
40 126 21 95	0.014084507042253521 0.006622516556291391
40 126 61 93	0.039603960396039604 0.006622516556291391
46 106 6 71	0.0008613264427217916 0.006622516556291391
46 111 6 71	0.0010366314522930592 0.006622516556291391
46 111 10	0.0017574692442882249 0.006622516556291391
46 111 12 93	0.005211726384364821 0.006622516556291391
46 111 12 95	0.00036913990402362494 0.006622516556291391
46 111 20 95	0.0006926036229465876 0.006622516556291391
46 111 39 93	0.007521489971346705 0.006622516556291391
46 111 40 93	0.006505710568165389 0.006622516556291391
46 111 79	0.07407407407407407 0.006622516556291391
46 111 97	1.0 0.006622516556291391
52 27 27 117	0.25 0.006622516556291391
52 27 77 45	0.25 0.006622516556291391
52 27 92 117	0.3333333333333333 0.006622516556291391
52 27 104 45	0.2857142857142857 0.006622516556291391
52 56 121 117	0.3333333333333333 0.006622516556291391
52 77 12 117	0.22115384615384615 0.006622516556291391
52 77 40 117	0.3225806451612903 0.006622516556291391
52 93 28 117	0.3157894736842105 0.006622516556291391
52 93 56 117	0.3333333333333333 0.006622516556291391
52 93 97	0.5 0.006622516556291391
52 93 97 97	1.0 0.006622516556291391
52 93 110	1.0 0.006622516556291391
52 104 39 117	0.3272058823529412 0.006622516556291391
52 104 45	0.14583333333333334 0.006622516556291391
52 105 12 117	0.20408163265306123 0.006622516556291391
52 105 39 117	0.25 0.006622516556291391
52 105 40 117	0.313953488372093 0.006622516556291391
52 117	0.125 0.006622516556291391
52 117 28 117	0.14285714285714285 0.006622516556291391
52 117 32 97	0.6666666666666666 0.006622516556291391
52 117 32 110	1.0 0.006622516556291391
52 117 45 97	0.5 0.006622516556291391
52 117 52 117	0.08823529411764706 0.006622516556291391
52 117 97	1.0 0.013245033112582781
52 117 110 45	0.2853297442799462 0.006622516556291391
52 118 53 117	0.3333333333333333 0.006622516556291391
52 121 56 117	0.3076923076923077 0.006622516556291391
52 126 61 117	0.13175675675675674 0.006622516556291391
53 15 80 95	0.002073255010366275 0.019867549668874173
53 27 27 93	1.0 0.006622516556291391
53 27 30 95	0.0008375209380234506 0.006622516556291391
53 27 92 93	0.07547169811320754 0.013245033112582781
53 30 34 93	0.043137254901960784 0.019867549668874173
53 30 34 118	0.0205761316872428 0.013245033112582781
53 30 95	0.002577319587628866 0.026490066225165563
53 30 95 93	0.06147540983606557 0.026490066225165563
53 30 95 97	0.625 0.033112582781456956
53 30 95 118	0.034013605442176874 0.013245033112582781
53 30 117 93	0.09174311926605505 0.026490066225165563
53 30 117 118	0.019230769230769232 0.013245033112582781
53 30 121	1.0 0.006622516556291391
53 52 34 93	0.05625 0.019867549668874173
53 52 34 118	0.02040816326530612 0.013245033112582781
53 52 95	0.020689655172413793 0.019867549668874173
53 52 95 93	0.08547008547008547 0.026490066225165563
53 52 95 118	0.016666666666666666 0.013245033112582781
53 52 117 93	0.075 0.033112582781456956
53 52 117 118	0.03260869565217391 0.013245033112582781
53 52 121	1.0 0.006622516556291391
53 77 12 93	0.03064564117822077 0.026490066225165563
53 77 12 118	0.009705793145283591 0.013245033112582781
53 77 20 95	0.006983240223463687 0.026490066225165563
53 77 20 121	0.7894736842105263 0.006622516556291391
53 77 39 93	0.031007751937984496 0.019867549668874173
53 77 39 118	0.008032128514056224 0.006622516556291391
53 77 40 93	0.0430622009569378 0.026490066225165563
53 77 40 118	0.017937219730941704 0.013245033112582781
53 92 27 93	0.5 0.006622516556291391
53 92 92 93	1.0 0.006622516556291391
53 93	0.05555555555555555 0.026490066225165563
53 93 14 10	0.1 0.006622516556291391
53 93 17 82	0.03125 0.019867549668874173
53 93 25 90	0.043010752688172046 0.019867549668874173
53 93 28 93	0.03128313891834571 0.026490066225165563
53 93 28 118	0.009037745879851143 0.006622516556291391
53 93 30 95	0.02690909090909091 0.019867549668874173
53 93 30 121	1.0 0.006622516556291391
53 93 32 97	0.14948453608247422 0.059602649006622516
53 93 53 93	0.039473684210526314 0.019867549668874173
53 93 59 124	0.18181818181818182 0.013245033112582781
53 93 97	0.75 0.059602649006622516
53 99 34 93	0.05329153605015674 0.019867549668874173
53 99 34 118	0.020066889632107024 0.013245033112582781
53 99 95	0.0026437541308658294 0.026490066225165563
53 99 95 93	0.04721030042918455 0.019867549668874173
53 99 95 97	0.625 0.033112582781456956
53 99 95 118	0.01818181818181818 0.013245033112582781
53 99 95 124	0.0625 0.006622516556291391
53 99 117 93	0.055900621118012424 0.019867549668874173
53 99 117 118	0.0196078431372549 0.013245033112582781
53 99 121	1.0 0.006622516556291391
53 104 6 71	0.00025583626479053407 0.013245033112582781
53 104 10 97	0.8823529411764706 0.033112582781456956
53 104 20 95	0.0069293428181784675 0.026490066225165563
53 104 20 121	0.9959183673469387 0.006622516556291391
53 104 39 93	0.04427933344786119 0.026490066225165563
53 104 39 118	0.029406193768349277 0.013245033112582781
53 104 40 93	0.046339659847177715 0.026490066225165563
53 104 40 118	0.032126327252926766 0.013245033112582781
53 104 43 97	0.4166666666666667 0.033112582781456956
53 104 57 93	0.03164556962025317 0.019867549668874173
53 105 10 97	0.175 0.033112582781456956
53 105 12 93	0.036585365853658534 0.026490066225165563
53 105 12 118	0.01606425702811245 0.013245033112582781
53 105 20 95	0.006740999854248652 0.026490066225165563
53 105 20 121	0.9871794871794872 0.006622516556291391
53 105 39 93	0.04561999514680903 0.026490066225165563
53 105 39 118	0.031935047361299054 0.013245033112582781
53 105 40 93	0.039765319426336376 0.026490066225165563
53 105 40 118	0.017457942230082076 0.013245033112582781
53 105 57 93	0.5 0.006622516556291391
53 117 30 95	0.000984432089961948 0.026490066225165563
53 117 52 93	0.03235294117647059 0.019867549668874173
53 117 52 118	0.01407035175879397 0.013245033112582781
53 117 93 97	0.5 0.006622516556291391
53 118	0.02564102564102564 0.013245033112582781
53 118 10 97	0.06598984771573604 0.033112582781456956
53 118 17 82	0.025 0.019867549668874173
53 118 25 90	0.01646090534979424 0.026490066225165563
53 118 28 93	0.03773584905660377 0.019867549668874173
53 118 30 95	0.006262359920896506 0.026490066225165563
53 118 32 97	0.06060606060606061 0.026490066225165563
53 118 53 93	0.02852529601722282 0.026490066225165563
53 118 53 118	0.008333333333333333 0.013245033112582781
53 118 59 93	0.06896551724137931 0.013245033112582781
53 118 59 124	0.13725490196078433 0.026490066225165563
53 118 97	1.0 0.09933774834437085
53 121 56 93	0.05128205128205128 0.013245033112582781
53 121 56 118	0.0425531914893617 0.006622516556291391
53 121 124	0.2222222222222222 0.013245033112582781
53 121 124 97	0.6666666666666666 0.013245033112582781
53 122 39 93	0.03205128205128205 0.019867549668874173
53 122 40 93	0.3333333333333333 0.006622516556291391
53 122 57 93	0.031185031185031187 0.019867549668874173
53 126 21 95	0.0016181229773462784 0.019867549668874173
53 126 61 93	0.026590304765800776 0.026490066225165563
59 30 34 93	0.020202020202020204 0.013245033112582781
59 30 85 43	0.0033984706881903144 0.013245033112582781
59 30 85 125	0.5 0.006622516556291391
59 30 95	0.007159904534606206 0.059602649006622516
59 30 95 93	0.09090909090909091 0.019867549668874173
59 30 95 97	1.0 0.059602649006622516
59 30 95 124	0.34615384615384615 0.039735099337748346
59 30 121	1.0 0.006622516556291391
59 52 117 93	0.1 0.013245033112582781
59 56 30 95	0.002434570906877663 0.026490066225165563
59 56 93	0.09090909090909091 0.006622516556291391
59 56 93 97	1.0 0.006622516556291391
59 56 118	0.058823529411764705 0.006622516556291391
59 56 118 97	0.6666666666666666 0.013245033112582781
59 56 121 93	0.3333333333333333 0.006622516556291391
59 56 121 124	0.15625 0.026490066225165563
59 93	0.2 0.006622516556291391
59 93 17 82	0.025 0.006622516556291391
59 93 28 93	0.09090909090909091 0.013245033112582781
59 93 28 124	0.13333333333333333 0.013245033112582781
59 93 32 97	0.047619047619047616 0.006622516556291391
59 93 59 124	0.5 0.013245033112582781
59 93 97	0.3333333333333333 0.006622516556291391
59 124	0.21428571428571427 0.059602649006622516
59 124 17 82	0.022222222222222223 0.033112582781456956
59 124 25 90	0.01192504258943782 0.033112582781456956
59 124 28 93	0.057971014492753624 0.026490066225165563
59 124 28 124	0.14285714285714285 0.006622516556291391
59 124 30 95	0.012115967113803548 0.059602649006622516
59 124 32 97	0.21621621621621623 0.06622516556291391
59 124 53 93	0.028037383177570093 0.013245033112582781
59 124 53 118	0.03225806451612903 0.013245033112582781
59 124 59 93	0.2 0.006622516556291391
59 124 59 124	0.16494845360824742 0.06622516556291391
59 124 97	0.8518518518518519 0.10596026490066225
60 20 18 95	0.0008336807002917883 0.013245033112582781
60 20 85 125	0.4 0.006622516556291391
60 20 95	0.06666666666666667 0.013245033112582781
60 43 30 95	0.06666666666666667 0.013245033112582781
60 43 97	1.0 0.013245033112582781
60 43 108 125	0.5 0.006622516556291391
60 45 110 125	0.5 0.006622516556291391
60 125	0.5 0.006622516556291391
60 125 28 93	0.5 0.006622516556291391
60 125 32 97	1.0 0.013245033112582781
60 125 97	1.0 0.013245033112582781
75 1 66 10	0.047633804063924916 0.2119205298013245
75 1 66 79	0.08502024291497975 0.046357615894039736
75 6 71	0.0015865667216329673 0.24503311258278146
75 6 71 10	0.07504686434901159 0.5033112582781457
75 6 71 79	0.08729338842975207 0.06622516556291391
75 6 71 97	0.07119741100323625 0.019867549668874173
75 8 6 71	0.0009077705156136529 0.026490066225165563
75 8 40 93	0.022988505747126436 0.013245033112582781
75 10	0.06735266604303088 0.19205298013245034
75 10 6 71	0.0015664204811249875 0.19205298013245034
75 10 14 10	0.052083333333333336 0.033112582781456956
75 10 14 79	0.08571428571428572 0.052980132450331126
75 10 14 97	0.16666666666666666 0.013245033112582781
75 10 28 93	0.05941622519995845 0.15894039735099338
75 10 28 118	0.0036042754163559533 0.013245033112582781
75 10 29 94	0.05349601126231816 0.046357615894039736
75 10 32	0.007776049766718507 0.026490066225165563
75 10 32 97	0.16586013446961587 0.5231788079470199
75 10 33 97	0.08404966571155682 0.31125827814569534
75 10 53 93	0.035435992578849725 0.06622516556291391
75 10 75 10	0.0868852919424447 0.40397350993377484
75 10 75 79	0.053347280334728034 0.033112582781456956
75 10 79	0.06993006993006994 0.013245033112582781
75 10 79 14	0.1232876712328767 0.026490066225165563
75 10 79 97	0.8345323741007195 0.006622516556291391
75 10 97	0.6841924791404732 0.6423841059602649
75 10 97 14	0.0379746835443038 0.013245033112582781
75 10 97 32	0.12663975782038345 0.052980132450331126
75 10 97 97	0.18807339449541285 0.09271523178807947
75 10 98	0.6538461538461539 0.006622516556291391
75 10 98 97	0.05172413793103448 0.006622516556291391
75 12 77 10	0.0695970695970696 0.07947019867549669
75 12 93	0.03286384976525822 0.046357615894039736
75 12 93 97	0.2 0.052980132450331126
75 12 105 10	0.057692307692307696 0.09271523178807947
75 12 105 79	0.16666666666666666 0.019867549668874173
75 12 118	0.008097165991902834 0.013245033112582781
75 12 118 10	0.04395604395604396 0.052980132450331126
75 12 118 97	0.3 0.039735099337748346
75 16 81 10	0.047752808988764044 0.08609271523178808
75 20 18 95	0.00012206725404600833 0.039735099337748346
75 20 34 93	0.05116279069767442 0.07947019867549669
75 20 85 10	0.1217457886676876 0.11920529801324503
75 20 85 79	0.00684931506849315 0.006622516556291391
75 20 86 10	0.060498220640569395 0.046357615894039736
75 20 95	0.0018511662347278786 0.033112582781456956
75 20 95 97	0.06451612903225806 0.013245033112582781
75 21 95	0.003527336860670194 0.013245033112582781
75 21 95 97	0.4666666666666667 0.006622516556291391
75 23 6 71	0.0016635475150758993 0.026490066225165563
75 23 40 93	0.017543859649122806 0.006622516556291391
75 24 89 10	0.011235955056179775 0.026490066225165563
75 33 10 97	1.0 0.033112582781456956
75 35 80 95	0.00016088625341883288 0.026490066225165563
75 35 100 10	0.09941844364441983 0.18543046357615894
75 35 103 10	0.016 0.006622516556291391
75 36 101 10	0.04215851602023609 0.06622516556291391
75 37 94	0.057971014492753624 0.033112582781456956
75 37 94 97	0.2967741935483871 0.304635761589404
75 37 102 10	0.07178303519907675 0.2119205298013245
75 37 111 10	0.01899148657498363 0.026490066225165563
75 38 100 10	0.17647058823529413 0.006622516556291391
75 39 93	0.018018018018018018 0.013245033112582781
75 39 93 97	0.18292682926829268 0.033112582781456956
75 39 104 10	0.02564102564102564 0.013245033112582781
75 40 77 10	0.05172413793103448 0.0728476821192053
75 40 77 79	0.12 0.013245033112582781
75 40 93	0.029143897996357013 0.07947019867549669
75 40 93 97	0.3417085427135678 0.3443708609271523
75 40 95 97	0.3333333333333333 0.006622516556291391
75 40 105 10	0.048615800135043886 0.18543046357615894
75 40 105 79	0.1388888888888889 0.026490066225165563
75 40 118 10	0.027070063694267517 0.06622516556291391
75 40 118 97	0.5 0.039735099337748346
75 41 106 10	0.0775696620751646 0.3509933774834437
75 41 106 79	0.05891016200294551 0.039735099337748346
75 44 6 71	0.001069427214783762 0.0728476821192053
75 44 10	0.05434782608695652 0.033112582781456956
75 44 10 97	0.2077922077922078 0.33112582781456956
75 44 79	0.3333333333333333 0.006622516556291391
75 45 6 71	0.001570798115042262 0.07947019867549669
75 45 10	0.07142857142857142 0.033112582781456956
75 45 10 97	0.3645833333333333 0.31125827814569534
75 45 110 10	0.05 0.046357615894039736
75 46 102 10	0.07127794179671025 0.039735099337748346
75 46 111 10	0.058006697124998806 0.5033112582781457
75 46 111 43	0.0009809725158562367 0.019867549668874173
75 46 111 79	0.05121455067607993 0.12582781456953643
75 49 114 10	0.07692307692307693 0.026490066225165563
75 50 50 10	0.19230769230769232 0.033112582781456956
75 50 115 10	0.18421052631578946 0.039735099337748346
75 51 116 10	0.03795620437956204 0.07947019867549669
75 53 52 93	0.2857142857142857 0.006622516556291391
75 53 93	0.05605381165919283 0.09933774834437085
75 53 93 97	0.2898550724637681 0.052980132450331126
75 53 95 97	1.0 0.006622516556291391
75 53 105 10	0.1258741258741259 0.17218543046357615
75 53 105 79	0.0625 0.013245033112582781
75 53 118 10	0.08558558558558559 0.1390728476821192
75 53 118 97	0.43902439024390244 0.046357615894039736
75 58 6 71	0.0009852216748768472 0.006622516556291391
75 58 10 97	0.5 0.006622516556291391
75 67 2 10	0.09541984732824428 0.10596026490066225
75 73 6 71	0.0009077705156136529 0.026490066225165563
75 73 40 93	0.022988505747126436 0.013245033112582781
75 73 73 10	0.03225806451612903 0.013245033112582781
75 79	0.1 0.006622516556291391
75 79 6 71	0.008936550491510277 0.059602649006622516
75 79 28 93	0.02 0.006622516556291391
75 79 75 10	0.07643312101910828 0.019867549668874173
75 79 75 79	0.2 0.006622516556291391
75 79 97	1.0 0.006622516556291391
75 88 6 71	0.0016635475150758993 0.026490066225165563
75 98 10 97	1.0 0.033112582781456956
75 109 10	0.0625 0.026490066225165563
75 109 10 97	0.2490118577075099 0.3443708609271523
75 109 44 10	0.11347517730496454 0.039735099337748346
75 109 44 79	0.3333333333333333 0.006622516556291391
75 110 6 71	0.0010826416456153013 0.039735099337748346
75 110 10	0.125 0.026490066225165563
75 110 10 97	0.40773809523809523 0.31125827814569534
75 110 45 10	0.0660377358490566 0.046357615894039736
75 115 50 10	0.1282051282051282 0.033112582781456956
75 115 115 10	0.19230769230769232 0.033112582781456956
75 123 6 71	0.0012143290831815423 0.006622516556291391
75 123 10 97	0.5 0.006622516556291391
79	0.6666666666666666 0.013245033112582781
79 6 71	0.0018399264029438822 0.006622516556291391
79 14 10	1.0 0.006622516556291391
79 14 40 93	0.058823529411764705 0.006622516556291391
79 14 79	0.6666666666666666 0.013245033112582781
79 14 97	1.0 0.046357615894039736
79 28 93	0.058823529411764705 0.006622516556291391
79 30 95	0.014084507042253521 0.006622516556291391
79 32 10	1.0 0.006622516556291391
79 32 40 93	0.058823529411764705 0.006622516556291391
79 32 79	1.0 0.013245033112582781
79 32 97	0.06666666666666667 0.019867549668874173
79 75 10	0.47058823529411764 0.013245033112582781
79 75 79	1.0 0.006622516556291391
79 75 97	1.0 0.006622516556291391
79 97	1.0 0.006622516556291391
79 97 32 97	1.0 0.033112582781456956
79 97 75 10	0.4444444444444444 0.013245033112582781
81 1 66 16	0.014116318464144552 0.013245033112582781
81 1 66 43	0.025830258302583026 0.006622516556291391
81 6 71 16	0.007104795737122558 0.006622516556291391
81 8 16	0.14285714285714285 0.006622516556291391
81 8 16 97	1.0 0.006622516556291391
81 8 16 98	1.0 0.006622516556291391
81 10 28 117	0.13333333333333333 0.006622516556291391
81 12 77 16	0.01485148514851485 0.006622516556291391
81 12 117	0.045454545454545456 0.006622516556291391
81 16 28 117	0.13333333333333333 0.006622516556291391
81 16 81 16	0.000795277276481204 0.006622516556291391
81 16 97	0.9882352941176471 0.019867549668874173
81 16 98	0.9871794871794872 0.013245033112582781
81 16 108 16	0.025711159737417943 0.006622516556291391
81 24 89 16	0.001887555615477956 0.006622516556291391
81 39 77 16	0.023952095808383235 0.013245033112582781
81 39 105 16	0.011945392491467578 0.013245033112582781
81 40 77 16	0.02168021680216802 0.013245033112582781
81 40 93 97	0.05660377358490566 0.006622516556291391
81 40 105 16	0.009187907528156491 0.019867549668874173
81 40 117	0.015306122448979591 0.006622516556291391
81 41 106 16	0.0196078431372549 0.006622516556291391
81 43 81 16	0.0024125452352231603 0.013245033112582781
81 43 97	0.5 0.013245033112582781
81 43 98	0.75 0.013245033112582781
81 43 108 16	0.00530035335689046 0.006622516556291391
81 44 43 97	1.0 0.006622516556291391
81 44 43 98	1.0 0.006622516556291391
81 45 110 16	0.0016908552909680147 0.006622516556291391
81 45 110 43	0.001073345259391771 0.006622516556291391
81 46 111 16	0.010291169309561485 0.019867549668874173
81 46 111 43	0.0007264236606563757 0.006622516556291391
81 51 116 16	0.010131712259371834 0.013245033112582781
81 57 117	0.5 0.006622516556291391
81 67 2 16	0.04838709677419355 0.006622516556291391
81 73 16	0.14285714285714285 0.006622516556291391
81 73 16 97	1.0 0.006622516556291391
81 73 16 98	1.0 0.006622516556291391
91 26 91 65	1.0 0.006622516556291391
91 26 97	1.0 0.019867549668874173
91 26 97 33	0.4 0.006622516556291391
91 26 97 98	1.0 0.013245033112582781
91 26 98	1.0 0.019867549668874173
91 26 98 33	0.4 0.006622516556291391
91 26 98 98	1.0 0.013245033112582781
91 35 100 26	0.375 0.006622516556291391
91 35 100 65	1.0 0.006622516556291391
91 46 111 26	0.23529411764705882 0.006622516556291391
91 46 111 65	1.0 0.006622516556291391
91 49 114	0.009868421052631578 0.019867549668874173
91 49 114 26	0.036458333333333336 0.006622516556291391
91 49 114 33	0.2857142857142857 0.006622516556291391
91 49 114 65	1.0 0.006622516556291391
91 49 114 98	1.0 0.013245033112582781
91 58 26 97	1.0 0.019867549668874173
91 58 26 98	1.0 0.019867549668874173
91 58 49 114	0.009868421052631578 0.019867549668874173
91 58 65 98	1.0 0.013245033112582781
91 65	1.0 0.006622516556291391
91 65 0 26	0.3 0.006622516556291391
91 65 0 65	1.0 0.006622516556291391
91 65 32 97	1.0 0.019867549668874173
91 65 32 98	1.0 0.019867549668874173
91 65 33 97	1.0 0.019867549668874173
91 65 33 98	1.0 0.019867549668874173
91 65 49 114	0.009868421052631578 0.019867549668874173
91 65 91 26	0.4 0.006622516556291391
91 65 91 65	1.0 0.006622516556291391
91 65 98	1.0 0.013245033112582781
91 65 98 33	0.5 0.006622516556291391
91 123 26 97	1.0 0.019867549668874173
91 123 49 114	0.009868421052631578 0.019867549668874173
91 123 58 65	1.0 0.006622516556291391
91 123 65	1.0 0.006622516556291391
97	1.0 1.0
97 0 26	0.3 0.006622516556291391
97 0 26 97	1.0 0.019867549668874173
97 0 26 98	1.0 0.019867549668874173
97 0 49 114	0.009868421052631578 0.019867549668874173
97 0 58 65	1.0 0.006622516556291391
97 0 65	1.0 0.006622516556291391
97 0 65 98	1.0 0.013245033112582781
97 6 71	0.009274324764074195 0.2913907284768212
97 6 71 10	0.1414059325477448 0.423841059602649
97 6 71 79	0.16272189349112426 0.06622516556291391
97 6 71 97	0.02666666666666667 0.013245033112582781
97 14	0.037037037037037035 0.006622516556291391
97 14 6 71	0.011620536657511091 0.11258278145695365
97 14 10	0.6666666666666666 0.10596026490066225
97 14 10 97	0.3333333333333333 0.006622516556291391
97 14 12 93	0.5714285714285714 0.026490066225165563
97 14 20 95	0.013513513513513514 0.006622516556291391
97 14 32 97	0.6617647058823529 0.2847682119205298
97 14 40 93	0.2 0.052980132450331126
97 14 75 10	0.5758928571428571 0.07947019867549669
97 14 79	0.7297297297297297 0.17218543046357615
97 14 97	0.42857142857142855 0.019867549668874173
97 17 82	0.09444444444444444 0.11920529801324503
97 17 82 32	0.024691358024691357 0.013245033112582781
97 17 82 97	0.04861111111111111 0.033112582781456956
97 25 90	0.057291666666666664 0.12582781456953643
97 25 90 32	0.01951219512195122 0.006622516556291391
97 25 90 97	0.1724137931034483 0.09933774834437085
97 28 30 95	0.008576329331046312 0.052980132450331126
97 28 52 95	0.010706638115631691 0.033112582781456956
97 28 52 118	0.010101010101010102 0.006622516556291391
97 28 56 118	0.2 0.013245033112582781
97 28 77 10	0.1875 0.08609271523178808
97 28 77 79	0.11764705882352941 0.019867549668874173
97 28 93	0.16095380029806258 0.36423841059602646
97 28 93 32	0.047244094488188976 0.026490066225165563
97 28 93 97	0.5992063492063492 0.3576158940397351
97 28 99 95	0.005591054313099041 0.059602649006622516
97 28 104 10	0.24545454545454545 0.0728476821192053
97 28 105 10	0.23203592814371257 0.17218543046357615
97 28 105 79	0.26666666666666666 0.039735099337748346
97 28 118	0.018376722817764167 0.033112582781456956
97 28 118 10	0.1636904761904762 0.12582781456953643
97 28 118 97	0.2465753424657534 0.0728476821192053
97 28 121 124	0.02564102564102564 0.006622516556291391
97 28 124	0.2727272727272727 0.019867549668874173
97 28 124 32	0.4 0.013245033112582781
97 28 124 97	0.25 0.006622516556291391
97 29 94	0.11347517730496454 0.052980132450331126
97 29 94 97	0.38935574229691877 0.304635761589404
97 30 18 95	0.0006562602540664698 0.052980132450331126
97 30 27 95	0.00015717092337917484 0.013245033112582781
97 30 34 93	0.04142011834319527 0.0728476821192053
97 30 34 118	0.015337423312883436 0.026490066225165563
97 30 77 43	0.06363636363636363 0.019867549668874173
97 30 83 95	0.0006558452205279554 0.052980132450331126
97 30 85 10	0.09148936170212765 0.08609271523178808
97 30 85 43	0.0024894199651481204 0.039735099337748346
97 30 85 97	0.2 0.006622516556291391
97 30 85 125	0.2857142857142857 0.006622516556291391
97 30 92 95	0.00015467904098994585 0.013245033112582781
97 30 95	0.008955223880597015 0.17218543046357615
97 30 95 32	0.05952380952380952 0.019867549668874173
97 30 95 93	0.06666666666666667 0.046357615894039736
97 30 95 97	0.575 0.08609271523178808
97 30 95 118	0.03896103896103896 0.033112582781456956
97 30 95 124	0.21686746987951808 0.059602649006622516
97 30 117 93	0.056179775280898875 0.026490066225165563
97 30 121	0.3333333333333333 0.006622516556291391
97 32	0.023391812865497075 0.026490066225165563
97 32 6 71	0.0007168458781362007 0.013245033112582781
97 32 10	1.0 0.006622516556291391
97 32 14 97	0.6 0.039735099337748346
97 32 17 82	0.021875 0.033112582781456956
97 32 25 90	0.040467625899280574 0.059602649006622516
97 32 28 93	0.175990675990676 0.12582781456953643
97 32 28 117	0.045112781954887216 0.026490066225165563
97 32 28 124	0.08333333333333333 0.006622516556291391
97 32 29 94	0.1115569823434992 0.039735099337748346
97 32 30 95	0.010613751730503 0.08609271523178808
97 32 32 97	0.1253616200578592 0.48344370860927155
97 32 32 110	1.0 0.013245033112582781
97 32 52 117	0.2727272727272727 0.019867549668874173
97 32 53 93	0.05070422535211268 0.08609271523178808
97 32 53 118	0.013966480446927373 0.026490066225165563
97 32 59 93	0.16666666666666666 0.006622516556291391
97 32 59 124	0.27419354838709675 0.06622516556291391
97 32 60 125	0.5 0.006622516556291391
97 32 75 10	0.17340912446478665 0.304635761589404
97 32 79	0.3 0.019867549668874173
97 32 91 65	1.0 0.006622516556291391
97 32 97	0.8374816983894583 1.0
97 32 97 14	0.04988913525498891 0.013245033112582781
97 32 97 32	0.13910696761530914 0.033112582781456956
97 32 97 33	0.08823529411764706 0.006622516556291391
97 32 97 97	0.17082785808147175 0.0728476821192053
97 32 97 98	0.11320754716981132 0.013245033112582781
97 32 98	0.9206349206349206 0.046357615894039736
97 32 98 33	0.08695652173913043 0.006622516556291391
97 32 98 98	1.0 0.013245033112582781
97 32 108 16	0.017543859649122806 0.006622516556291391
97 32 110	1.0 0.013245033112582781
97 33	0.2222222222222222 0.006622516556291391
97 33 0 26	0.3 0.006622516556291391
97 33 0 65	1.0 0.006622516556291391
97 33 32 97	1.0 0.019867549668874173
97 33 32 98	1.0 0.019867549668874173
97 33 33 97	1.0 0.019867549668874173
97 33 33 98	1.0 0.019867549668874173
97 33 49 114	0.009868421052631578 0.019867549668874173
97 33 91 26	0.28169014084507044 0.006622516556291391
97 33 91 65	1.0 0.006622516556291391
97 33 97	1.0 0.3443708609271523
97 33 97 33	0.3157894736842105 0.006622516556291391
97 33 97 97	0.16666666666666666 0.013245033112582781
97 33 97 98	0.8571428571428571 0.013245033112582781
97 33 98	1.0 0.046357615894039736
97 33 98 33	0.3870967741935484 0.006622516556291391
97 33 98 98	1.0 0.013245033112582781
97 33 108 16	0.02531645569620253 0.006622516556291391
97 45 28 117	0.5 0.019867549668874173
97 45 97	0.75 0.019867549668874173
97 45 97 32	0.16666666666666666 0.006622516556291391
97 45 97 97	1.0 0.013245033112582781
97 45 110	1.0 0.013245033112582781
97 49 114	0.009868421052631578 0.019867549668874173
97 49 114 26	0.036458333333333336 0.006622516556291391
97 49 114 33	0.2857142857142857 0.006622516556291391
97 49 114 65	1.0 0.006622516556291391
97 49 114 98	1.0 0.013245033112582781
97 52 93 97	0.46153846153846156 0.026490066225165563
97 52 93 110	0.031914893617021274 0.013245033112582781
97 52 104 45	0.0958904109589041 0.013245033112582781
97 52 105 16	0.008982035928143712 0.006622516556291391
97 52 117	0.3888888888888889 0.033112582781456956
97 52 117 97	1.0 0.013245033112582781
97 53 30 95	0.0030816640986132513 0.033112582781456956
97 53 93	0.10256410256410256 0.07947019867549669
97 53 99 95	0.003076923076923077 0.033112582781456956
97 53 104 10	0.2894736842105263 0.046357615894039736
97 53 117 93	0.1 0.006622516556291391
97 53 118	0.14383561643835616 0.12582781456953643
97 53 118 32	0.06896551724137931 0.006622516556291391
97 53 118 97	0.2777777777777778 0.033112582781456956
97 53 121 93	0.6666666666666666 0.006622516556291391
97 53 121 124	0.2777777777777778 0.019867549668874173
97 56 95	0.028169014084507043 0.013245033112582781
97 56 121	1.0 0.006622516556291391
97 59 30 95	0.00819672131147541 0.0728476821192053
97 59 56 93	0.024390243902439025 0.006622516556291391
97 59 56 118	0.10204081632653061 0.019867549668874173
97 59 93	0.5 0.013245033112582781
97 59 93 97	0.2 0.006622516556291391
97 59 124	0.4915254237288136 0.1390728476821192
97 59 124 32	0.14893617021276595 0.026490066225165563
97 59 124 97	0.4857142857142857 0.0728476821192053
97 60 20 95	0.06666666666666667 0.013245033112582781
97 60 125	0.5 0.006622516556291391
97 60 125 97	1.0 0.013245033112582781
97 75 6 71	0.005190837872830438 0.24503311258278146
97 75 10	0.5936132983377078 0.5695364238410596
97 75 10 32	0.04247104247104247 0.046357615894039736
97 75 10 79	0.4387755102040816 0.006622516556291391
97 75 10 97	0.484419844198442 0.5231788079470199
97 75 12 93	0.1188118811881188 0.10596026490066225
97 75 20 95	0.003389830508474576 0.052980132450331126
97 75 37 94	0.13043478260869565 0.019867549668874173
97 75 39 93	0.08047690014903129 0.11258278145695365
97 75 39 118	0.017350157728706624 0.019867549668874173
97 75 40 93	0.11654135338345864 0.17218543046357615
97 75 45 10	0.4157303370786517 0.0728476821192053
97 75 53 93	0.11258955987717502 0.09271523178807947
97 75 53 118	0.016406890894175553 0.013245033112582781
97 75 79	0.5161290322580645 0.08609271523178808
97 75 97	1.0 0.006622516556291391
97 75 109 10	0.25 0.06622516556291391
97 79	0.25 0.006622516556291391
97 79 14	1.0 0.026490066225165563
97 81 16	0.7446808510638298 0.019867549668874173
97 81 40 117	0.047619047619047616 0.006622516556291391
97 91 26	0.4 0.006622516556291391
97 91 26 98	1.0 0.013245033112582781
97 91 49 114	0.009433962264150943 0.019867549668874173
97 91 65	1.0 0.006622516556291391
97 91 65 98	1.0 0.013245033112582781
97 97	0.14814814814814814 0.026490066225165563
97 97 17 82	0.1 0.052980132450331126
97 97 25 90	0.07547169811320754 0.026490066225165563
97 97 28 93	0.1 0.07947019867549669
97 97 30 95	0.0029171528588098016 0.013245033112582781
97 97 32	0.7948717948717948 0.11258278145695365
97 97 32 97	0.48161764705882354 0.46357615894039733
97 97 32 110	1.0 0.006622516556291391
97 97 45 110	1.0 0.006622516556291391
97 97 52 117	0.6666666666666666 0.013245033112582781
97 97 53 118	0.6666666666666666 0.013245033112582781
97 97 59 93	1.0 0.013245033112582781
97 97 59 124	0.4117647058823529 0.026490066225165563
97 97 75 10	0.275 0.13245033112582782
97 97 110 45	0.2872628726287263 0.006622516556291391
97 98	0.6666666666666666 0.013245033112582781
97 98 32 97	1.0 0.019867549668874173
97 98 32 98	1.0 0.019867549668874173
97 98 33	0.6 0.013245033112582781
97 98 33 97	0.8571428571428571 0.019867549668874173
97 98 33 98	0.9090909090909091 0.019867549668874173
97 98 49 114	0.009868421052631578 0.019867549668874173
97 107 42	0.25 0.006622516556291391
97 108 12 95	0.017948717948717947 0.026490066225165563
97 108 20 95	0.014124293785310734 0.046357615894039736
97 108 43	0.7647058823529411 0.0728476821192053
97 110 39 117	0.1721311475409836 0.019867549668874173
97 110 44 45	0.09375 0.013245033112582781
97 110 45	0.2872628726287263 0.013245033112582781
97 110 45 32	0.25 0.006622516556291391
97 110 109 45	0.23076923076923078 0.013245033112582781
98	0.875 0.046357615894039736
98 0 26	0.3 0.006622516556291391
98 0 26 97	1.0 0.019867549668874173
98 0 26 98	1.0 0.019867549668874173
98 0 49 114	0.009868421052631578 0.019867549668874173
98 0 65	1.0 0.006622516556291391
98 0 65 98	1.0 0.013245033112582781
98 6 71 10	0.28536880290205563 0.2119205298013245
98 14 79	1.0 0.006622516556291391
98 28 93 97	0.9777777777777777 0.2913907284768212
98 30 95 97	1.0 0.006622516556291391
98 32 75 10	0.21176470588235294 0.09933774834437085
98 32 91 65	1.0 0.006622516556291391
98 32 97	1.0 0.3443708609271523
98 32 97 33	0.3157894736842105 0.006622516556291391
98 32 97 98	0.8571428571428571 0.013245033112582781
98 32 98	1.0 0.046357615894039736
98 32 98 98	1.0 0.013245033112582781
98 32 108 16	0.02531645569620253 0.006622516556291391
98 33	0.2 0.006622516556291391
98 33 0 26	0.3 0.006622516556291391
98 33 0 65	1.0 0.006622516556291391
98 33 32 97	0.12244897959183673 0.019867549668874173
98 33 32 98	0.8571428571428571 0.019867549668874173
98 33 33 97	1.0 0.019867549668874173
98 33 33 98	1.0 0.019867549668874173
98 33 49 114	0.009868421052631578 0.019867549668874173
98 33 91 26	0.28169014084507044 0.006622516556291391
98 33 91 65	1.0 0.006622516556291391
98 33 97	1.0 0.3509933774834437
98 33 97 33	0.3157894736842105 0.006622516556291391
98 33 97 98	0.8571428571428571 0.013245033112582781
98 33 98	0.95 0.046357615894039736
98 33 98 33	0.375 0.006622516556291391
98 33 98 98	1.0 0.013245033112582781
98 33 108 16	0.02531645569620253 0.006622516556291391
98 49 114	0.009868421052631578 0.019867549668874173
98 49 114 26	0.036458333333333336 0.006622516556291391
98 49 114 33	0.2857142857142857 0.006622516556291391
98 49 114 65	1.0 0.006622516556291391
98 49 114 98	1.0 0.013245033112582781
98 52 117	0.5 0.006622516556291391
98 59 124	1.0 0.013245033112582781
98 75 6 71	0.009302737662797909 0.09271523178807947
98 75 10	0.6111111111111112 0.09933774834437085
98 75 10 97	0.7223719676549866 0.2913907284768212
98 81 16	0.7294117647058823 0.013245033112582781
98 81 43 97	1.0 0.006622516556291391
98 91 26	0.4 0.006622516556291391
98 91 26 98	1.0 0.013245033112582781
98 91 49 114	0.009433962264150943 0.019867549668874173
98 91 65	1.0 0.006622516556291391
98 91 65 98	1.0 0.013245033112582781
98 98	1.0 0.013245033112582781
98 98 32 97	1.0 0.019867549668874173
98 98 32 98	1.0 0.019867549668874173
98 98 33	0.5 0.006622516556291391
98 98 33 97	1.0 0.019867549668874173
98 98 33 98	1.0 0.019867549668874173
98 98 49 114	0.009868421052631578 0.019867549668874173
98 108 43	1.0 0.006622516556291391
107 42 59 93	0.5 0.006622516556291391
107 42 59 124	0.09090909090909091 0.006622516556291391
107 42 97	1.0 0.006622516556291391
108 1 66 16	0.012244897959183673 0.006622516556291391
108 12 77 16	0.011627906976744186 0.006622516556291391
108 12 105 16	0.004149377593360996 0.006622516556291391
108 16	0.019230769230769232 0.006622516556291391
108 16 33 97	1.0 0.006622516556291391
108 16 33 98	1.0 0.006622516556291391
108 16 81 16	0.012934690415606446 0.006622516556291391
108 16 97	0.5 0.013245033112582781
108 16 98	0.5 0.013245033112582781
108 16 108 16	0.002486325211337643 0.006622516556291391
108 20 18 95	2.2048447789275637e-05 0.019867549668874173
108 20 27 95	0.00012278978388998034 0.006622516556291391
108 20 34 93	0.023017902813299233 0.019867549668874173
108 20 83 95	1.8242183224488308e-05 0.019867549668874173
108 20 85 43	0.0006602112676056338 0.019867549668874173
108 20 92 95	0.0001228803145736053 0.006622516556291391
108 20 95	0.008649367930805056 0.046357615894039736
108 20 95 32	0.047619047619047616 0.013245033112582781
108 20 95 93	0.038910505836575876 0.026490066225165563
108 20 95 118	0.036290322580645164 0.019867549668874173
108 20 95 124	0.057692307692307696 0.033112582781456956
108 20 117 93	0.04487179487179487 0.006622516556291391
108 24 89 16	0.0005277044854881266 0.006622516556291391
108 35 80 93	0.04285714285714286 0.006622516556291391
108 35 80 95	0.0009688357823348943 0.006622516556291391
108 37 111 79	1.0 0.006622516556291391
108 39 30 95	0.00995732574679943 0.006622516556291391
108 39 52 95	0.013861386138613862 0.006622516556291391
108 39 77 16	0.01730103806228374 0.006622516556291391
108 39 93	0.044444444444444446 0.013245033112582781
108 39 99 95	0.008433734939759036 0.006622516556291391
108 39 105 16	0.0024691358024691358 0.006622516556291391
108 40 30 95	0.005018820577164366 0.006622516556291391
108 40 52 95	0.00784313725490196 0.006622516556291391
108 40 77 16	0.01488095238095238 0.013245033112582781
108 40 93	0.02072538860103627 0.006622516556291391
108 40 99 95	0.004920049200492005 0.006622516556291391
108 40 105 16	0.003295668549905838 0.013245033112582781
108 43 30 95	0.03048780487804878 0.033112582781456956
108 43 59 124	0.5 0.026490066225165563
108 43 60 125	0.5 0.006622516556291391
108 43 79	0.5714285714285714 0.006622516556291391
108 43 81 16	0.0006379178361826997 0.013245033112582781
108 43 97	1.0 0.1390728476821192
108 43 98	1.0 0.013245033112582781
108 43 108 16	0.018500295217476873 0.006622516556291391
108 43 108 125	0.5 0.006622516556291391
108 45 28 93	0.015384615384615385 0.006622516556291391
108 45 30 95	0.008746355685131196 0.006622516556291391
108 45 52 93	0.01744186046511628 0.006622516556291391
108 45 110 16	0.0017886954447889339 0.006622516556291391
108 45 110 43	0.001110864252388358 0.006622516556291391
108 45 110 125	0.25 0.006622516556291391
108 46 111 10	7.85607667530835e-05 0.006622516556291391
108 46 111 16	0.0026014390732251513 0.013245033112582781
108 46 111 43	0.00028931965370662986 0.026490066225165563
108 46 111 79	0.019167217448777262 0.006622516556291391
108 67 2 16	0.14705882352941177 0.006622516556291391
108 69 4 16	0.14285714285714285 0.006622516556291391
108 109 16 97	1.0 0.006622516556291391
108 109 16 98	1.0 0.006622516556291391
108 125	0.5 0.006622516556291391
108 125 30 95	0.08695652173913043 0.013245033112582781
108 125 32 97	1.0 0.013245033112582781
108 125 97	1.0 0.013245033112582781
110	1.0 0.006622516556291391
110 32	0.5 0.006622516556291391
110 32 28 117	0.6666666666666666 0.013245033112582781
110 32 52 117	0.6666666666666666 0.013245033112582781
110 32 97	1.0 0.013245033112582781
110 32 97 32	0.3333333333333333 0.006622516556291391
110 32 97 97	1.0 0.006622516556291391
110 32 110	1.0 0.006622516556291391
110 32 110 32	0.5 0.006622516556291391
110 45 97	1.0 0.013245033112582781
110 45 97 32	0.3333333333333333 0.006622516556291391
110 45 97 97	1.0 0.006622516556291391
110 52 104 45	0.14583333333333334 0.006622516556291391
110 52 117	0.6666666666666666 0.013245033112582781
110 52 117 97	1.0 0.006622516556291391
110 110 39 117	0.22950819672131148 0.013245033112582781
110 110 44 45	0.09375 0.006622516556291391
110 110 45	0.2872628726287263 0.006622516556291391
110 110 45 32	0.5 0.006622516556291391
110 110 109 45	0.23076923076923078 0.006622516556291391
