14 20 85	0.007407407407407408 0.16666666666666666
14 20 95 60	1.0 0.16666666666666666
14 20 95 108	0.5 0.16666666666666666
14 79 30 85	0.007407407407407408 0.16666666666666666
14 79 60	1.0 0.16666666666666666
14 79 108	1.0 0.16666666666666666
14 121 30 85	0.007407407407407408 0.16666666666666666
14 121 60	1.0 0.16666666666666666
14 121 108	1.0 0.16666666666666666
17 82 30 85	0.0002591568762957844 0.16666666666666666
17 82 60	1.0 0.16666666666666666
17 82 108	0.5 0.16666666666666666
28 30 18 85	6.111722283339445e-05 0.16666666666666666
28 30 83 85	5.9294396679513786e-05 0.16666666666666666
28 30 85	0.00211864406779661 0.16666666666666666
28 30 95 60	1.0 0.3333333333333333
28 30 95 108	1.0 0.16666666666666666
28 52 95 60	1.0 0.16666666666666666
28 77 20 85	0.0019386106623586429 0.16666666666666666
28 77 45 110	0.08333333333333333 0.16666666666666666
28 77 46 111	1.0689128087821876e-05 0.16666666666666666
28 93 30 85	0.0009794319294809011 0.16666666666666666
28 93 32 60	1.0 0.16666666666666666
28 93 32 108	1.0 0.16666666666666666
28 93 60	1.0 0.3333333333333333
28 99 18 85	6.111722283339445e-05 0.16666666666666666
28 99 83 85	5.9294396679513786e-05 0.16666666666666666
28 99 85	0.00211864406779661 0.16666666666666666
28 99 95 60	1.0 0.3333333333333333
28 99 95 108	1.0 0.16666666666666666
28 104 20 85	0.0005414185165132648 0.16666666666666666
28 104 40 85	0.0009107468123861566 0.16666666666666666
28 104 45 110	0.0010438413361169101 0.16666666666666666
28 104 46 111	2.1595629044681357e-05 0.3333333333333333
28 105 20 85	0.0013585614069755953 0.16666666666666666
28 105 45 110	0.0006480881399870382 0.16666666666666666
28 105 46 111	7.460682204780805e-06 0.3333333333333333
28 117 60	1.0 0.16666666666666666
28 118 21 85	0.002857142857142857 0.16666666666666666
28 118 60	1.0 0.16666666666666666
30 1 66 85	0.002509410288582183 0.3333333333333333
30 15 80 85	0.006802721088435374 0.16666666666666666
30 18 18 85	0.000235292102384338 0.5
30 18 27 85	4.4561045847746046e-05 0.3333333333333333
30 18 83 85	0.00023908549830045227 0.5
30 18 85	6.241028521500344e-05 0.3333333333333333
30 18 92 85	4.4196453234627924e-05 0.3333333333333333
30 18 95 108	0.003616636528028933 0.3333333333333333
30 19 84 85	0.0003773584905660377 0.3333333333333333
30 27 18 85	0.00012563405939350157 0.3333333333333333
30 27 27 85	0.0011296243998870376 0.3333333333333333
30 27 83 85	0.0001236609834139706 0.3333333333333333
30 27 92 85	0.0011412268188302425 0.3333333333333333
30 33 98 85	0.0006504065040650406 0.3333333333333333
30 34 30 85	0.002628120893561104 0.3333333333333333
30 34 93 60	1.0 0.5
30 34 99 85	0.003303964757709251 0.5
30 34 117 60	1.0 0.16666666666666666
30 34 118 60	1.0 0.16666666666666666
30 45 110 85	0.00017618746346112263 0.5
30 56 121 85	0.007407407407407408 0.16666666666666666
30 77 12 85	0.0017398869073510222 0.3333333333333333
30 77 20 85	0.0013012361743656475 0.3333333333333333
30 83 18 85	0.0002321778110756033 0.5
30 83 27 85	3.9231263393798516e-05 0.3333333333333333
30 83 83 85	0.00023132426397982298 0.5
30 83 85	6.145714900285776e-05 0.3333333333333333
30 83 92 85	3.917382405076928e-05 0.3333333333333333
30 83 95 108	0.003616636528028933 0.3333333333333333
30 85	0.0033482142857142855 0.5
30 85 12 85	0.00138217000691085 0.3333333333333333
30 85 20 85	0.0028887993553585816 0.5
30 85 39 85	0.0041265474552957355 0.5
30 85 40 85	0.0026532236667551074 0.5
30 85 43 60	0.75 0.5
30 85 43 108	0.002935995302407516 0.5
30 85 45 110	0.0016396002498438476 0.5
30 85 46 111	1.2138746243058037e-05 0.5
30 85 79 60	1.0 0.16666666666666666
30 85 79 108	1.0 0.16666666666666666
30 85 121 60	1.0 0.16666666666666666
30 85 121 108	1.0 0.16666666666666666
30 85 125 60	0.7142857142857143 0.5
30 85 125 108	0.75 0.5
30 86 21 85	0.0026077653456960726 0.5
30 86 30 85	0.0016239038648911985 0.5
30 86 61 85	0.002424102504905922 0.5
30 92 18 85	0.00013307383934660745 0.3333333333333333
30 92 27 85	0.0010184595798854233 0.3333333333333333
30 92 83 85	0.00013086221844175813 0.3333333333333333
30 92 92 85	0.0010278812797121933 0.3333333333333333
30 95 21 85	0.001591343093570974 0.5
30 95 30 85	0.0023483539368159864 0.5
30 95 32 60	1.0 0.3333333333333333
30 95 32 108	1.0 0.3333333333333333
30 95 60	1.0 0.6666666666666666
30 95 93 60	1.0 0.5
30 95 97 60	1.0 0.3333333333333333
30 95 99 85	0.002628120893561104 0.3333333333333333
30 95 108	0.75 0.5
30 95 117 60	1.0 0.16666666666666666
30 95 118 60	1.0 0.3333333333333333
30 95 118 108	1.0 0.16666666666666666
30 95 124 60	1.0 0.3333333333333333
30 95 124 108	1.0 0.3333333333333333
30 104 20 85	0.0009036144578313253 0.5
30 104 39 85	0.0038797284190106693 0.5
30 104 46 111	4.0458802824024434e-05 0.3333333333333333
30 105 20 85	0.0033921302578018998 0.5
30 105 40 85	0.003538570417551309 0.5
30 105 46 111	5.51518744743337e-05 0.3333333333333333
30 117 93 60	1.0 0.16666666666666666
30 117 117 60	1.0 0.16666666666666666
30 117 118 60	1.0 0.16666666666666666
30 126 21 85	0.0017696132131119913 0.5
30 126 61 85	0.002813299232736573 0.5
32 30 18 85	0.00010608953957139826 0.16666666666666666
32 30 83 85	0.00010614584439019212 0.16666666666666666
32 30 85	0.0034602076124567475 0.16666666666666666
32 30 95 60	1.0 0.16666666666666666
32 30 95 108	1.0 0.16666666666666666
32 59 30 85	0.0034602076124567475 0.16666666666666666
32 59 124 60	1.0 0.16666666666666666
32 59 124 108	1.0 0.16666666666666666
32 60	1.0 0.16666666666666666
32 60 20 85	0.0047169811320754715 0.16666666666666666
32 60 43 60	1.0 0.16666666666666666
32 60 43 108	1.0 0.16666666666666666
32 60 45 110	0.08333333333333333 0.16666666666666666
32 60 46 111	0.00022396416573348266 0.16666666666666666
32 60 125 60	1.0 0.16666666666666666
32 60 125 108	1.0 0.16666666666666666
32 97 30 85	0.0034602076124567475 0.16666666666666666
32 97 32 60	1.0 0.16666666666666666
32 97 32 108	1.0 0.16666666666666666
32 97 60	1.0 0.16666666666666666
32 108	1.0 0.16666666666666666
32 108 20 85	0.0047169811320754715 0.16666666666666666
32 108 43 60	1.0 0.16666666666666666
32 108 43 108	1.0 0.16666666666666666
32 108 45 110	0.08333333333333333 0.16666666666666666
32 108 46 111	0.00022396416573348266 0.16666666666666666
32 108 125 60	1.0 0.16666666666666666
32 108 125 108	1.0 0.16666666666666666
52 30 95 60	1.0 0.16666666666666666
52 52 95 60	1.0 0.16666666666666666
52 77 16 81	0.0015128593040847202 0.16666666666666666
52 77 46 111	1.6464293064416546e-05 0.16666666666666666
52 93 60	1.0 0.16666666666666666
52 99 95 60	1.0 0.16666666666666666
52 104 16 81	0.003825920612147298 0.16666666666666666
52 104 43 81	0.016842105263157894 0.16666666666666666
52 104 46 111	1.0782916778988717e-05 0.5
52 105 16 81	0.001403180542563143 0.16666666666666666
52 105 43 81	0.0025252525252525255 0.16666666666666666
52 105 46 111	4.178450477353146e-06 0.5
52 117 60	1.0 0.5
52 118 60	1.0 0.3333333333333333
53 30 85	0.0031446540880503146 0.16666666666666666
53 30 95 60	1.0 0.3333333333333333
53 30 95 108	0.5 0.16666666666666666
53 52 95 60	1.0 0.16666666666666666
53 93 60	1.0 0.16666666666666666
53 99 95 60	1.0 0.16666666666666666
53 104 46 111	1.1161280503272284e-05 0.3333333333333333
53 105 46 111	2.671434881103338e-06 0.3333333333333333
53 117 60	1.0 0.3333333333333333
53 118 30 85	0.001996007984031936 0.16666666666666666
53 118 60	1.0 0.5
53 118 108	1.0 0.16666666666666666
56 20 85	0.007407407407407408 0.16666666666666666
56 20 95 60	1.0 0.16666666666666666
56 20 95 108	0.5 0.16666666666666666
56 79 30 85	0.007407407407407408 0.16666666666666666
56 79 60	1.0 0.16666666666666666
56 79 108	1.0 0.16666666666666666
56 121 30 85	0.007407407407407408 0.16666666666666666
56 121 60	1.0 0.16666666666666666
56 121 108	1.0 0.16666666666666666
59 30 18 85	0.00010608953957139826 0.3333333333333333
59 30 83 85	0.00010614584439019212 0.3333333333333333
59 30 85	0.0034602076124567475 0.3333333333333333
59 30 95 60	1.0 0.3333333333333333
59 30 95 108	1.0 0.3333333333333333
59 56 30 85	0.0034602076124567475 0.3333333333333333
59 124 30 85	0.0034602076124567475 0.3333333333333333
59 124 32 60	1.0 0.3333333333333333
59 124 32 108	1.0 0.3333333333333333
59 124 60	1.0 0.3333333333333333
59 124 97 60	1.0 0.3333333333333333
59 124 108	1.0 0.3333333333333333
60	1.0 1.0
60 16 81	0.021739130434782608 0.5
60 20 18 85	0.0001063094668580237 0.3333333333333333
60 20 83 85	0.00010634621008693803 0.3333333333333333
60 20 85	0.00508646998982706 0.5
60 20 95 60	0.7142857142857143 0.5
60 20 95 108	0.625 0.5
60 43 30 85	0.00508646998982706 0.5
60 43 60	1.0 0.5
60 43 97 60	1.0 0.3333333333333333
60 43 108	1.0 0.5
60 45 110	0.09090909090909091 0.5
60 46 111	0.0007676203768318214 0.8333333333333334
60 125 30 85	0.002717391304347826 0.5
60 125 32 60	1.0 0.3333333333333333
60 125 32 108	1.0 0.3333333333333333
60 125 60	1.0 1.0
60 125 97 60	1.0 0.3333333333333333
60 125 108	1.0 0.5
97 28 30 85	0.0034602076124567475 0.16666666666666666
97 28 93 60	1.0 0.16666666666666666
97 28 99 85	0.0034602076124567475 0.16666666666666666
97 30 18 85	0.00010608953957139826 0.16666666666666666
97 30 83 85	0.00010614584439019212 0.16666666666666666
97 30 85	0.0034602076124567475 0.16666666666666666
97 30 95 60	1.0 0.16666666666666666
97 30 95 108	1.0 0.16666666666666666
97 32 30 85	0.0034602076124567475 0.16666666666666666
97 32 60	1.0 0.16666666666666666
97 32 97 60	1.0 0.16666666666666666
97 32 108	1.0 0.16666666666666666
97 59 30 85	0.0034602076124567475 0.16666666666666666
97 59 124 60	1.0 0.16666666666666666
97 59 124 108	1.0 0.16666666666666666
97 60	1.0 0.16666666666666666
97 60 20 85	0.0047169811320754715 0.16666666666666666
97 60 43 60	1.0 0.16666666666666666
97 60 43 108	1.0 0.16666666666666666
97 60 45 110	0.08333333333333333 0.16666666666666666
97 60 46 111	0.00022396416573348266 0.16666666666666666
97 60 125 60	1.0 0.16666666666666666
97 60 125 108	1.0 0.16666666666666666
108	1.0 0.3333333333333333
108 20 18 85	9.114939385653085e-05 0.16666666666666666
108 20 83 85	9.117848187827673e-05 0.16666666666666666
108 20 85	0.005366726296958855 0.3333333333333333
108 20 95 60	0.75 0.3333333333333333
108 20 95 108	0.6 0.3333333333333333
108 43 30 85	0.005366726296958855 0.3333333333333333
108 43 60	1.0 0.3333333333333333
108 43 97 60	1.0 0.16666666666666666
108 43 108	1.0 0.3333333333333333
108 45 110	0.09523809523809523 0.3333333333333333
108 46 111	0.00022396416573348266 0.16666666666666666
108 125 30 85	0.004207573632538569 0.3333333333333333
108 125 32 60	1.0 0.16666666666666666
108 125 32 108	1.0 0.16666666666666666
108 125 60	1.0 0.3333333333333333
108 125 97 60	1.0 0.16666666666666666
108 125 108	1.0 0.3333333333333333
