0	0.3 0.009584664536741214
0 20 85	0.0010309278350515464 0.003194888178913738
0 26 0	0.3 0.009584664536741214
0 26 49 114	0.023026315789473683 0.022364217252396165
0 26 91	0.379746835443038 0.03194888178913738
0 26 97 0	0.3 0.009584664536741214
0 26 97 91	1.0 0.03194888178913738
0 26 98 0	0.3 0.009584664536741214
0 26 98 91	1.0 0.03194888178913738
0 35 100	0.025974025974025976 0.019169329073482427
0 46 111	0.0022624434389140274 0.009584664536741214
0 49 114	0.023026315789473683 0.022364217252396165
0 49 114 0	0.3 0.009584664536741214
0 49 114 91	0.21052631578947367 0.03194888178913738
0 57 122	0.125 0.003194888178913738
0 58 35 100	0.025974025974025976 0.019169329073482427
0 58 49 114	0.023026315789473683 0.022364217252396165
0 58 65 91	1.0 0.03194888178913738
0 65 0	0.3 0.009584664536741214
0 65 49 114	0.023026315789473683 0.022364217252396165
0 65 91	1.0 0.03194888178913738
0 123 49 114	0.023026315789473683 0.022364217252396165
0 123 65 91	1.0 0.03194888178913738
28 77 16 81	0.0012315270935960591 0.003194888178913738
28 93 49 114	0.003289473684210526 0.003194888178913738
28 93 91	1.0 0.003194888178913738
28 117 42 91	0.3333333333333333 0.003194888178913738
28 117 49 114	0.0023584905660377358 0.003194888178913738
30 15 80 85	0.0027767015368720133 0.07667731629392971
30 15 100	0.001474805407619828 0.05750798722044728
30 18 18 85	8.192954454003895e-05 0.08306709265175719
30 18 27 85	0.00046903810611879573 0.07987220447284345
30 18 83 85	8.536962293799427e-05 0.08306709265175719
30 18 85	4.658529768005217e-05 0.006389776357827476
30 18 92 85	0.00046289316722971177 0.07987220447284345
30 18 95 91	0.04411764705882353 0.006389776357827476
30 27 15 100	0.00027374292117914766 0.012779552715654952
30 27 18 85	0.0006443298969072165 0.07987220447284345
30 27 27 85	0.0021920028257098037 0.07987220447284345
30 27 83 85	0.0006394341008207736 0.07987220447284345
30 27 85	9.276868129319542e-05 0.003194888178913738
30 27 92 85	0.0021990390928703194 0.07987220447284345
30 30 95 85	0.023255813953488372 0.05750798722044728
30 33 98 85	0.011651816312542838 0.054313099041533544
30 34 15 100	0.00039725891349687157 0.012779552715654952
30 34 30 85	0.007632200617844812 0.07987220447284345
30 34 99 85	0.006169212690951821 0.07987220447284345
30 34 105	0.006297229219143577 0.01597444089456869
30 45 110 85	0.0005443594525243574 0.08306709265175719
30 52 117 85	0.00477326968973747 0.003194888178913738
30 77 12 85	0.004906129390985805 0.07987220447284345
30 77 20 85	0.0014664906877841326 0.05750798722044728
30 77 35 100	0.0008857395925597874 0.04472843450479233
30 77 46 111	0.00026202667006593156 0.06389776357827476
30 83 15 100	0.0004383024802763884 0.05750798722044728
30 83 18 85	0.00013557802505322904 0.08306709265175719
30 83 27 85	0.0005906874249210428 0.07987220447284345
30 83 83 85	0.00012556552390208833 0.08306709265175719
30 83 85	4.657083423887733e-05 0.006389776357827476
30 83 92 85	0.000585660198769522 0.07987220447284345
30 83 95 91	0.04411764705882353 0.006389776357827476
30 85	0.006165520512212474 0.08306709265175719
30 85 12 85	0.002898550724637681 0.05750798722044728
30 85 12 105	0.002184550856343936 0.03194888178913738
30 85 20 85	0.00252600968005186 0.08306709265175719
30 85 26 91	0.4185855263157895 0.08306709265175719
30 85 35 100	0.0006548122331016074 0.05750798722044728
30 85 39 85	0.0010743446497636442 0.025559105431309903
30 85 39 105	0.0027291492136422915 0.03514376996805112
30 85 40 85	0.0046829268292682925 0.06070287539936102
30 85 40 105	0.004314289449601255 0.04472843450479233
30 85 46 111	0.00011457160848573811 0.07987220447284345
30 85 49 114	0.005893673322107289 0.07987220447284345
30 86 21 85	0.0012829612245602293 0.08306709265175719
30 86 30 85	0.006619328439042002 0.07667731629392971
30 86 38 100	0.0016670941266991536 0.05750798722044728
30 86 53 85	0.00288421920065925 0.022364217252396165
30 86 61 85	0.0016087064488614893 0.025559105431309903
30 86 61 105	0.0005758820593542443 0.01597444089456869
30 92 18 85	0.0006852473294566694 0.07987220447284345
30 92 27 85	0.0027272524879221674 0.08306709265175719
30 92 83 85	0.0006762137088110015 0.07987220447284345
30 92 85	9.172208209126347e-05 0.003194888178913738
30 92 92 85	0.003150239184826996 0.07987220447284345
30 92 95 91	0.18181818181818182 0.003194888178913738
30 93 28 85	0.033073929961089495 0.054313099041533544
30 93 30 85	0.033073929961089495 0.054313099041533544
30 95 15 100	1.7176419867277803e-05 0.05750798722044728
30 95 21 85	0.004265219077161691 0.07667731629392971
30 95 27 105	0.008750257360510603 0.01597444089456869
30 95 28 105	0.009557618787547788 0.03194888178913738
30 95 30 85	0.0008969110013337485 0.08306709265175719
30 95 37 100	0.029166666666666667 0.04472843450479233
30 95 42 91	0.24691358024691357 0.04792332268370607
30 95 49 114	0.010592613799026625 0.07667731629392971
30 95 52 105	0.0018005041411595247 0.01597444089456869
30 95 53 105	0.0030193236714975845 0.01597444089456869
30 95 56 85	0.033073929961089495 0.054313099041533544
30 95 91	0.5645161290322581 0.08306709265175719
30 95 92 105	0.008962463095740194 0.01597444089456869
30 95 99 85	0.006142146826557473 0.07987220447284345
30 95 105	0.00655241935483871 0.04153354632587859
30 104 39 85	0.0025881901840490796 0.07987220447284345
30 104 46 111	0.0001097726973347189 0.019169329073482427
30 105 20 85	0.003933136676499509 0.06070287539936102
30 105 39 85	0.0049261083743842365 0.003194888178913738
30 105 40 85	0.003915195390411465 0.08306709265175719
30 105 46 111	5.036210352434e-05 0.012779552715654952
30 118 21 85	0.00288421920065925 0.022364217252396165
30 118 53 85	0.002966185485465691 0.025559105431309903
30 121 30 85	0.033073929961089495 0.054313099041533544
30 122 57 85	0.008160489629377763 0.07667731629392971
30 126 21 85	0.0009803408972079892 0.025559105431309903
30 126 61 85	0.002825260483328119 0.07987220447284345
32 91 35 100	0.025974025974025976 0.019169329073482427
32 91 49 114	0.023026315789473683 0.022364217252396165
32 91 65 0	0.3 0.009584664536741214
32 91 65 91	1.0 0.03194888178913738
32 97 0	0.3 0.009584664536741214
32 97 33 0	0.3 0.009584664536741214
32 97 33 91	0.4878048780487805 0.03194888178913738
32 97 49 114	0.023026315789473683 0.022364217252396165
32 97 91	1.0 0.03194888178913738
32 98 0	0.3 0.009584664536741214
32 98 33 0	0.3 0.009584664536741214
32 98 33 91	0.4878048780487805 0.03194888178913738
32 98 49 114	0.023026315789473683 0.022364217252396165
32 98 91	1.0 0.03194888178913738
33 91 35 100	0.025974025974025976 0.019169329073482427
33 91 46 111	0.001976284584980237 0.006389776357827476
33 91 49 114	0.023026315789473683 0.022364217252396165
33 91 65 0	0.3 0.009584664536741214
33 91 65 91	1.0 0.03194888178913738
33 97 0	0.3 0.009584664536741214
33 97 33 0	0.3 0.009584664536741214
33 97 33 91	0.4878048780487805 0.03194888178913738
33 97 49 114	0.023026315789473683 0.022364217252396165
33 97 91	1.0 0.03194888178913738
33 98 0	0.3 0.009584664536741214
33 98 33 0	0.3 0.009584664536741214
33 98 33 91	0.4878048780487805 0.03194888178913738
33 98 49 114	0.023026315789473683 0.022364217252396165
33 98 91	1.0 0.03194888178913738
45 110 30 85	0.004690431519699813 0.06389776357827476
45 110 49 114	0.02055921052631579 0.07987220447284345
45 110 91	0.25 0.07987220447284345
49 113 48 114	0.014125386996904025 0.23322683706070288
49 114	0.014635085692278067 0.24281150159744408
49 114 0	0.01764705882352941 0.009584664536741214
49 114 2	0.010380622837370242 0.009584664536741214
49 114 12 77	0.0022402688322598714 0.012779552715654952
49 114 16 81	3.9690414764834295e-05 0.003194888178913738
49 114 20 85	0.0003106313582356139 0.11501597444089456
49 114 23 88	0.019417475728155338 0.006389776357827476
49 114 26 0	0.01764705882352941 0.009584664536741214
49 114 26 91	0.06709346991037132 0.2523961661341853
49 114 30 85	0.0005695163084747559 0.09584664536741214
49 114 33 91	0.0392156862745098 0.051118210862619806
49 114 35 100	0.00019049058156694177 0.10223642172523961
49 114 39 77	0.0004861448711716091 0.006389776357827476
49 114 40 77	0.0010775862068965517 0.012779552715654952
49 114 40 105	0.001534470790252457 0.0926517571884984
49 114 42 81	0.0003676470588235294 0.003194888178913738
49 114 42 91	0.04595588235294118 0.11501597444089456
49 114 43 108	0.003428270042194093 0.012779552715654952
49 114 46 111	0.00021988466817696574 0.20447284345047922
49 114 49 114	0.013831673358710956 0.24600638977635783
49 114 52 105	0.0006230206115985671 0.019169329073482427
49 114 57 122	0.0008045052292839903 0.003194888178913738
49 114 62 127	0.0021008403361344537 0.003194888178913738
49 114 65 0	0.01764705882352941 0.009584664536741214
49 114 65 91	0.09411764705882353 0.051118210862619806
49 114 67 2	0.0025951557093425604 0.009584664536741214
49 114 91	0.0918918918918919 0.2523961661341853
91	1.0 1.0
91 1 66	0.004937586685159501 0.08945686900958466
91 1 66 8	0.00303951367781155 0.003194888178913738
91 1 66 73	0.003355704697986577 0.003194888178913738
91 6 71	0.003367003367003367 0.019169329073482427
91 6 71 2	0.002631578947368421 0.003194888178913738
91 6 71 8	0.03225806451612903 0.003194888178913738
91 6 71 73	0.03636363636363636 0.003194888178913738
91 6 71 75	0.0037735849056603774 0.006389776357827476
91 8	0.15384615384615385 0.006389776357827476
91 8 1 66	0.034482758620689655 0.003194888178913738
91 8 6 71	0.02127659574468085 0.003194888178913738
91 8 8	0.3333333333333333 0.01597444089456869
91 8 8 8	0.27817745803357313 0.009584664536741214
91 8 8 73	0.30515463917525776 0.009584664536741214
91 8 16 81	0.02702702702702703 0.006389776357827476
91 8 20 85	0.0038910505836575876 0.006389776357827476
91 8 24 89	0.004048582995951417 0.006389776357827476
91 8 26 91	1.0 0.009584664536741214
91 8 36 101	0.0017211703958691911 0.003194888178913738
91 8 37 102	0.058823529411764705 0.003194888178913738
91 8 39 104	0.008771929824561403 0.003194888178913738
91 8 40 77	0.017699115044247787 0.006389776357827476
91 8 40 105	0.012711864406779662 0.009584664536741214
91 8 45 110	0.001530612244897959 0.003194888178913738
91 8 46 111	0.0003760004297147768 0.022364217252396165
91 8 49 114	0.015503875968992248 0.006389776357827476
91 8 51 116	0.005154639175257732 0.006389776357827476
91 8 58 123	1.0 0.003194888178913738
91 8 73	0.33043478260869563 0.01597444089456869
91 8 73 8	0.23337856173677068 0.009584664536741214
91 8 73 73	0.2824302134646962 0.009584664536741214
91 8 121 56	1.0 0.003194888178913738
91 10 6 71	0.00040716612377850165 0.006389776357827476
91 10 28 104	0.0021141649048625794 0.003194888178913738
91 10 75	0.020930232558139535 0.01597444089456869
91 12 30 85	0.0014084507042253522 0.01597444089456869
91 12 52 85	0.012345679012345678 0.012779552715654952
91 12 77	0.05702647657841141 0.06070287539936102
91 12 92 105	0.0196078431372549 0.003194888178913738
91 12 99 85	0.000639284001917852 0.025559105431309903
91 12 105	0.0028937577511368336 0.022364217252396165
91 12 105 8	0.00641025641025641 0.006389776357827476
91 12 105 56	0.5 0.003194888178913738
91 12 105 73	0.008032128514056224 0.006389776357827476
91 16 81	0.04164470216130733 0.16293929712460065
91 16 81 8	0.16363636363636364 0.006389776357827476
91 16 81 73	0.3130434782608696 0.006389776357827476
91 16 81 123	0.09090909090909091 0.003194888178913738
91 20 15 100	0.00702576112412178 0.19808306709265175
91 20 18 85	0.0002482464811728623 0.13099041533546327
91 20 27 85	0.00026276177641975816 0.08306709265175719
91 20 30 85	0.0011887779362815027 0.01597444089456869
91 20 34 77	0.0033826638477801266 0.012779552715654952
91 20 34 104	0.0002085831986233509 0.006389776357827476
91 20 34 105	0.006480684522302669 0.08306709265175719
91 20 52 85	0.0014594279042615295 0.01597444089456869
91 20 83 85	0.0002460538778620299 0.13099041533546327
91 20 85	0.00766516427470051 0.41214057507987223
91 20 85 8	0.0012224938875305623 0.006389776357827476
91 20 85 23	0.002533783783783784 0.006389776357827476
91 20 85 50	0.004415011037527594 0.003194888178913738
91 20 85 73	0.0014044943820224719 0.006389776357827476
91 20 85 88	0.002793296089385475 0.006389776357827476
91 20 92 85	0.0002623520990041864 0.08306709265175719
91 20 95 77	0.002540650406504065 0.012779552715654952
91 20 95 85	0.009784735812133072 0.009584664536741214
91 20 95 91	0.4324553950722175 0.23322683706070288
91 20 95 104	0.00015592515592515593 0.006389776357827476
91 20 95 105	0.012186226131731388 0.16932907348242812
91 20 117 77	0.0067842605156037995 0.012779552715654952
91 20 117 85	0.031055900621118012 0.009584664536741214
91 20 117 104	0.0006931608133086876 0.006389776357827476
91 20 117 105	0.000211864406779661 0.003194888178913738
91 23 20 85	0.0006541648495420846 0.009584664536741214
91 23 23	1.0 0.019169329073482427
91 23 46 111	0.00037593984962406017 0.03194888178913738
91 23 88	1.0 0.019169329073482427
91 24 89	0.0031545741324921135 0.054313099041533544
91 24 89 8	0.031007751937984496 0.006389776357827476
91 24 89 73	0.037037037037037035 0.006389776357827476
91 24 89 123	0.009174311926605505 0.003194888178913738
91 26 0	0.12 0.009584664536741214
91 26 30 85	0.015554333211098888 0.2523961661341853
91 26 49 114	0.019654618835426324 0.5782747603833865
91 26 91	0.593549812237685 1.0
91 26 91 8	0.1111111111111111 0.006389776357827476
91 26 91 58	0.3684210526315789 0.003194888178913738
91 26 91 73	0.125 0.006389776357827476
91 26 91 123	1.0 0.003194888178913738
91 26 97 0	0.7 0.022364217252396165
91 26 98 0	0.7 0.022364217252396165
91 26 108	0.047619047619047616 0.003194888178913738
91 35 80 85	0.004430355574227552 0.24920127795527156
91 35 100	0.00354516344698969 0.28434504792332266
91 35 100 50	0.0036900369003690036 0.003194888178913738
91 35 100 58	0.0037817396002160996 0.003194888178913738
91 35 100 123	0.004632693580410324 0.003194888178913738
91 36 101	0.004542504866969501 0.0670926517571885
91 36 101 8	0.006896551724137931 0.003194888178913738
91 36 101 73	0.00847457627118644 0.003194888178913738
91 37 102	0.058823529411764705 0.003194888178913738
91 37 102 8	0.3333333333333333 0.003194888178913738
91 39 30 85	0.0022354694485842027 0.009584664536741214
91 39 52 85	0.007575757575757576 0.006389776357827476
91 39 93 75	0.002127659574468085 0.003194888178913738
91 39 99 85	0.0012277470841006752 0.012779552715654952
91 39 104	0.009917355371900827 0.038338658146964855
91 39 104 8	0.05555555555555555 0.003194888178913738
91 39 104 73	0.05555555555555555 0.003194888178913738
91 39 105	0.0008904719501335708 0.003194888178913738
91 40 27 77	0.014705882352941176 0.003194888178913738
91 40 30 85	0.01817134813487747 0.23003194888178913
91 40 52 85	0.00546448087431694 0.003194888178913738
91 40 77	0.01804123711340206 0.022364217252396165
91 40 99 85	0.019640939082399878 0.1853035143769968
91 40 104	0.0004434589800443459 0.003194888178913738
91 40 105	0.04361078546307151 0.43450479233226835
91 40 105 8	0.07364341085271318 0.009584664536741214
91 40 105 56	0.5 0.003194888178913738
91 40 105 73	0.09223300970873786 0.009584664536741214
91 41 106	0.005434782608695652 0.009584664536741214
91 43 91	1.0 0.006389776357827476
91 43 108	0.02527075812274368 0.022364217252396165
91 44 109	1.0 0.003194888178913738
91 45 110	0.0015432098765432098 0.003194888178913738
91 45 110 8	0.15 0.006389776357827476
91 45 110 73	0.15789473684210525 0.006389776357827476
91 46 111	0.0011880346268409359 0.9041533546325878
91 46 111 8	0.004025733117575088 0.009584664536741214
91 46 111 23	0.0005088885873252816 0.019169329073482427
91 46 111 50	7.054673721340387e-05 0.003194888178913738
91 46 111 56	0.0078125 0.003194888178913738
91 46 111 73	0.0074686973713114155 0.009584664536741214
91 46 111 88	0.0005532401431047836 0.019169329073482427
91 46 111 123	0.00030105973025048167 0.006389776357827476
91 49 114	0.0211735766218804 0.8146964856230032
91 49 114 0	0.036458333333333336 0.03194888178913738
91 49 114 2	0.013833466347432828 0.025559105431309903
91 49 114 8	0.007380073800738007 0.006389776357827476
91 49 114 56	0.0032626427406199023 0.003194888178913738
91 49 114 73	0.00796812749003984 0.006389776357827476
91 49 114 91	0.08959102721925866 0.49201277955271566
91 49 114 123	0.016241299303944315 0.003194888178913738
91 51 116	0.0051508462104488595 0.038338658146964855
91 51 116 8	0.08979591836734693 0.006389776357827476
91 51 116 73	0.10185185185185185 0.006389776357827476
91 57 122	0.15384615384615385 0.012779552715654952
91 58	0.2 0.003194888178913738
91 58 8 123	1.0 0.003194888178913738
91 58 16 81	0.12 0.006389776357827476
91 58 24 89	0.004048582995951417 0.006389776357827476
91 58 26 91	1.0 0.022364217252396165
91 58 35 100	0.030303030303030304 0.022364217252396165
91 58 46 111	0.0005175447676223993 0.009584664536741214
91 58 49 114	0.023026315789473683 0.022364217252396165
91 58 65 0	0.7 0.022364217252396165
91 58 73 123	1.0 0.003194888178913738
91 58 123	1.0 0.006389776357827476
91 58 123 8	0.3333333333333333 0.003194888178913738
91 58 123 73	0.3333333333333333 0.003194888178913738
91 62 127	0.058823529411764705 0.006389776357827476
91 65 0	0.58 0.03194888178913738
91 65 0 58	0.7 0.003194888178913738
91 65 0 123	0.7 0.003194888178913738
91 65 32 91	0.7 0.022364217252396165
91 65 33 91	0.7 0.022364217252396165
91 65 49 114	0.023026315789473683 0.04472843450479233
91 65 91	0.3 0.03194888178913738
91 67 2	0.16 0.054313099041533544
91 67 6 71	0.0003720514919264826 0.003194888178913738
91 67 49 114	0.017105263157894738 0.134185303514377
91 69 4	1.0 0.003194888178913738
91 73	0.16666666666666666 0.006389776357827476
91 73 1 66	0.034482758620689655 0.003194888178913738
91 73 6 71	0.02127659574468085 0.003194888178913738
91 73 8	0.3333333333333333 0.01597444089456869
91 73 8 8	0.2685851318944844 0.009584664536741214
91 73 8 73	0.30403800475059384 0.009584664536741214
91 73 16 81	0.02702702702702703 0.006389776357827476
91 73 20 85	0.0038910505836575876 0.006389776357827476
91 73 24 89	0.004048582995951417 0.006389776357827476
91 73 26 91	1.0 0.009584664536741214
91 73 36 101	0.0017211703958691911 0.003194888178913738
91 73 37 102	0.058823529411764705 0.003194888178913738
91 73 39 104	0.008771929824561403 0.003194888178913738
91 73 40 77	0.017699115044247787 0.006389776357827476
91 73 40 105	0.012711864406779662 0.009584664536741214
91 73 45 110	0.001530612244897959 0.003194888178913738
91 73 46 111	0.0003760004297147768 0.022364217252396165
91 73 49 114	0.015503875968992248 0.006389776357827476
91 73 51 116	0.005154639175257732 0.006389776357827476
91 73 58 123	1.0 0.003194888178913738
91 73 73	0.36585365853658536 0.01597444089456869
91 73 73 8	0.3129411764705882 0.009584664536741214
91 73 73 73	0.3604336043360434 0.009584664536741214
91 88 20 85	0.0006541648495420846 0.009584664536741214
91 88 23	1.0 0.019169329073482427
91 88 46 111	0.00037593984962406017 0.03194888178913738
91 88 88	1.0 0.019169329073482427
91 115 20 85	0.004944375772558714 0.012779552715654952
91 115 35 100	0.0024937655860349127 0.006389776357827476
91 115 46 111	0.00018656716417910448 0.003194888178913738
91 115 50	0.5 0.003194888178913738
91 121 40 77	0.043478260869565216 0.003194888178913738
91 121 40 105	0.012345679012345678 0.003194888178913738
91 121 46 111	9.163383121048291e-05 0.003194888178913738
91 121 49 114	0.0047169811320754715 0.006389776357827476
91 121 56	1.0 0.006389776357827476
91 121 56 8	0.3333333333333333 0.003194888178913738
91 121 56 73	0.3333333333333333 0.003194888178913738
91 123	1.0 0.003194888178913738
91 123 26 91	1.0 0.022364217252396165
91 123 35 100	0.030303030303030304 0.022364217252396165
91 123 49 114	0.023026315789473683 0.022364217252396165
91 123 58	1.0 0.003194888178913738
91 123 65 0	0.7 0.022364217252396165
97 0	0.7 0.022364217252396165
97 0 26 0	0.7 0.022364217252396165
97 0 26 91	0.620253164556962 0.022364217252396165
97 0 35 100	0.030303030303030304 0.022364217252396165
97 0 46 111	0.0022624434389140274 0.009584664536741214
97 0 49 114	0.023026315789473683 0.022364217252396165
97 0 58	1.0 0.003194888178913738
97 0 58 123	1.0 0.003194888178913738
97 0 65 0	0.7 0.022364217252396165
97 0 123	1.0 0.003194888178913738
97 0 123 58	1.0 0.003194888178913738
97 32 91	1.0 0.022364217252396165
97 32 91 123	1.0 0.003194888178913738
97 32 97 0	0.7 0.022364217252396165
97 32 98 0	0.7 0.022364217252396165
97 33 0	0.7 0.022364217252396165
97 33 0 58	1.0 0.003194888178913738
97 33 0 123	1.0 0.003194888178913738
97 33 32 91	1.0 0.022364217252396165
97 33 33 91	1.0 0.022364217252396165
97 33 49 114	0.023026315789473683 0.022364217252396165
97 33 91	0.5121951219512195 0.022364217252396165
97 33 91 58	1.0 0.003194888178913738
97 33 91 123	1.0 0.003194888178913738
97 33 97 0	0.7 0.022364217252396165
97 33 98 0	0.7 0.022364217252396165
97 49 114	0.023026315789473683 0.022364217252396165
97 49 114 0	0.7 0.022364217252396165
97 49 114 58	0.25 0.003194888178913738
97 49 114 123	0.5 0.003194888178913738
97 91 26 0	0.7 0.022364217252396165
97 91 35 100	0.025830258302583026 0.022364217252396165
97 91 46 111	0.00023904858662523158 0.006389776357827476
97 91 49 114	0.0220125786163522 0.022364217252396165
97 91 65 0	0.7 0.022364217252396165
97 98 32 91	1.0 0.022364217252396165
97 98 33 0	0.7 0.022364217252396165
97 98 33 91	0.4117647058823529 0.022364217252396165
97 98 49 114	0.023026315789473683 0.022364217252396165
98 0	0.7 0.022364217252396165
98 0 26 0	0.7 0.022364217252396165
98 0 26 91	0.620253164556962 0.022364217252396165
98 0 35 100	0.030303030303030304 0.022364217252396165
98 0 46 111	0.0022624434389140274 0.009584664536741214
98 0 49 114	0.023026315789473683 0.022364217252396165
98 0 58	1.0 0.003194888178913738
98 0 65 0	0.7 0.022364217252396165
98 0 123	1.0 0.003194888178913738
98 0 123 58	1.0 0.003194888178913738
98 32 91	0.6 0.022364217252396165
98 32 91 58	0.6 0.003194888178913738
98 32 91 123	0.6 0.003194888178913738
98 32 97 0	0.54 0.03194888178913738
98 32 97 91	0.4 0.03194888178913738
98 32 98 0	0.54 0.03194888178913738
98 32 98 91	0.4 0.03194888178913738
98 33 0	0.5 0.03194888178913738
98 33 0 123	0.5 0.003194888178913738
98 33 32 91	0.5 0.022364217252396165
98 33 33 91	0.5 0.022364217252396165
98 33 49 114	0.023026315789473683 0.04472843450479233
98 33 91	0.5466666666666666 0.054313099041533544
98 33 91 58	0.6 0.003194888178913738
98 33 97 0	0.54 0.03194888178913738
98 33 97 91	0.4 0.03194888178913738
98 33 98 0	0.54 0.03194888178913738
98 33 98 91	0.4 0.03194888178913738
98 49 114	0.023026315789473683 0.04472843450479233
98 49 114 0	0.54 0.03194888178913738
98 49 114 58	0.15 0.003194888178913738
98 49 114 91	0.08421052631578947 0.03194888178913738
98 91 26 0	0.7 0.022364217252396165
98 91 35 100	0.025830258302583026 0.022364217252396165
98 91 46 111	0.00023904858662523158 0.006389776357827476
98 91 49 114	0.0220125786163522 0.022364217252396165
98 91 65 0	0.7 0.022364217252396165
98 98 32 91	1.0 0.022364217252396165
98 98 33 0	0.7 0.022364217252396165
98 98 33 91	0.4117647058823529 0.022364217252396165
98 98 49 114	0.023026315789473683 0.022364217252396165
107 7 20 85	0.0013671875 0.022364217252396165
107 30 15 100	0.005502063273727648 0.051118210862619806
107 30 18 85	0.00014632005072428425 0.019169329073482427
107 30 34 105	0.007112375533428165 0.01597444089456869
107 30 83 85	0.00014632005072428425 0.019169329073482427
107 30 85	0.006800408024481469 0.06389776357827476
107 30 85 50	0.018867924528301886 0.003194888178913738
107 30 95 91	0.3448275862068966 0.054313099041533544
107 30 95 105	0.008540925266903915 0.038338658146964855
107 42 49 114	0.0021929824561403508 0.006389776357827476
107 42 91	0.693069306930693 0.3035143769968051
107 42 108	0.4 0.003194888178913738
107 49 114	0.01282051282051282 0.24600638977635783
107 49 114 2	0.004893964110929853 0.009584664536741214
107 49 114 91	0.03869969040247678 0.1182108626198083
107 52 30 85	0.023346303501945526 0.038338658146964855
107 52 93 91	0.5 0.003194888178913738
107 52 99 85	0.023346303501945526 0.038338658146964855
107 52 105	0.004497751124437781 0.019169329073482427
107 56 49 114	0.011627906976744186 0.006389776357827476
108	0.1 0.003194888178913738
108 8 20 85	0.002472187886279357 0.006389776357827476
108 8 46 111	0.0013605442176870747 0.003194888178913738
108 20 15 100	0.0012468827930174563 0.003194888178913738
108 20 18 85	9.746778689643073e-05 0.009584664536741214
108 20 83 85	9.653068710543082e-05 0.009584664536741214
108 20 85	0.0012755102040816326 0.006389776357827476
108 20 95 91	0.25 0.006389776357827476
108 20 95 105	0.001440922190201729 0.003194888178913738
108 26 91	1.0 0.006389776357827476
108 26 108	1.0 0.003194888178913738
108 40 15 100	0.00013049719431032232 0.003194888178913738
108 43 91	0.9230769230769231 0.038338658146964855
108 43 108	0.01694915254237288 0.003194888178913738
108 46 111	0.00021560353589798872 0.01597444089456869
108 46 111 23	0.009523809523809525 0.003194888178913738
108 46 111 88	0.009174311926605505 0.003194888178913738
108 49 114	0.00628140703517588 0.01597444089456869
108 73 20 85	0.002472187886279357 0.006389776357827476
108 73 46 111	0.0013605442176870747 0.003194888178913738
