1 66	0.0006800408024481469 0.015625
1 66 1 66	0.00044873246329094616 0.015625
1 66 20 85	0.0004202513511421224 0.0390625
1 66 22 87	0.0034554250172771253 0.0078125
1 66 35 100	0.00012377832060605907 0.01953125
1 66 39 77	0.0010335917312661498 0.0078125
1 66 44	0.0030581039755351682 0.00390625
1 66 44 50	0.1 0.015625
1 66 46 111	0.00013282284925811402 0.125
1 66 50	0.24277456647398843 0.13671875
1 66 51 116	7.897816612698253e-05 0.0078125
1 66 88	0.005988023952095809 0.00390625
1 66 92 85	0.00043122035360068997 0.02734375
1 66 115	0.22023809523809523 0.125
6 71	0.000981173729073404 0.0546875
6 71 1 66	0.00024987635250738527 0.01171875
6 71 6 71	0.0008736567722604591 0.0546875
6 71 8	0.0018867924528301887 0.00390625
6 71 10 75	0.0003826903633887315 0.0390625
6 71 12 77	0.0002615233736515201 0.0078125
6 71 12 105	0.00013642192573190364 0.0234375
6 71 20 85	3.2316542068443355e-05 0.02734375
6 71 23	0.004366812227074236 0.0078125
6 71 23 109	0.09090909090909091 0.00390625
6 71 28 77	0.0003147623544224111 0.0078125
6 71 29 102	0.052083333333333336 0.00390625
6 71 35 100	1.5162774171611085e-05 0.0234375
6 71 37 102	0.0009081440010415988 0.01171875
6 71 40 105	8.78225764399472e-05 0.04296875
6 71 41 106	0.0002980814497587421 0.02734375
6 71 44 50	0.2222222222222222 0.01171875
6 71 46 111	0.00016537553864626536 0.14453125
6 71 50	0.15736040609137056 0.171875
6 71 51 116	4.996058664831078e-05 0.01953125
6 71 67 2	0.00023831409798113915 0.02734375
6 71 73	0.001976284584980237 0.00390625
6 71 75 50	0.041666666666666664 0.00390625
6 71 88	0.0030581039755351682 0.00390625
6 71 109	0.00686106346483705 0.0078125
6 71 109 50	0.08450704225352113 0.01171875
6 71 110	0.00199203187250996 0.00390625
6 71 115	0.11395348837209303 0.1328125
6 87 20 85	0.00031776294884016526 0.00390625
6 87 46 111	9.890333653314716e-05 0.0078125
6 87 50	0.6666666666666666 0.01171875
6 87 115	0.6 0.0078125
8 8 8 50	0.9310344827586207 0.0078125
8 8 8 115	0.75 0.00390625
8 8 46 111	0.0001386632000866645 0.0546875
8 8 50	1.0 0.07421875
8 8 73 50	0.9393939393939394 0.0078125
8 8 73 115	0.8333333333333334 0.00390625
8 8 115	1.0 0.05859375
8 12 77	0.05555555555555555 0.00390625
8 12 77 50	0.5 0.00390625
8 20 85	0.0003707136237256719 0.0078125
8 37 111 115	0.015625 0.00390625
8 40 77 115	0.3333333333333333 0.0078125
8 46 111	0.00020104399273369568 0.0546875
8 46 111 23	0.0017165277096615988 0.01953125
8 46 111 50	0.010717410323709537 0.06640625
8 46 111 115	0.01003584229390681 0.0546875
8 73 8 50	0.9444444444444444 0.0078125
8 73 8 115	0.75 0.00390625
8 73 12 77	0.04430379746835443 0.00390625
8 73 50	1.0 0.078125
8 73 73 50	0.9444444444444444 0.0078125
8 73 115	1.0 0.0625
8 123 58 115	0.7777777777777778 0.02734375
10 32 75 50	0.15555555555555556 0.01953125
10 75	0.002224694104560623 0.015625
10 75 6 71	0.0003322733004625893 0.0390625
10 75 12 77	0.002779064381658175 0.00390625
10 75 23	0.0375 0.01171875
10 75 41 106	0.00015041449448765061 0.01953125
10 75 46 111	0.00010440490542432563 0.08203125
10 75 50	0.5421686746987951 0.1015625
10 75 88	0.02564102564102564 0.0078125
10 75 115	0.46153846153846156 0.078125
10 97 75 50	0.1346153846153846 0.01953125
12 15 100	0.0010460251046025104 0.00390625
12 30 85	0.0002600780234070221 0.00390625
12 77	0.006211180124223602 0.0078125
12 77 6 71	0.0001824595547986863 0.00390625
12 77 8	0.034482758620689655 0.00390625
12 77 8 73	0.04487179487179487 0.00390625
12 77 8 115	0.6666666666666666 0.00390625
12 77 10 75	0.001932367149758454 0.00390625
12 77 12 77	0.0006133558230468451 0.0078125
12 77 40 77	0.0006406149903907751 0.00390625
12 77 46 111	0.00010769576385291585 0.0859375
12 77 50	0.7619047619047619 0.1015625
12 77 50 50	0.0625 0.0078125
12 77 50 115	0.05263157894736842 0.0078125
12 77 73	0.043478260869565216 0.00390625
12 77 73 8	0.0379746835443038 0.00390625
12 77 73 73	0.04477611940298507 0.00390625
12 77 88	0.14814814814814814 0.015625
12 77 115	0.75 0.08203125
12 77 115 50	0.061224489795918366 0.0078125
12 77 115 115	0.06521739130434782 0.0078125
12 85 46 111	2.3266468468289685e-06 0.00390625
12 85 50	0.046511627906976744 0.0078125
12 85 67 2	0.0010615711252653928 0.00390625
12 85 109 50	0.4 0.00390625
12 85 115	0.025 0.00390625
12 86 2	0.0009250693802035153 0.00390625
12 93 6 71	9.144947416552355e-05 0.00390625
12 99 85	0.0002904162633107454 0.0078125
12 104 20 85	0.000669158506109049 0.01953125
12 104 35 100	0.00015190591285326564 0.0078125
12 104 46 111	4.473353524823165e-05 0.0546875
12 104 51 116	0.0002432629672676163 0.0078125
12 105 8 50	0.4 0.0078125
12 105 8 115	0.5 0.0078125
12 105 12 77	0.0006257822277847309 0.00390625
12 105 16 81	0.0007852862161603638 0.0078125
12 105 20 85	0.00045610206606676225 0.015625
12 105 23	0.031746031746031744 0.0078125
12 105 24 89	0.0004319032536711777 0.015625
12 105 35 100	0.000232074836282545 0.0078125
12 105 40 77	2.914941992654346e-05 0.0078125
12 105 46 111	8.51406122626626e-05 0.04296875
12 105 50	0.2 0.01953125
12 105 88	0.03278688524590164 0.0078125
12 105 115	0.19230769230769232 0.01953125
12 117 81	0.007194244604316547 0.00390625
12 126 61 104	1.02183664919326e-05 0.00390625
16 30 85	0.0006447453255963894 0.0078125
16 52 77	0.005780346820809248 0.00390625
16 52 105 50	0.16666666666666666 0.01171875
16 52 117 81	0.004975124378109453 0.0078125
16 52 126 4	0.01818181818181818 0.00390625
16 81 12 105	0.00011336583153837434 0.0078125
16 81 20 85	0.00030294150258985286 0.0546875
16 81 23	0.043243243243243246 0.02734375
16 81 35 100	0.00014034684383339358 0.0390625
16 81 46 111	6.885129438212429e-05 0.25
16 81 50	0.7449664429530202 0.328125
16 81 67 2	0.0012081347741459158 0.03515625
16 81 67 4	0.00473186119873817 0.00390625
16 81 69 2	0.0044286979627989375 0.0078125
16 81 88	0.050955414012738856 0.02734375
16 81 115	0.6666666666666666 0.25390625
16 108 20 85	0.0003767210202398325 0.03125
16 108 35 100	0.00011117446128833861 0.02734375
16 108 39 105	4.714757190004715e-05 0.00390625
16 108 40 105	4.076807044722573e-05 0.00390625
16 108 46 111	1.9043982200554403e-05 0.06640625
16 108 50	0.4 0.0078125
16 108 51 116	0.00011163206072784104 0.015625
16 108 115	0.25 0.00390625
20 3 68 85	0.0002990430622009569 0.078125
20 15 100	0.0001881160801625323 0.0546875
20 15 100 50	0.06444906444906445 0.1015625
20 15 100 115	0.06060606060606061 0.09375
20 18 15 100	2.349341324913905e-05 0.07421875
20 18 18 85	8.159005588685692e-05 0.1796875
20 18 18 104	0.0003646648918496265 0.00390625
20 18 18 108	0.00456934453836842 0.00390625
20 18 27 85	9.81064291245286e-05 0.1640625
20 18 27 108	0.002186987424822307 0.00390625
20 18 83 85	7.949005902557955e-05 0.1796875
20 18 83 104	0.00038104201899145847 0.00390625
20 18 83 108	0.004357594932910865 0.00390625
20 18 85	5.52238036683332e-05 0.09375
20 18 85 50	0.005404323458767014 0.05078125
20 18 85 58	0.000121153380179307 0.00390625
20 18 85 115	0.005442451118726063 0.05078125
20 18 86 2	0.0008024072216649949 0.09375
20 18 86 4	0.00039502271380604387 0.01171875
20 18 92 85	9.646152706635807e-05 0.1640625
20 18 92 108	0.002183406113537118 0.00390625
20 18 108	0.004098360655737705 0.00390625
20 18 126 2	0.0003102592388306674 0.03125
20 19 84 85	0.0002460642153037029 0.13671875
20 27 15 100	3.848573437442179e-05 0.0625
20 27 18 85	0.00011941028983003826 0.1640625
20 27 18 108	0.0070921985815602835 0.00390625
20 27 27 85	0.00024092787462223333 0.16015625
20 27 83 85	0.0001188931084179741 0.1640625
20 27 85	0.0001350794604926348 0.0625
20 27 85 88	0.0008572653236176596 0.00390625
20 27 85 115	0.006896551724137931 0.03125
20 27 86 2	0.0012836447360378167 0.07421875
20 27 92 85	0.00023736315101408842 0.16015625
20 30 85	0.0004361098996947231 0.00390625
20 30 95 104	0.00819672131147541 0.00390625
20 34 77	0.0010485844110450892 0.0078125
20 34 77 58	0.006896551724137931 0.00390625
20 34 99 85	0.00026878297896419526 0.12890625
20 34 104	0.00010233843319858773 0.0078125
20 34 104 50	0.019230769230769232 0.0078125
20 34 105	0.00014494854326714017 0.01171875
20 34 105 115	0.04113924050632911 0.046875
20 45 110 85	0.00011765862318559978 0.1796875
20 45 110 104	0.00017882232724485885 0.00390625
20 45 110 108	0.004674717569146864 0.00390625
20 52 117 104	0.13333333333333333 0.00390625
20 66 35 100	0.00018482921780275027 0.01953125
20 77 12 85	0.000287233146118872 0.125
20 77 12 105	3.8178139197495516e-05 0.00390625
20 77 20 85	0.0002651459075833939 0.125
20 77 35 100	2.5175718648756242e-05 0.046875
20 77 40 105	0.00012966804979253112 0.00390625
20 77 46 111	2.650541367210223e-05 0.10546875
20 77 50	0.06060606060606061 0.0078125
20 77 115	0.5 0.00390625
20 83 18 85	9.307975539144966e-05 0.1796875
20 83 18 104	7.41721688466067e-05 0.00390625
20 83 18 108	0.006485037383898249 0.00390625
20 83 27 85	0.0001082448602873997 0.1640625
20 83 83 85	8.45907740641271e-05 0.1796875
20 83 83 104	7.851016361507759e-05 0.00390625
20 83 83 108	0.006924622420122439 0.00390625
20 83 85	5.505082108299645e-05 0.09375
20 83 85 115	0.006641175286778024 0.05078125
20 83 86 2	0.0008017638805371818 0.09375
20 83 86 4	0.00039494470774091627 0.01171875
20 83 92 85	0.00010745115257002755 0.1640625
20 83 92 108	0.002129925452609159 0.00390625
20 83 108	0.004098360655737705 0.00390625
20 85	0.0003362616115337733 0.125
20 85 1 66	0.002455976374899325 0.0390625
20 85 6 71	3.79104772993347e-05 0.0234375
20 85 8	0.0006540222367560497 0.0078125
20 85 8 123	0.028388928317955996 0.00390625
20 85 12 85	0.00026351792031657285 0.125
20 85 12 104	3.988214825191559e-05 0.01171875
20 85 16 81	7.295262394615047e-05 0.0546875
20 85 20 85	0.00029503455046133483 0.1875
20 85 20 104	0.00022647403358063258 0.00390625
20 85 20 108	0.0016688918558077437 0.00390625
20 85 23	0.003528225806451613 0.02734375
20 85 35 100	0.00012358729365991866 0.09375
20 85 36 101	3.1655453601546475e-05 0.046875
20 85 37 111	4.787028520432064e-05 0.02734375
20 85 39 77	0.0025309612738352665 0.01953125
20 85 39 85	0.00020153684765364602 0.12109375
20 85 39 104	7.643163190526074e-05 0.01953125
20 85 39 105	0.00015483534483461142 0.0625
20 85 40 77	0.0014404634949941905 0.015625
20 85 40 85	0.00027947012464367557 0.09375
20 85 40 105	0.0001406579010902037 0.05859375
20 85 41 106	6.186020021373766e-05 0.0078125
20 85 43 81	0.0002496726366758479 0.02734375
20 85 43 108	0.0003121230717142434 0.015625
20 85 44	0.0008949880668257757 0.01171875
20 85 44 58	0.009685230024213076 0.00390625
20 85 44 109	0.00021757103694356207 0.00390625
20 85 46 111	3.700736941793074e-05 0.29296875
20 85 49 114	5.5411874199213604e-05 0.00390625
20 85 50	0.07076350093109869 0.3359375
20 85 50 115	0.054000981836033385 0.13671875
20 85 51 116	0.00015103298049760048 0.0390625
20 85 57 85	0.00026561835954101146 0.078125
20 85 57 122	0.0005344425986380621 0.02734375
20 85 58 115	0.031914893617021274 0.01171875
20 85 58 123	0.0065065065065065065 0.0234375
20 85 67 2	0.0019116340432406235 0.078125
20 85 67 4	0.001129177958446251 0.0078125
20 85 69 2	0.0022479681826041847 0.01953125
20 85 73	0.0007809449433814916 0.0078125
20 85 88	0.0033821871476888386 0.0234375
20 85 109	0.0005514199062586159 0.00390625
20 85 109 44	0.0020065520065520068 0.015625
20 85 109 50	0.022058823529411766 0.0078125
20 85 115	0.07048748353096179 0.3046875
20 85 115 50	0.05727318803852002 0.14453125
20 85 123	0.0036458333333333334 0.015625
20 85 123 23	0.007407407407407408 0.00390625
20 85 123 50	0.024193548387096774 0.0234375
20 86 2	0.00179266422927232 0.08203125
20 86 2 23	0.0033475349969567863 0.01171875
20 86 2 50	0.031070195627157654 0.078125
20 86 2 115	0.029042904290429043 0.0703125
20 86 21 85	0.00028773209713921216 0.1640625
20 86 21 104	0.00012527216869985384 0.00390625
20 86 21 108	0.009900990099009901 0.00390625
20 86 30 85	0.0002853744872396836 0.11328125
20 86 38 100	0.0003214228317351476 0.0234375
20 86 53 85	0.0007086454747924681 0.02734375
20 86 61 85	0.00028251331363573226 0.14453125
20 86 61 104	3.829821865410485e-05 0.01171875
20 86 61 105	9.683262834456355e-05 0.01953125
20 86 108	0.0014478764478764478 0.01171875
20 92 15 100	3.7241584781157415e-05 0.0625
20 92 18 85	0.00013100218849800786 0.1640625
20 92 27 85	0.00023404723009847378 0.1640625
20 92 83 85	0.00012877060730693 0.1640625
20 92 85	0.00013421107375569558 0.0625
20 92 86 2	0.0012758460074120577 0.07421875
20 92 86 4	0.000457351932311914 0.00390625
20 92 92 85	0.00023163581038343847 0.16015625
20 92 95 77	0.00043888523151195964 0.00390625
20 95 15 100	7.155469439018252e-05 0.05859375
20 95 21 85	0.0002893337058089086 0.11328125
20 95 30 85	0.0002602566260046737 0.1796875
20 95 52 85	0.0002716374104341892 0.0859375
20 95 75 115	0.03225806451612903 0.0078125
20 95 77 58	0.008695652173913044 0.00390625
20 95 81	0.0008250825082508251 0.0078125
20 95 85	0.0020833333333333333 0.00390625
20 95 104	7.262164124909223e-05 0.00390625
20 95 104 50	0.25 0.01171875
20 95 105	0.0002290294875465216 0.015625
20 95 105 50	0.10050251256281408 0.0703125
20 95 105 115	0.09895833333333333 0.06640625
20 95 108	0.0012014417300760913 0.01171875
20 98 30 85	0.00028136122560949874 0.078125
20 98 33 85	0.00028136122560949874 0.078125
20 98 52 85	0.00028136122560949874 0.078125
20 104	0.0020408163265306124 0.00390625
20 104 20 85	0.0002162186136506018 0.12109375
20 104 23 88	0.5 0.00390625
20 104 35 100	1.9329919552389353e-05 0.03515625
20 104 39 85	0.0002967975886639489 0.109375
20 104 46 111	2.287443099852891e-05 0.09765625
20 104 58 123	0.42857142857142855 0.00390625
20 104 88 88	0.5 0.00390625
20 104 123	0.25 0.00390625
20 105 8 123	0.20833333333333334 0.00390625
20 105 20 85	0.0002733687895795588 0.09375
20 105 35 100	1.4849617919330935e-05 0.01953125
20 105 40 85	0.0002924879882741894 0.1171875
20 105 40 104	0.0009699321047526673 0.00390625
20 105 46 111	4.130540825478749e-05 0.14453125
20 105 123	0.125 0.00390625
20 108 50	0.5 0.00390625
20 108 115	0.5 0.00390625
20 117 30 85	0.00028094410925299704 0.0859375
20 117 33 85	0.00028136122560949874 0.078125
20 117 52 85	0.00028173659689677445 0.0859375
20 118 30 104	0.16666666666666666 0.00390625
20 118 53 85	0.0007439738121218134 0.03125
20 122 46 111	5.8035401594972936e-05 0.0703125
20 126 2	0.0006754474839581223 0.015625
20 126 21 85	0.000295207381821555 0.14453125
20 126 21 104	0.00021070375052675939 0.00390625
20 126 61 85	0.0003437578152241238 0.1171875
20 126 61 104	8.786767128704172e-05 0.00390625
22 71 46 111	9.082884406627508e-05 0.01953125
22 71 50	0.6666666666666666 0.01171875
22 71 115	0.6 0.0078125
22 87	0.010638297872340425 0.0078125
22 87 20 85	0.000400275745513576 0.0234375
22 87 36 127	0.004545454545454545 0.00390625
22 87 46 111	0.00011520926940864727 0.03125
22 87 50	0.6842105263157895 0.04296875
22 87 51 116	0.0004140358140979195 0.0078125
22 87 57 122	0.0019277108433734939 0.01171875
22 87 109 44	0.00536480686695279 0.00390625
22 87 115	0.6666666666666666 0.0390625
23	0.4166666666666667 0.078125
23 6 71	0.0006666666666666666 0.00390625
23 8 46 111	0.00014448779078167894 0.0078125
23 10 75	0.0019286403085824494 0.0078125
23 12 77	0.10714285714285714 0.01171875
23 12 105	0.020202020202020204 0.0078125
23 16 81	0.01048951048951049 0.03125
23 20 85	0.00047472110135295516 0.0234375
23 20 104	0.015151515151515152 0.00390625
23 23 23	0.42857142857142855 0.0703125
23 23 50	1.0 0.19921875
23 23 88	0.44680851063829785 0.0703125
23 23 115	0.9473684210526315 0.125
23 24 89	0.001275103602167676 0.015625
23 35 100	9.87922645656845e-05 0.015625
23 35 100 50	0.024 0.01171875
23 35 100 115	0.015748031496062992 0.0078125
23 36 101	0.001763668430335097 0.00390625
23 37 102	0.023809523809523808 0.00390625
23 37 111 58	0.027777777777777776 0.00390625
23 39 85	0.0049261083743842365 0.00390625
23 39 104	0.025 0.0078125
23 39 105	0.008928571428571428 0.00390625
23 39 105 123	0.4 0.00390625
23 40 77	0.018691588785046728 0.0078125
23 40 104 58	0.045454545454545456 0.00390625
23 40 105	0.011494252873563218 0.03515625
23 41 106	0.0008654262224145391 0.00390625
23 43 108	0.0625 0.00390625
23 46 102	0.005763688760806916 0.0078125
23 46 111	0.00033416552516459723 0.1484375
23 46 111 50	0.014984867498339115 0.16796875
23 46 111 58	0.0015039855617386072 0.01171875
23 46 111 115	0.01233265720081136 0.12109375
23 50 23	0.85 0.0625
23 50 46 111	0.0002736930180911085 0.08203125
23 50 50	0.9 0.09375
23 50 88	0.8 0.05859375
23 50 115	0.6923076923076923 0.0703125
23 51 116	0.003316749585406302 0.01171875
23 57 122	0.06666666666666667 0.00390625
23 58 8 123	0.8333333333333334 0.00390625
23 58 20 104	0.5 0.00390625
23 58 73 123	1.0 0.00390625
23 58 123	0.6666666666666666 0.00390625
23 67 2	0.058358061325420374 0.06640625
23 73 46 111	0.00010751532093323298 0.0078125
23 88 20 85	0.00024374786720616194 0.01953125
23 88 23	0.4166666666666667 0.078125
23 88 46 111	0.00023776192242812313 0.16015625
23 88 50	1.0 0.2265625
23 88 88	0.4489795918367347 0.0703125
23 88 115	0.9545454545454546 0.14453125
23 115 23	0.88 0.078125
23 115 50	0.8636363636363636 0.11328125
23 115 88	0.9090909090909091 0.0703125
23 115 115	0.8888888888888888 0.07421875
23 123 46 111	0.0003613043085538795 0.01171875
24 89	0.0008729050279329608 0.03125
24 89 6 71	0.0002523618217267247 0.015625
24 89 12 105	0.00024832381425378696 0.015625
24 89 16 81	8.224070680013159e-05 0.03125
24 89 23	0.007054673721340388 0.015625
24 89 23 23	0.004966887417218543 0.01171875
24 89 24 89	0.000500280345460995 0.03515625
24 89 35 100	0.00012237276572999925 0.03125
24 89 39 105	0.0002364289767353887 0.03125
24 89 40 105	0.0002231632864513318 0.046875
24 89 45 110	6.833806384597512e-05 0.00390625
24 89 46 102	0.00045909270469662514 0.00390625
24 89 46 111	5.2466374417533363e-05 0.125
24 89 50	0.09090909090909091 0.15234375
24 89 51 116	0.00018826354861524528 0.0234375
24 89 62 127	0.00045024763619990995 0.0078125
24 89 67 2	0.0009893472608885718 0.0625
24 89 88	0.007312614259597806 0.015625
24 89 115	0.06487695749440715 0.10546875
33 98	0.5 0.0078125
33 98 6 71	0.07692307692307693 0.0078125
33 98 50	0.5 0.0078125
33 98 115	0.5 0.0078125
35 80 15 100	0.00010609395867161556 0.109375
35 80 18 85	5.220682050276441e-05 0.07421875
35 80 27 105	2.8806544846989237e-05 0.00390625
35 80 30 85	5.669010304851868e-05 0.05859375
35 80 77	0.0008665511265164644 0.00390625
35 80 83 85	5.266314979583396e-05 0.07421875
35 80 85	0.0002081021087680355 0.0546875
35 80 85 50	0.06651376146788991 0.1015625
35 80 85 115	0.06073752711496746 0.09375
35 80 92 85	9.777970233064904e-05 0.0625
35 80 92 105	2.909711647575725e-05 0.00390625
35 80 105	0.00037898885772758283 0.01953125
35 80 108 115	0.14285714285714285 0.00390625
35 100	0.00020453557640682127 0.109375
35 100 6 71	6.0159636199995264e-05 0.0234375
35 100 12 85	7.955647266489322e-05 0.046875
35 100 12 104	2.7769446943694668e-05 0.015625
35 100 16 81	0.0001351350390220206 0.03125
35 100 20 85	0.00018264645098262935 0.09375
35 100 20 100	9.400399155410292e-05 0.05078125
35 100 22 87	0.00016190136968558753 0.01171875
35 100 22 116	0.0006932627465809542 0.02734375
35 100 23	0.001590836780146357 0.01953125
35 100 23 50	0.022556390977443608 0.01171875
35 100 24 89	0.00010144655379430088 0.02734375
35 100 26 91	0.0008944543828264759 0.00390625
35 100 35 100	0.00010024313832947972 0.1171875
35 100 36 101	4.051127905237441e-05 0.02734375
35 100 37 111	3.854111373307476e-05 0.0546875
35 100 39 104	1.4335475715042502e-05 0.01953125
35 100 39 105	4.2279540472561386e-05 0.04296875
35 100 40 104	1.1287796481029446e-05 0.01953125
35 100 40 105	8.165422810209606e-05 0.06640625
35 100 43 110	4.7956263887334754e-05 0.00390625
35 100 44	0.0013218770654329147 0.0078125
35 100 44 50	0.0379746835443038 0.00390625
35 100 45 110	7.18067438431872e-06 0.0078125
35 100 46 111	3.5548833162373923e-05 0.1953125
35 100 50	0.09935897435897435 0.21484375
35 100 50 50	0.06716417910447761 0.12109375
35 100 50 115	0.06301369863013699 0.1171875
35 100 51 116	0.00011154238122869723 0.04296875
35 100 62 101	0.00022503170901354283 0.0078125
35 100 67 2	0.0006927142106968482 0.0625
35 100 67 4	0.0007720517274657402 0.00390625
35 100 69 2	0.0009513454743136721 0.015625
35 100 69 4	0.0014285714285714286 0.00390625
35 100 88	0.001670564650851988 0.01953125
35 100 88 50	0.022556390977443608 0.01171875
35 100 109	0.0016590626296142678 0.00390625
35 100 115	0.09294871794871795 0.1953125
35 100 123	0.0004553734061930783 0.00390625
35 102 35 100	0.00010134132482066204 0.0546875
35 102 37 100	0.00012268698940561763 0.06640625
35 102 40 105	0.0004657661853749418 0.00390625
35 102 46 111	6.205123659250067e-05 0.02734375
35 103 38 100	0.0001352212957969943 0.109375
35 116 51 100	0.012658227848101266 0.015625
36 101 12 104	0.00020756936276205632 0.0078125
36 101 20 85	5.884776084269993e-05 0.046875
36 101 22 87	0.004075394803871625 0.0078125
36 101 23	0.018404907975460124 0.0078125
36 101 35 100	2.1270901290161974e-05 0.02734375
36 101 39 104	0.00012606324393901194 0.01171875
36 101 40 104	5.868716805070571e-05 0.0078125
36 101 46 102	0.002586348780889234 0.00390625
36 101 46 111	4.2053189792852995e-05 0.0859375
36 101 50	0.46153846153846156 0.11328125
36 101 51 116	0.0002831637890146608 0.01953125
36 101 67 2	0.0013256738842244808 0.01953125
36 101 115	0.5116279069767442 0.0859375
36 127 50	0.5 0.0078125
36 127 109 44	0.021413276231263382 0.00390625
36 127 115	0.5 0.0078125
37 102 6 71	0.000643077923065753 0.01171875
37 102 23	0.03125 0.0078125
37 102 40 105	2.607493937576595e-05 0.00390625
37 102 41 106	0.0005609448575766153 0.0078125
37 102 46 111	0.00011457259297412157 0.03125
37 102 50	0.4117647058823529 0.05859375
37 102 88	0.01818181818181818 0.00390625
37 102 115	0.22580645161290322 0.03125
37 111 24 89	0.00033777263076626134 0.00390625
37 111 46 102	0.0020433825840930524 0.00390625
37 111 46 111	8.324303776042931e-05 0.0234375
37 111 50	0.2631578947368421 0.01953125
37 111 51 116	0.00030790547301978293 0.00390625
37 111 58 23	0.2 0.00390625
39 30 85	0.0002738225629791895 0.00390625
39 30 85 50	0.25 0.01171875
39 77 12 105	0.0006386319085337189 0.0078125
39 77 46 111	4.779429336137265e-05 0.046875
39 77 67 2	0.00034458993797381116 0.00390625
39 93 28 105	0.000668507995707475 0.00390625
39 99 85	0.00019166267369429804 0.0078125
39 104 20 85	0.00016729102919728903 0.015625
39 104 23	0.02564102564102564 0.00390625
39 104 24 89	3.5768257459917196e-05 0.0078125
39 104 35 100	1.8222866782152915e-05 0.01953125
39 104 36 101	0.00018144063867104812 0.0078125
39 104 39 105	0.0005081684647131938 0.0078125
39 104 40 104	1.4044746562548279e-05 0.0078125
39 104 40 105	0.0004340440180502443 0.01953125
39 104 46 111	3.6596590455504396e-05 0.06640625
39 104 50	0.7777777777777778 0.08203125
39 104 57 105	0.0007011920264449565 0.00390625
39 104 57 122	0.000275178866263071 0.00390625
39 104 58 50	0.4666666666666667 0.02734375
39 104 67 2	0.0025693730729701952 0.0078125
39 104 115	0.7272727272727273 0.0625
39 105	0.0009161704076958314 0.0078125
39 105 20 85	0.00015178863103153573 0.0078125
39 105 35 100	1.6871080900628913e-05 0.01953125
39 105 39 104	7.31967969081673e-06 0.00390625
39 105 39 105	0.0004361996312878588 0.0078125
39 105 40 105	0.0006252693075686131 0.0078125
39 105 46 102	0.001658124811576726 0.00390625
39 105 46 111	4.36481215985317e-05 0.0546875
39 105 50	0.2 0.0234375
39 105 115	0.08 0.0078125
39 105 115 50	0.07142857142857142 0.0078125
39 105 115 115	0.08333333333333333 0.0078125
39 105 123 115	1.0 0.00390625
39 118 46 111	0.00035253281266948695 0.015625
39 118 53 105	0.0006978110768326723 0.00390625
39 126 2 50	0.011235955056179775 0.00390625
39 126 4 50	0.25 0.00390625
39 126 21 85	0.00012230385519223545 0.0078125
39 126 61 105	0.0007359501898490977 0.01171875
40 15 100	0.0008158825129181398 0.0234375
40 15 100 115	0.09774436090225563 0.05078125
40 30 18 85	6.293882346359339e-05 0.02734375
40 30 18 108	0.019230769230769232 0.00390625
40 30 85	0.0002579446966570367 0.01953125
40 30 85 50	0.08547008547008547 0.0703125
40 30 85 115	0.08296943231441048 0.06640625
40 30 108 115	1.0 0.00390625
40 52 15 100	0.0002845220030349014 0.01171875
40 52 18 85	0.0005150656708730364 0.00390625
40 77 12 104	0.0004071937563624024 0.0078125
40 77 12 105	6.510719434497512e-05 0.0234375
40 77 23	0.0425531914893617 0.0078125
40 77 35 100	3.364616792578104e-05 0.03515625
40 77 46 111	8.641118967298806e-05 0.17578125
40 77 50	0.21739130434782608 0.01953125
40 77 51 116	4.716091303527636e-05 0.00390625
40 77 88	0.046511627906976744 0.0078125
40 77 115	0.19230769230769232 0.01953125
40 93 28 104	0.0004939619649287005 0.00390625
40 93 38 100	0.0002862663708580835 0.015625
40 93 53 104	0.0003671071953010279 0.00390625
40 93 81 115	0.21428571428571427 0.01171875
40 99 85	0.00011143716801010364 0.01171875
40 99 85 88	0.00423728813559322 0.0078125
40 99 85 115	0.03561643835616438 0.046875
40 104	0.0004299226139294927 0.0078125
40 104 20 85	0.00012233222794571808 0.06640625
40 104 23	0.011494252873563218 0.00390625
40 104 24 89	0.00027562961679608133 0.02734375
40 104 35 100	4.926997840664877e-05 0.05078125
40 104 39 104	0.0003457963315682144 0.0078125
40 104 39 105	0.0002326690631580172 0.015625
40 104 40 104	0.00023795255049881904 0.01171875
40 104 45 110	5.449086460654871e-06 0.00390625
40 104 46 111	4.000751412475914e-05 0.23828125
40 104 50	0.16666666666666666 0.0234375
40 104 50 115	0.05555555555555555 0.0078125
40 104 51 116	0.00011083260865858442 0.015625
40 104 58 23	0.05555555555555555 0.00390625
40 104 58 123	0.005747126436781609 0.00390625
40 104 115	0.07142857142857142 0.0078125
40 105	0.000664451827242525 0.015625
40 105 1 66	0.00023209634577197824 0.01953125
40 105 12 85	0.0003544842254519674 0.00390625
40 105 12 104	0.00016205485556860998 0.0078125
40 105 20 85	0.00017363545418021907 0.05859375
40 105 23	0.024 0.0234375
40 105 24 89	0.00024153589223358592 0.04296875
40 105 35 100	0.00016316923070444894 0.06640625
40 105 39 104	0.0002448148641277504 0.015625
40 105 39 105	0.00026741239977700525 0.01953125
40 105 40 104	0.0004114166326800753 0.0078125
40 105 40 105	0.00027356883786192716 0.015625
40 105 45 110	6.010988086221613e-06 0.00390625
40 105 46 102	0.0005924064267121443 0.00390625
40 105 46 111	7.567127040122066e-05 0.33203125
40 105 50	0.5147058823529411 0.41015625
40 105 67 2	0.0007956423281718588 0.0390625
40 105 67 4	0.004373177842565598 0.00390625
40 105 88	0.029535864978902954 0.02734375
40 105 115	0.4602272727272727 0.31640625
40 105 123	0.004032258064516129 0.00390625
40 118 46 102	0.007407407407407408 0.00390625
40 118 46 111	0.00014550628102113074 0.05078125
40 118 53 104	0.0005051713594427163 0.00390625
40 118 53 105	0.00045487439263930526 0.015625
40 126 61 104	0.0004287188514887547 0.01171875
41 106	0.00023926306974518484 0.0078125
41 106 1 66	0.00011469715270170313 0.00390625
41 106 6 71	0.00021569207255336937 0.02734375
41 106 10 75	0.0001655193168566377 0.01953125
41 106 23	0.023809523809523808 0.0078125
41 106 37 102	0.0010538324696418903 0.0078125
41 106 37 111	0.0002697033263410249 0.0234375
41 106 41 106	0.0002741073122384269 0.0078125
41 106 46 111	0.00012115175625170077 0.05078125
41 106 50	0.2125984251968504 0.05859375
41 106 67 2	0.0003571853792118109 0.01171875
41 106 88	0.01015228426395939 0.00390625
41 106 109	0.0043859649122807015 0.00390625
41 106 115	0.19 0.046875
43 18 18 85	0.00012894753559023235 0.00390625
43 18 27 85	0.00024747185007705376 0.00390625
43 18 83 85	0.00012617466751309677 0.00390625
43 18 85	0.00011771630370806356 0.00390625
43 21 85	0.0004361098996947231 0.01171875
43 27 18 85	0.00012898686679174484 0.00390625
43 27 83 85	0.00012910798122065727 0.00390625
43 30 85	0.0003270824247710423 0.01171875
43 45 110 85	0.00011709373353369372 0.00390625
43 81 37 111	0.000141622999575131 0.00390625
43 81 46 111	2.6510453152012545e-05 0.0234375
43 81 50	0.3333333333333333 0.0078125
43 81 115	0.25 0.00390625
43 83 18 85	0.0001399510850829757 0.00390625
43 83 27 85	0.00018879981410479843 0.00390625
43 83 83 85	0.0001369343443923458 0.00390625
43 83 85	0.00011767474699929395 0.00390625
43 83 92 85	0.00018839214549670313 0.00390625
43 85 20 85	4.155502217375983e-06 0.00390625
43 85 50	0.5 0.00390625
43 85 115	0.3333333333333333 0.00390625
43 86 21 85	7.528986598403855e-05 0.00390625
43 92 18 85	0.00013532061319569295 0.00390625
43 92 83 85	0.00013542533227572598 0.00390625
43 108 20 85	0.00031500266951414843 0.015625
43 108 23	0.14285714285714285 0.00390625
43 108 46 111	5.182451684323511e-05 0.03125
43 108 50	0.8888888888888888 0.05078125
43 108 69 2	0.04081632653061224 0.00390625
43 108 88	0.14285714285714285 0.00390625
43 108 109 50	1.0 0.00390625
43 108 115	0.875 0.04296875
44 6 71	0.0007646721468170522 0.0078125
44 6 71 50	0.07894736842105263 0.01171875
44 20 77 50	0.25 0.00390625
44 20 85	0.0002100840336134454 0.00390625
44 20 86 2	0.00031575623618566466 0.00390625
44 35 100	0.00015349783184312522 0.00390625
44 41 106	0.0008525149190110827 0.00390625
44 43 108 50	1.0 0.00390625
44 46 111	0.00015029624180292207 0.015625
44 46 111 50	0.01503006012024048 0.01953125
44 46 111 115	0.014531754574811625 0.015625
44 51 116	0.0007990411506192569 0.00390625
44 109 50	0.875 0.0234375
44 109 51 116	0.0014460154241645244 0.0078125
44 109 115	0.8571428571428571 0.01953125
45 108 35 100	0.00010492078480747036 0.00390625
45 108 40 105	0.001893939393939394 0.00390625
45 108 46 111	5.732301519059902e-05 0.00390625
45 110 23	0.005376344086021506 0.00390625
45 110 35 100	2.6817879778424717e-05 0.01171875
45 110 39 105	8.269451818038983e-06 0.00390625
45 110 41 106	4.0891433244735225e-05 0.00390625
45 110 44 50	0.045454545454545456 0.00390625
45 110 46 111	2.1226782622283504e-05 0.0390625
45 110 50	0.2903225806451613 0.0546875
45 110 62 127	0.0008023535704733886 0.00390625
45 110 67 2	0.001539645881447267 0.015625
45 110 88	0.0056179775280898875 0.00390625
45 110 109 50	0.058823529411764705 0.00390625
45 110 115	0.3333333333333333 0.0390625
46 102 6 71	0.000307228242654452 0.03125
46 102 8 50	0.016666666666666666 0.00390625
46 102 20 85	3.420841722540415e-05 0.02734375
46 102 24 89	0.0001005771210996432 0.08203125
46 102 37 111	8.812062649508403e-05 0.6328125
46 102 41 106	0.000292560194259969 0.02734375
46 102 46 111	7.803360036566558e-05 0.71875
46 102 50	0.1111111111111111 0.01953125
46 102 51 116	0.00018973981927282213 0.0703125
46 102 115	0.012903225806451613 0.0078125
46 111	0.0001739868382852065 0.66796875
46 111 1 66	9.09845944027901e-05 0.140625
46 111 6 71	0.00016828714272651942 0.16015625
46 111 6 87	0.0008883673597920956 0.0234375
46 111 8	0.0004196080367280446 0.0625
46 111 8 23	0.0009345794392523365 0.01171875
46 111 8 50	0.01806083650190114 0.0859375
46 111 8 115	0.01466615206483983 0.0703125
46 111 10 75	0.00011512288273087375 0.09375
46 111 12 77	0.0001923955468479324 0.09765625
46 111 12 85	6.53705858511904e-05 0.109375
46 111 12 104	1.8364736738850088e-05 0.04296875
46 111 12 105	6.560356284893254e-05 0.1796875
46 111 16 81	7.581455738964085e-05 0.2890625
46 111 16 108	1.3427827259547286e-05 0.0234375
46 111 20 85	5.639879840386725e-05 0.3125
46 111 22 87	0.0004851212968249306 0.03125
46 111 22 116	0.000227778439111046 0.0703125
46 111 23	0.0012552901513521268 0.15625
46 111 23 23	0.0012834399832515634 0.13671875
46 111 23 50	0.014180958729773954 0.1875
46 111 23 58	0.0006570841889117043 0.01953125
46 111 23 88	0.001197168023721369 0.15625
46 111 23 115	0.012020138451856514 0.13671875
46 111 24 89	8.95243784242275e-05 0.125
46 111 35 100	1.535361508937464e-05 0.1953125
46 111 36 101	1.4009062958058542e-05 0.0859375
46 111 37 71	6.162644514013854e-06 0.0078125
46 111 37 87	0.000782472613458529 0.0078125
46 111 37 102	0.00020655105188998083 0.0390625
46 111 37 111	8.790213407171127e-05 0.71484375
46 111 39 77	0.00014152068500354888 0.06640625
46 111 39 85	5.4574390175201396e-05 0.1015625
46 111 39 104	1.6680565156565728e-05 0.0625
46 111 39 105	5.195912560439082e-05 0.234375
46 111 40 77	0.00015053700371147813 0.0625
46 111 40 85	4.5445658090119795e-05 0.15234375
46 111 40 104	1.302551610882856e-05 0.05078125
46 111 40 105	5.65560480829951e-05 0.33984375
46 111 41 106	0.0001277811296962732 0.06640625
46 111 41 111	0.0001078205425088615 0.08203125
46 111 43 81	3.217451456701147e-05 0.078125
46 111 43 108	6.938999753915886e-05 0.03125
46 111 43 110	1.758136656446032e-05 0.00390625
46 111 44	0.0007074409929899029 0.02734375
46 111 44 50	0.017985611510791366 0.046875
46 111 44 109	0.00034037970117710415 0.02734375
46 111 44 115	0.006136537969828688 0.03515625
46 111 45 110	2.5151679060577568e-05 0.04296875
46 111 46 102	1.5333690847372405e-05 0.015625
46 111 46 111	0.00013966599580386615 0.83984375
46 111 49 114	1.8099149954971774e-05 0.015625
46 111 50	0.016123258890358726 0.984375
46 111 50 23	0.010730968312081807 0.08984375
46 111 50 50	0.013941715507789764 0.64453125
46 111 50 88	0.010693515102245013 0.08984375
46 111 50 115	0.011891843515421361 0.60546875
46 111 51 116	0.0001332070013892109 0.171875
46 111 53 104	6.22866681615467e-05 0.00390625
46 111 53 105	0.0001431647110000055 0.03515625
46 111 57 122	0.0001134779808416454 0.0390625
46 111 58	0.00041260204532728184 0.03515625
46 111 58 23	0.0005053057099545225 0.00390625
46 111 58 50	0.010505050505050505 0.0625
46 111 58 73	0.00037507032568606614 0.01953125
46 111 62 101	4.708034597328527e-05 0.015625
46 111 62 127	7.840145464852778e-05 0.015625
46 111 67 2	0.0004514579248427755 0.546875
46 111 67 4	0.0003554523427271489 0.03125
46 111 69 2	0.0004657533165188492 0.16796875
46 111 73	0.0005278212899271266 0.0546875
46 111 73 50	0.01806083650190114 0.0859375
46 111 73 115	0.016281062553556127 0.0703125
46 111 88	0.001276660418460915 0.1484375
46 111 88 23	0.0012841581579963542 0.140625
46 111 88 50	0.014142143587891919 0.19140625
46 111 88 58	0.0006570841889117043 0.01953125
46 111 109	0.0005604399453571053 0.0234375
46 111 109 50	0.018991097922848664 0.0234375
46 111 115	0.013806605379639087 0.78125
46 111 115 23	0.009189403823245788 0.09375
46 111 115 50	0.013204355280039057 0.73046875
46 111 115 88	0.01026254485928351 0.09375
46 111 115 115	0.014184986632312402 0.60546875
46 111 123	0.0004418355109512087 0.0390625
46 111 123 23	0.0003449068751437112 0.00390625
46 111 123 50	0.00978547233722243 0.0703125
46 111 123 58	0.0006539632427556659 0.04296875
49 114 20 85	0.0004207597719310297 0.00390625
49 114 46 111	8.711224246196487e-05 0.01953125
49 114 50	0.625 0.01953125
49 114 115	0.6666666666666666 0.015625
50	1.0 1.0
50 1 66	0.007389162561576354 0.14453125
50 1 66 44	0.007177033492822967 0.01171875
50 1 66 115	0.03508771929824561 0.03125
50 6 71	0.00413799516458992 0.16796875
50 6 71 50	0.05806451612903226 0.0625
50 6 87	0.07017543859649122 0.01171875
50 8 8	0.8095238095238095 0.0625
50 8 8 8	0.15384615384615385 0.00390625
50 8 12 77	0.05555555555555555 0.00390625
50 8 46 111	0.0003066631483607785 0.078125
50 8 73	0.8076923076923077 0.0703125
50 8 73 8	0.14634146341463414 0.00390625
50 8 73 73	0.1935483870967742 0.00390625
50 8 123 58	0.5 0.02734375
50 10 6 71	0.0005449591280653951 0.01171875
50 10 32 75	0.0029036004645760743 0.015625
50 10 75	0.02247191011235955 0.10546875
50 10 97 75	0.0024096385542168677 0.015625
50 12 77	0.09428571428571429 0.1015625
50 12 77 50	0.06666666666666667 0.0078125
50 12 77 73	0.1 0.00390625
50 12 77 115	0.0625 0.0078125
50 12 105	0.0039303761931499155 0.02734375
50 12 105 8	0.018691588785046728 0.0078125
50 16 28 105	0.0026714158504007124 0.01171875
50 16 81	0.03197048877958807 0.3203125
50 16 108	0.001088139281828074 0.00390625
50 20 15 100	0.0003791588991753294 0.1015625
50 20 85	0.0010430721825089235 0.328125
50 20 86 2	0.0026886842383825552 0.078125
50 20 95 105	0.0009197516670498966 0.0703125
50 20 104	0.0018832391713747645 0.00390625
50 20 108	0.2 0.00390625
50 22 71	0.01098901098901099 0.01171875
50 22 87	0.046263345195729534 0.04296875
50 23 20 85	0.00047472110135295516 0.0234375
50 23 23	0.9 0.15625
50 23 39 104	0.007462686567164179 0.00390625
50 23 46 111	0.00034858409654024014 0.1796875
50 23 50	0.8085106382978723 0.1328125
50 23 88	0.9285714285714286 0.1796875
50 23 115	0.7297297297297297 0.08984375
50 24 89	0.0026547436076568395 0.13671875
50 33 98	0.5 0.0078125
50 35 80 85	0.0004188335485672402 0.1015625
50 35 100	0.0003928121609656944 0.20703125
50 35 100 44	0.0009551098376313276 0.00390625
50 35 100 50	0.0636237897648686 0.140625
50 35 100 115	0.060191518467852256 0.1328125
50 36 101	0.008669556518839614 0.09765625
50 36 127	0.014705882352941176 0.0078125
50 37 102	0.015195791934541203 0.046875
50 37 111	0.0007673124880107424 0.015625
50 37 111 23	0.0056022408963585435 0.0078125
50 37 111 58	0.00819672131147541 0.00390625
50 39 77 58	0.09090909090909091 0.00390625
50 39 85	0.0049261083743842365 0.00390625
50 39 104	0.009295499021526418 0.07421875
50 39 105	0.0014360938247965534 0.01171875
50 39 105 50	0.05555555555555555 0.0078125
50 39 105 123	0.029411764705882353 0.0078125
50 40 15 100	0.0016728402437567213 0.046875
50 40 30 85	0.0009642271719217047 0.0703125
50 40 77	0.007551240560949299 0.02734375
50 40 93 81	0.013333333333333334 0.01171875
50 40 104	0.0005587632706276774 0.01171875
50 40 104 50	0.06060606060606061 0.0078125
50 40 104 115	0.06060606060606061 0.0078125
50 40 105	0.013919095258808177 0.375
50 40 105 58	0.017045454545454544 0.01171875
50 40 105 115	0.027777777777777776 0.0234375
50 41 106	0.0036072144288577155 0.06640625
50 43 21 85	0.0004361098996947231 0.01171875
50 43 81	0.0021141649048625794 0.00390625
50 43 85	0.0009191176470588235 0.00390625
50 43 95 105	0.002506265664160401 0.00390625
50 43 108	0.03856749311294766 0.04296875
50 44 46 111	0.00023237335652069623 0.02734375
50 44 109	0.4117647058823529 0.02734375
50 45 110	0.005285412262156448 0.046875
50 46 102	0.0017467248908296944 0.0078125
50 46 102 73	0.003484320557491289 0.00390625
50 46 111	0.0004749441636805438 0.87890625
50 46 111 23	0.0019257173944957297 0.1484375
50 46 111 50	0.014662057456192633 0.7421875
50 46 111 58	0.00037574426267414303 0.0390625
50 46 111 73	0.0012711934360193486 0.05859375
50 46 111 88	0.0021166601638704643 0.1484375
50 46 111 115	0.013961889574146095 0.625
50 49 114	0.01092896174863388 0.015625
50 50 1 66	0.0012708498808578236 0.0234375
50 50 12 77	0.004301075268817204 0.0078125
50 50 23	0.5 0.08203125
50 50 35 100	0.0002514189456746513 0.12109375
50 50 46 111	0.00021073306369840175 0.62109375
50 50 50	0.9713375796178344 0.83984375
50 50 57 122	0.0009402914903620122 0.0078125
50 50 67 4	0.02336448598130841 0.0078125
50 50 88	0.574468085106383 0.08203125
50 50 115	0.9592476489028213 0.80078125
50 51 116	0.003991234935044608 0.1796875
50 57 122	0.0113464447806354 0.05078125
50 57 122 50	0.045454545454545456 0.0078125
50 58 8 123	0.8367346938775511 0.0078125
50 58 20 85	0.0005337128624799857 0.0234375
50 58 20 104	0.047058823529411764 0.00390625
50 58 40 85	0.0049261083743842365 0.00390625
50 58 40 104	0.05 0.0078125
50 58 46 111	0.0001941534487561517 0.06640625
50 58 73 123	1.0 0.0078125
50 58 123	0.7333333333333333 0.0625
50 58 123 50	0.20754716981132076 0.04296875
50 62 101	0.009615384615384616 0.0078125
50 62 127	0.027624309392265192 0.01953125
50 63 128	0.013100436681222707 0.0234375
50 67 2	0.14039179104477612 0.5859375
50 67 2 23	0.032719836400818 0.02734375
50 67 2 50	0.18611111111111112 0.12109375
50 67 4	0.03535353535353535 0.01953125
50 67 4 23	0.09523809523809523 0.00390625
50 67 4 115	0.20833333333333334 0.0078125
50 67 21 85	0.00037926297557188077 0.078125
50 67 55	0.06666666666666667 0.00390625
50 67 55 23	0.5 0.00390625
50 69 2	0.05223880597014925 0.01953125
50 69 2 50	0.2222222222222222 0.0078125
50 69 2 115	0.24 0.0078125
50 69 4	0.9090909090909091 0.03125
50 69 55	1.0 0.0078125
50 73 8	0.8260869565217391 0.0703125
50 73 8 8	0.1111111111111111 0.00390625
50 73 8 73	0.2 0.00390625
50 73 37 111	0.0010683760683760685 0.00390625
50 73 40 77	0.0125 0.0078125
50 73 46 111	0.00027831895352073476 0.078125
50 73 73	0.8947368421052632 0.0625
50 73 123 58	0.5 0.02734375
50 88 23	0.9 0.1796875
50 88 46 102	0.004484304932735426 0.00390625
50 88 46 111	0.0003057568747851794 0.17578125
50 88 50	0.7916666666666666 0.1328125
50 88 67 2	0.006660323501427212 0.02734375
50 88 69 2	0.041666666666666664 0.00390625
50 88 88	0.9 0.15625
50 88 115	0.7297297297297297 0.08984375
50 88 120 2	0.125 0.00390625
50 96 31	1.0 0.0078125
50 109 20 85	0.00019878081102570898 0.01171875
50 109 41 106	0.0007686395080707148 0.0078125
50 109 44	0.20833333333333334 0.046875
50 109 46 111	0.00026465153427001074 0.04296875
50 109 109 44	0.017595307917888565 0.00390625
50 115 12 77	0.004291845493562232 0.0078125
50 115 23	0.4634146341463415 0.09765625
50 115 35 100	0.00023780808887228006 0.125
50 115 46 111	0.00020429747882447593 0.6875
50 115 50	0.951048951048951 1.0
50 115 57 122	0.0009082652134423251 0.0078125
50 115 67 2	0.0083315975838367 0.09375
50 115 67 4	0.02032520325203252 0.0078125
50 115 67 55	0.07692307692307693 0.00390625
50 115 69 2	0.026595744680851064 0.0078125
50 115 88	0.5352112676056338 0.09765625
50 115 115	0.9561128526645768 0.796875
50 120 2	0.047619047619047616 0.00390625
50 120 4	1.0 0.0078125
50 120 55	1.0 0.0078125
50 123 20 85	0.00040225261464199515 0.01171875
50 123 23 58	0.75 0.01171875
50 123 58	0.7142857142857143 0.06640625
50 123 58 8	0.4375 0.02734375
50 123 58 73	0.3888888888888889 0.02734375
50 123 88 58	0.75 0.01171875
51 66 35 100	1.8226223890934277e-05 0.00390625
51 87 35 100	4.622844204897063e-05 0.02734375
51 87 46 111	5.5920540984942193e-05 0.0546875
51 87 51 116	0.00034340659340659343 0.0078125
51 116	0.00019521717911176182 0.0078125
51 116 16 81	7.868184763491622e-05 0.02734375
51 116 20 85	7.504074395323094e-05 0.0390625
51 116 23	0.004518072289156626 0.01171875
51 116 24 89	8.012987450059056e-05 0.01953125
51 116 35 100	3.63676813758054e-05 0.046875
51 116 36 101	7.017170289784936e-05 0.01953125
51 116 37 111	3.6340576615929166e-05 0.05859375
51 116 39 77	0.00027878449958182325 0.0078125
51 116 39 105	8.606657062136322e-05 0.01953125
51 116 40 77	0.00029448885149347916 0.0078125
51 116 44 50	0.07142857142857142 0.01953125
51 116 45 110	6.831493424387952e-05 0.0078125
51 116 46 111	4.8404081711393e-05 0.1796875
51 116 50	0.14030612244897958 0.20703125
51 116 51 116	0.0002110407522906492 0.03125
51 116 58	0.002105263157894737 0.00390625
51 116 67 2	0.00043940868146009226 0.03515625
51 116 69 2	0.0012381345439537762 0.0078125
51 116 88	0.004918032786885246 0.01171875
51 116 109	0.0007382798080472499 0.00390625
51 116 115	0.1016949152542373 0.15625
51 116 115 115	0.005076142131979695 0.0078125
51 116 123 50	1.0 0.00390625
57 122	0.001443001443001443 0.0078125
57 122 1 66	0.003656307129798903 0.0078125
57 122 20 85	0.00026389268809406014 0.0234375
57 122 23	0.0196078431372549 0.00390625
57 122 39 85	0.00020431096128307284 0.015625
57 122 39 104	0.0002726529128419522 0.00390625
57 122 46 111	3.82207363448672e-05 0.0390625
57 122 50	0.34782608695652173 0.0546875
57 122 50 50	0.029411764705882353 0.0078125
57 122 50 115	0.02857142857142857 0.0078125
57 122 57 122	0.001589534009404743 0.0078125
57 122 115	0.3181818181818182 0.046875
57 122 115 115	0.029411764705882353 0.0078125
58 20 85	0.0003270824247710423 0.01171875
58 20 85 23	0.004901960784313725 0.00390625
58 20 85 50	0.036585365853658534 0.01953125
58 20 86 2	0.006815968841285297 0.03125
58 35 100	0.00013049719431032232 0.00390625
58 40 104 115	0.25 0.00390625
58 40 105	0.0016420361247947454 0.00390625
58 46 111	0.00017368434111604596 0.0390625
58 46 111 23	0.0009557945041816009 0.00390625
58 46 111 50	0.01477618426770969 0.0546875
58 46 111 115	0.014747859181731684 0.05078125
58 51 116 50	1.0 0.00390625
58 51 116 115	1.0 0.00390625
58 73 8 123	0.8 0.00390625
58 73 20 85	0.0012882447665056361 0.00390625
58 73 39 104	0.16666666666666666 0.00390625
58 73 73 123	0.96 0.00390625
58 73 123	0.8 0.00390625
58 123	0.1875 0.01171875
58 123 1 66	0.013392857142857142 0.01171875
58 123 23	0.3333333333333333 0.0078125
58 123 46 111	0.00022936948876089506 0.04296875
58 123 50	0.75 0.06640625
58 123 57 122	0.012345679012345678 0.00390625
58 123 58 123	0.3548387096774194 0.01171875
58 123 88	0.2 0.00390625
58 123 88 50	1.0 0.0078125
58 123 115	0.6956521739130435 0.05859375
62 101 35 100	6.644976151918922e-05 0.0078125
62 101 50	0.5 0.0078125
62 101 115	0.5 0.0078125
62 127 24 89	0.0004143074161027482 0.0078125
62 127 46 111	5.073346622070234e-05 0.0234375
62 127 50	0.5294117647058824 0.02734375
62 127 67 2	0.009448818897637795 0.0078125
62 127 115	0.45454545454545453 0.01953125
63 128 46 111	0.0001293945750616041 0.01171875
63 128 50	0.5 0.01953125
63 128 115	0.4166666666666667 0.01953125
67 2	0.007457386363636364 0.07421875
67 2 20 85	0.000320446403202755 0.07421875
67 2 23	0.1008174386920981 0.05859375
67 2 24 89	0.0003183868400106129 0.05078125
67 2 35 100	6.719877281137651e-05 0.05859375
67 2 39 104	0.0008385744234800838 0.01171875
67 2 40 105	0.00022302227036671233 0.04296875
67 2 46 111	0.00022620548650721743 0.484375
67 2 50	0.6737683089214381 0.5625
67 2 50 50	0.20360551431601273 0.06640625
67 2 50 115	0.17079646017699116 0.06640625
67 2 51 116	0.000279029535276309 0.03125
67 2 62 127	0.00702576112412178 0.0078125
67 2 67 2	0.003847965377198361 0.140625
67 2 67 4	0.01211361737677527 0.015625
67 2 69 2	0.010918114143920596 0.0390625
67 2 88	0.10317460317460317 0.05859375
67 2 88 50	0.0935672514619883 0.03125
67 2 88 88	0.02564102564102564 0.0234375
67 2 115	0.5748148148148148 0.421875
67 2 115 50	0.19613259668508287 0.10546875
67 2 115 115	0.2068230277185501 0.06640625
67 4	0.036231884057971016 0.0078125
67 4 16 81	0.0019193857965451055 0.0078125
67 4 35 100	0.00010598085279259548 0.01171875
67 4 46 111	0.000176882918669234 0.15234375
67 4 50	0.34615384615384615 0.0234375
67 4 50 50	0.17857142857142858 0.0078125
67 4 69 2	0.008145363408521303 0.0390625
67 4 69 4	0.034552845528455285 0.0078125
67 4 115	0.25 0.015625
67 4 115 50	0.16129032258064516 0.0078125
67 4 115 115	0.17857142857142858 0.0078125
67 6 71	2.2580669441580045e-05 0.0078125
67 6 71 2	0.0005715606614270967 0.3125
67 6 71 4	0.0009932563124052487 0.0234375
67 21 18 85	0.00019983147032297184 0.09375
67 21 83 85	0.00019859692210507973 0.09375
67 21 85	0.0003466979303045924 0.078125
67 21 85 23	0.0022545603607296576 0.01953125
67 21 85 50	0.039727582292849034 0.08203125
67 21 85 115	0.04146692233940556 0.07421875
67 21 85 123	0.005765534913516977 0.02734375
67 21 86 2	0.004418706773520694 0.0859375
67 21 86 4	0.0031302170283806345 0.0078125
67 21 92 85	0.00020117236405349474 0.07421875
67 21 95 75	0.0005387931034482759 0.00390625
67 55	0.1111111111111111 0.00390625
67 55 46 111	0.0001260225007446784 0.0234375
67 55 50	0.16666666666666666 0.00390625
67 55 115	0.16666666666666666 0.00390625
67 55 120 2	0.039603960396039604 0.015625
67 61 18 85	4.1299900604905876e-05 0.03125
67 61 85	0.00017744339555681736 0.01953125
67 61 86 4	0.0022658610271903325 0.0078125
67 61 104 50	0.012987012987012988 0.00390625
67 61 117 81	0.004979253112033195 0.01171875
67 61 126 2	0.0014458198051948052 0.10546875
67 61 126 4	0.001534526854219949 0.0078125
69 2	0.03571428571428571 0.0078125
69 2 16 81	0.0015991471215351812 0.00390625
69 2 20 85	0.00029171528588098014 0.0078125
69 2 23 50	0.3333333333333333 0.00390625
69 2 35 100	4.148172729912474e-05 0.00390625
69 2 40 105	0.0012 0.00390625
69 2 46 111	0.0001706154295407492 0.02734375
69 2 50	0.3103448275862069 0.0234375
69 2 50 50	0.2222222222222222 0.0078125
69 2 50 115	0.18181818181818182 0.0078125
69 2 67 2	0.012480840814539085 0.015625
69 2 115	0.2608695652173913 0.015625
69 2 115 50	0.2222222222222222 0.0078125
69 2 115 115	0.2222222222222222 0.0078125
69 4 50	1.0 0.03515625
69 4 69 2	0.033073929961089495 0.0078125
69 4 115	1.0 0.02734375
69 6 71 2	0.0011783404581826153 0.0234375
69 21 83 85	8.404597314731158e-05 0.01171875
69 21 85	0.0003073613032119256 0.00390625
69 21 86 2	0.00819000819000819 0.0078125
69 21 126 2	0.004048582995951417 0.0078125
69 55 50	1.0 0.0078125
69 55 115	1.0 0.0078125
69 61 126 2	0.004201680672268907 0.01171875
73 8 8 50	0.9393939393939394 0.0078125
73 8 8 115	0.6 0.00390625
73 8 12 77	0.026785714285714284 0.00390625
73 8 50	1.0 0.07421875
73 8 73 50	0.9459459459459459 0.0078125
73 8 73 115	0.7777777777777778 0.00390625
73 8 115	1.0 0.05859375
73 12 77	0.05555555555555555 0.00390625
73 20 85	0.0003707136237256719 0.0078125
73 37 111 115	0.015625 0.00390625
73 46 111	0.00020104399273369568 0.0546875
73 46 111 23	0.0017173699705593719 0.01953125
73 46 111 50	0.010606060606060607 0.06640625
73 46 111 115	0.009931425868999763 0.0546875
73 73 8 50	0.8823529411764706 0.0078125
73 73 8 115	0.6 0.00390625
73 73 12 77	0.026785714285714284 0.00390625
73 73 46 111	0.0001333989211362253 0.0546875
73 73 50	1.0 0.07421875
73 73 73 50	0.8823529411764706 0.0078125
73 73 73 115	0.6 0.00390625
73 73 115	1.0 0.05859375
88	0.47619047619047616 0.078125
88 1 66	0.009174311926605505 0.00390625
88 6 71	0.0014038371548900327 0.0078125
88 6 87	1.0 0.00390625
88 10 75	0.004048582995951417 0.01171875
88 12 77	0.10714285714285714 0.01171875
88 16 81	0.010575793184488837 0.03125
88 20 85	0.0005099439061703213 0.02734375
88 20 85 23	0.010452961672473868 0.01171875
88 20 85 88	0.01171875 0.01171875
88 20 85 123	0.013986013986013986 0.00390625
88 20 104	0.014285714285714285 0.00390625
88 22 71	0.005649717514124294 0.00390625
88 22 87	0.029411764705882353 0.00390625
88 23 23	0.42857142857142855 0.0703125
88 23 50	1.0 0.20703125
88 23 67 2	0.005865102639296188 0.0234375
88 23 88	0.46938775510204084 0.078125
88 23 115	0.9487179487179487 0.12890625
88 24 89	0.001513431706394249 0.015625
88 35 100	9.891441430302431e-05 0.015625
88 37 102	0.023809523809523808 0.00390625
88 37 111	0.0013605442176870747 0.00390625
88 39 85	0.0049261083743842365 0.00390625
88 39 85 123	0.4444444444444444 0.00390625
88 39 104	0.025 0.0078125
88 39 104 58	0.058823529411764705 0.00390625
88 39 105	0.008928571428571428 0.00390625
88 40 77	0.0196078431372549 0.0078125
88 40 105	0.011065006915629323 0.03125
88 43 108	0.0625 0.00390625
88 46 111	0.00033349174191074095 0.1484375
88 46 111 23	0.003615612476041122 0.07421875
88 46 111 50	0.014701492537313433 0.1640625
88 46 111 58	0.0015076134479119555 0.01171875
88 46 111 115	0.012160052584011174 0.1171875
88 50 23	0.8421052631578947 0.05859375
88 50 46 111	0.00027442693774820936 0.08203125
88 50 50	0.9 0.09375
88 50 88	0.8095238095238095 0.0625
88 50 115	0.6923076923076923 0.0703125
88 51 116	0.003316749585406302 0.01171875
88 58 8 123	0.8333333333333334 0.00390625
88 58 20 85	0.0049261083743842365 0.00390625
88 58 20 104	0.5 0.00390625
88 58 123	0.6666666666666666 0.00390625
88 67 2	0.06650544135429262 0.05859375
88 67 4 50	0.3333333333333333 0.00390625
88 67 21 85	0.0001959967660533601 0.0078125
88 88 23	0.42857142857142855 0.0703125
88 88 46 111	0.00026609422294090405 0.140625
88 88 50	1.0 0.19921875
88 88 88	0.44680851063829785 0.0703125
88 88 115	0.9473684210526315 0.125
88 115 20 85	0.0003667481662591687 0.01171875
88 115 23	0.8695652173913043 0.0703125
88 115 50	0.8837209302325582 0.11328125
88 115 88	0.9166666666666666 0.078125
88 115 115	0.8888888888888888 0.07421875
88 123 46 102	0.045454545454545456 0.00390625
88 123 46 111	0.00034211426616489907 0.00390625
88 123 58	0.3333333333333333 0.00390625
109 6 71 50	0.21428571428571427 0.01171875
109 6 71 115	0.11538461538461539 0.0078125
109 20 85	0.00028555111364934324 0.01171875
109 20 92 85	0.00017332524482190832 0.00390625
109 23 46 111	0.00012317546344768122 0.0078125
109 35 100	0.0001563721657544957 0.0078125
109 35 100 50	0.043478260869565216 0.00390625
109 35 100 115	0.046153846153846156 0.00390625
109 44 35 100	9.579461634256155e-05 0.01171875
109 44 39 104	0.0016057808109193096 0.00390625
109 44 50	0.8055555555555556 0.04296875
109 44 57 122	0.0016313213703099511 0.00390625
109 44 115	0.8518518518518519 0.03515625
109 45 110 50	0.046875 0.00390625
109 46 111	8.239871824216067e-05 0.015625
109 46 111 50	0.017472335468841003 0.04296875
109 46 111 115	0.012578616352201259 0.03515625
109 51 116 50	0.06722689075630252 0.01953125
115	0.9951219512195122 0.796875
115 1 66	0.006728496090198217 0.125
115 6 71	0.003751803751803752 0.1328125
115 6 71 115	0.060209424083769635 0.0546875
115 8 8	0.8 0.05859375
115 8 8 8	0.15789473684210525 0.00390625
115 8 8 73	0.25 0.00390625
115 8 40 77	0.0125 0.0078125
115 8 46 111	0.00030811418711774584 0.07421875
115 8 73	0.7916666666666666 0.0625
115 8 73 8	0.15384615384615385 0.00390625
115 8 73 73	0.2 0.00390625
115 10 32 75	0.00441306266548985 0.015625
115 10 75	0.02360655737704918 0.078125
115 12 77	0.0891089108910891 0.08203125
115 12 77 50	0.06818181818181818 0.0078125
115 12 77 73	0.11764705882352941 0.00390625
115 12 105	0.00315059861373661 0.01953125
115 12 105 8	0.02 0.0078125
115 16 28 105	0.0026714158504007124 0.01171875
115 16 52 105	0.0018856065367693275 0.01171875
115 16 81	0.030803080308030802 0.25390625
115 16 108	0.0012578616352201257 0.00390625
115 20 77	0.00141643059490085 0.00390625
115 20 83 85	8.308739464518358e-05 0.05078125
115 20 85	0.0009907011417585436 0.30859375
115 20 85 115	0.061371841155234655 0.140625
115 20 86 2	0.0026837503246472166 0.07421875
115 20 95 105	0.0010234311877188257 0.06640625
115 20 108	0.25 0.00390625
115 22 71	0.016042780748663103 0.0078125
115 22 87	0.04285714285714286 0.0390625
115 23 23	0.9473684210526315 0.12890625
115 23 50	0.9 0.10546875
115 23 88	0.9545454545454546 0.1484375
115 23 115	0.8 0.0859375
115 24 89	0.0028951939779965257 0.10546875
115 33 98	0.5 0.0078125
115 35 80 85	0.00041314311535730426 0.09765625
115 35 80 105	0.0010347376201034738 0.05078125
115 35 80 108	0.02631578947368421 0.00390625
115 35 100	0.0004043164264004684 0.19921875
115 35 100 50	0.06584992343032159 0.13671875
115 35 100 58	0.0008107012565869477 0.0078125
115 35 100 115	0.06525037936267071 0.1328125
115 36 101	0.007686932215234102 0.0859375
115 36 127	0.014814814814814815 0.0078125
115 37 102	0.014767932489451477 0.03125
115 37 111	0.0012674271229404308 0.00390625
115 39 104	0.008290155440414507 0.0625
115 39 104 58	0.0425531914893617 0.0078125
115 39 105	0.001038961038961039 0.0078125
115 39 105 50	0.06666666666666667 0.0078125
115 39 105 115	0.08 0.0078125
115 39 105 123	0.0125 0.00390625
115 40 15 100	0.0016728402437567213 0.046875
115 40 77	0.00625 0.01953125
115 40 104	0.00041160732661041366 0.0078125
115 40 104 50	0.06896551724137931 0.0078125
115 40 104 58	0.029411764705882353 0.015625
115 40 105	0.013130166963851516 0.31640625
115 40 105 58	0.02 0.01171875
115 41 106	0.0032397408207343412 0.046875
115 43 81	0.0021141649048625794 0.00390625
115 43 85	0.0009191176470588235 0.00390625
115 43 108	0.03856749311294766 0.04296875
115 44 109	0.375 0.01953125
115 45 110	0.0045871559633027525 0.0390625
115 46 102	0.0009492168960607499 0.0078125
115 46 102 73	0.004 0.00390625
115 46 111	0.0004638069086461915 0.8046875
115 46 111 23	0.0017671195950600522 0.12890625
115 46 111 50	0.014308481152993349 0.6484375
115 46 111 58	0.00042691537223736494 0.0390625
115 46 111 73	0.0013444932585971823 0.0546875
115 46 111 88	0.001984574444093636 0.12890625
115 46 111 115	0.015003125651177328 0.62109375
115 46 111 123	0.0008058300049050522 0.05078125
115 49 114	0.01092896174863388 0.015625
115 50 6 71	0.0007071064195161372 0.05078125
115 50 12 77	0.004301075268817204 0.0078125
115 50 23	0.5 0.08203125
115 50 35 100	0.0002514189456746513 0.12109375
115 50 40 104	0.0003624501631025734 0.0078125
115 50 46 111	0.00020939247628358267 0.62109375
115 50 50	0.9714285714285714 0.84375
115 50 67 2	0.005925925925925926 0.0703125
115 50 67 4	0.02336448598130841 0.0078125
115 50 69 2	0.03048780487804878 0.0078125
115 50 88	0.574468085106383 0.08203125
115 50 115	0.9561128526645768 0.796875
115 51 116	0.0039878465628560575 0.15625
115 57 122	0.010678871090770405 0.046875
115 57 122 50	0.045454545454545456 0.0078125
115 57 122 115	0.045454545454545456 0.0078125
115 58 46 111	0.0001941534487561517 0.06640625
115 58 51 116	0.058823529411764705 0.00390625
115 58 123	0.6956521739130435 0.05859375
115 62 101	0.009615384615384616 0.0078125
115 62 127	0.027624309392265192 0.01953125
115 63 128	0.013966480446927373 0.01953125
115 67 2	0.1441111923920995 0.421875
115 67 2 50	0.123094958968347 0.08203125
115 67 2 115	0.12307692307692308 0.08203125
115 67 4	0.043478260869565216 0.015625
115 67 4 50	0.22727272727272727 0.0078125
115 67 4 115	0.21739130434782608 0.0078125
115 67 21 85	0.0004149529111436434 0.07421875
115 67 55	0.125 0.00390625
115 69 2	0.05172413793103448 0.015625
115 69 2 50	0.23076923076923078 0.0078125
115 69 2 115	0.2608695652173913 0.0078125
115 69 4	0.9 0.02734375
115 69 55	1.0 0.0078125
115 73 8	0.8 0.05859375
115 73 8 8	0.11538461538461539 0.00390625
115 73 8 73	0.21875 0.00390625
115 73 46 111	0.00030811418711774584 0.07421875
115 73 73	0.8888888888888888 0.05859375
115 88 23	0.9487179487179487 0.1328125
115 88 50	0.9 0.10546875
115 88 88	0.9473684210526315 0.12890625
115 88 115	0.8 0.0859375
115 109 20 85	0.00019878081102570898 0.01171875
115 109 44	0.1796875 0.03515625
115 115 12 77	0.00468384074941452 0.0078125
115 115 20 85	0.00038493383495780256 0.140625
115 115 23	0.48 0.078125
115 115 35 100	0.00024637543826400073 0.12109375
115 115 40 104	0.0003672420124862284 0.0078125
115 115 46 111	0.00021110884923058364 0.6171875
115 115 50	0.9713375796178344 0.83984375
115 115 67 2	0.00644438217988232 0.06640625
115 115 67 4	0.026041666666666668 0.0078125
115 115 69 2	0.03048780487804878 0.0078125
115 115 88	0.5714285714285714 0.078125
115 115 115	0.9733333333333334 0.796875
115 120 2	0.047619047619047616 0.00390625
115 120 4	1.0 0.0078125
115 120 55	1.0 0.0078125
115 123 39 105	0.002313475997686524 0.015625
115 123 46 111	0.0001483476355669162 0.0390625
115 123 58	0.6666666666666666 0.046875
120 2	0.047619047619047616 0.00390625
120 2 46 111	0.00019279241968767627 0.0078125
120 2 50	0.125 0.00390625
120 2 115	0.16666666666666666 0.00390625
120 4 50	1.0 0.0078125
120 4 115	1.0 0.0078125
120 55 50	1.0 0.01171875
120 55 115	1.0 0.0078125
123 12 104 115	0.25 0.00390625
123 20 83 108	0.08333333333333333 0.00390625
123 20 85 50	0.028037383177570093 0.01171875
123 23 46 111	0.000327075292732387 0.015625
123 35 100 50	0.04225352112676056 0.01171875
123 39 104 50	0.5833333333333334 0.02734375
123 39 105	0.00072992700729927 0.00390625
123 40 117 105	0.0136986301369863 0.00390625
123 46 102 50	0.5 0.01953125
123 46 111	0.00016024540439072408 0.03515625
123 46 111 50	0.011299435028248588 0.0625
123 46 111 115	0.006690454950936664 0.0390625
123 58 12 77	0.010752688172043012 0.00390625
123 58 23	0.14285714285714285 0.00390625
123 58 50	0.9090909090909091 0.0703125
123 58 73 115	0.7777777777777778 0.02734375
123 58 88	0.2 0.00390625
123 58 115	0.875 0.046875
