74	1.0 1.0
74 6 71	0.07692307692307693 0.25
74 9 74	1.0 1.0
74 30 34 117	0.03282828282828283 0.75
74 30 95	0.0036292573981016193 0.75
74 30 95 117	0.025048169556840076 0.75
74 33 98	0.040983606557377046 0.625
74 42 107	1.0 0.125
74 49 114	0.003289473684210526 0.125
74 52 30 95	0.0036292573981016193 0.75
74 52 52 117	0.027083333333333334 0.75
74 52 99 95	0.0036262203626220364 0.75
74 52 117	0.031504617055947856 0.75
74 52 117 117	0.03233830845771144 0.75
74 81 16	0.7142857142857143 0.125
87 22 74	1.0 1.0
87 35 80 95	0.0014727540500736377 0.75
87 35 80 117	0.012422360248447204 0.75
87 72 49 114	0.0024875621890547263 0.125
