90	1.0 1.0
90 0 39 93	0.42857142857142855 0.041666666666666664
90 0 39 118	0.3333333333333333 0.013888888888888888
90 0 45	0.1111111111111111 0.013888888888888888
90 0 65	1.0 0.041666666666666664
90 6 71 10	0.34375 0.041666666666666664
90 14 45	0.2857142857142857 0.013888888888888888
90 14 79	0.5714285714285714 0.041666666666666664
90 14 79 32	1.0 0.013888888888888888
90 17 82	0.309375 0.2222222222222222
90 17 82 32	0.4861111111111111 0.05555555555555555
90 17 82 97	0.4453125 0.06944444444444445
90 21 34 93	0.6666666666666666 0.027777777777777776
90 21 34 118	1.0 0.013888888888888888
90 21 86	0.2 0.013888888888888888
90 21 86 97	1.0 0.013888888888888888
90 21 95 93	0.6666666666666666 0.027777777777777776
90 21 95 118	1.0 0.013888888888888888
90 21 117 93	0.6666666666666666 0.027777777777777776
90 21 117 118	1.0 0.013888888888888888
90 25 90	1.0 1.0
90 25 90 32	0.5451388888888888 0.08333333333333333
90 25 90 97	0.292910447761194 0.125
90 28 30 86	0.0020222446916076846 0.013888888888888888
90 28 30 95	0.02009132420091324 0.16666666666666666
90 28 30 121	0.5 0.013888888888888888
90 28 52 86	0.022222222222222223 0.013888888888888888
90 28 52 93	0.08928571428571429 0.027777777777777776
90 28 52 95	0.036036036036036036 0.08333333333333333
90 28 52 118	0.14444444444444443 0.05555555555555555
90 28 52 121	0.3333333333333333 0.013888888888888888
90 28 77 45	0.0379746835443038 0.013888888888888888
90 28 93	0.2634730538922156 0.4305555555555556
90 28 93 32	0.28125 0.06944444444444445
90 28 93 33	0.3333333333333333 0.013888888888888888
90 28 93 97	0.078125 0.05555555555555555
90 28 99 86	0.002150537634408602 0.013888888888888888
90 28 99 95	0.027065527065527065 0.16666666666666666
90 28 99 121	0.3333333333333333 0.013888888888888888
90 28 104 45	0.0441527446300716 0.013888888888888888
90 28 104 65	0.3333333333333333 0.013888888888888888
90 28 105 10	0.027777777777777776 0.041666666666666664
90 28 105 45	0.023017902813299233 0.013888888888888888
90 28 117 93	0.25 0.05555555555555555
90 28 118	0.11510791366906475 0.16666666666666666
90 28 118 10	0.05084745762711865 0.027777777777777776
90 28 118 97	0.36363636363636365 0.041666666666666664
90 28 121 124	0.6666666666666666 0.05555555555555555
90 28 122 45	0.16666666666666666 0.013888888888888888
90 28 124	0.4 0.027777777777777776
90 28 124 32	1.0 0.027777777777777776
90 29 94	0.1532258064516129 0.16666666666666666
90 29 94 32	0.1875 0.041666666666666664
90 29 94 97	0.003952569169960474 0.013888888888888888
90 29 102 10	0.08823529411764706 0.027777777777777776
90 30 18 95	0.008590391460403898 0.2361111111111111
90 30 18 121	0.5058139534883721 0.013888888888888888
90 30 27 95	0.003966552315608919 0.125
90 30 34 93	0.22093023255813954 0.09722222222222222
90 30 34 118	0.22058823529411764 0.09722222222222222
90 30 77 45	0.03333333333333333 0.013888888888888888
90 30 83 95	0.008564895843418808 0.2361111111111111
90 30 83 121	0.5058139534883721 0.013888888888888888
90 30 85 10	0.004807692307692308 0.013888888888888888
90 30 85 45	0.012330456226880395 0.013888888888888888
90 30 92 95	0.003830624288228595 0.125
90 30 95	0.008831168831168832 0.2916666666666667
90 30 95 32	0.2894736842105263 0.05555555555555555
90 30 95 93	0.21568627450980393 0.1111111111111111
90 30 95 97	0.631578947368421 0.05555555555555555
90 30 95 118	0.2087912087912088 0.125
90 30 95 124	0.625 0.1388888888888889
90 30 117 93	0.13114754098360656 0.05555555555555555
90 30 117 118	0.15555555555555556 0.05555555555555555
90 30 121	1.0 0.013888888888888888
90 32	0.47368421052631576 0.08333333333333333
90 32 17 82	0.285 0.20833333333333334
90 32 21 86	0.2 0.013888888888888888
90 32 25 90	0.8010204081632653 0.5694444444444444
90 32 28 93	0.08064516129032258 0.06944444444444445
90 32 28 118	0.03773584905660377 0.027777777777777776
90 32 29 94	0.02631578947368421 0.013888888888888888
90 32 30 95	0.008368200836820083 0.16666666666666666
90 32 30 121	1.0 0.013888888888888888
90 32 32	0.3333333333333333 0.013888888888888888
90 32 32 97	0.05128205128205128 0.05555555555555555
90 32 53 93	0.05714285714285714 0.05555555555555555
90 32 53 118	0.05555555555555555 0.05555555555555555
90 32 59 124	0.6363636363636364 0.08333333333333333
90 32 97	0.42857142857142855 0.2638888888888889
90 32 97 32	0.5517241379310345 0.08333333333333333
90 32 97 97	0.2 0.013888888888888888
90 45 110	0.29213483146067415 0.06944444444444445
90 53 30 86	0.000966183574879227 0.013888888888888888
90 53 30 95	0.005909797822706065 0.2222222222222222
90 53 30 121	0.6666666666666666 0.013888888888888888
90 53 52 86	0.01282051282051282 0.013888888888888888
90 53 52 95	0.04142011834319527 0.09722222222222222
90 53 52 121	0.5 0.013888888888888888
90 53 77 45	0.02040816326530612 0.013888888888888888
90 53 93	0.11347517730496454 0.19444444444444445
90 53 93 32	0.1 0.027777777777777776
90 53 93 97	0.13333333333333333 0.027777777777777776
90 53 99 86	0.001519756838905775 0.013888888888888888
90 53 99 95	0.008960573476702509 0.20833333333333334
90 53 99 121	0.5 0.013888888888888888
90 53 104 45	0.026030368763557483 0.013888888888888888
90 53 104 65	0.3333333333333333 0.013888888888888888
90 53 105 10	0.0594059405940594 0.013888888888888888
90 53 105 45	0.010273972602739725 0.013888888888888888
90 53 117 93	0.26 0.05555555555555555
90 53 118	0.1781609195402299 0.3194444444444444
90 53 118 10	0.08695652173913043 0.027777777777777776
90 53 118 32	0.1875 0.027777777777777776
90 53 118 97	0.2222222222222222 0.05555555555555555
90 53 121 124	0.5294117647058824 0.09722222222222222
90 53 124	0.3333333333333333 0.013888888888888888
90 56 18 95	0.006546644844517185 0.16666666666666666
90 56 34 93	0.058823529411764705 0.013888888888888888
90 56 34 118	0.07692307692307693 0.013888888888888888
90 56 83 95	0.006543075245365322 0.16666666666666666
90 56 95	0.04225352112676056 0.041666666666666664
90 56 95 93	0.1 0.027777777777777776
90 56 95 97	0.5 0.013888888888888888
90 56 95 118	0.11764705882352941 0.027777777777777776
90 56 95 124	0.42857142857142855 0.013888888888888888
90 56 117 93	0.058823529411764705 0.013888888888888888
90 56 117 118	0.07692307692307693 0.013888888888888888
90 56 121	1.0 0.027777777777777776
90 59 30 95	0.011082963901203294 0.19444444444444445
90 59 30 121	1.0 0.013888888888888888
90 59 56 93	0.35294117647058826 0.05555555555555555
90 59 56 118	0.36 0.08333333333333333
90 59 93	0.25 0.027777777777777776
90 59 93 32	0.4 0.027777777777777776
90 59 118	0.5 0.013888888888888888
90 59 124	0.515625 0.2638888888888889
90 59 124 32	0.375 0.08333333333333333
90 59 124 97	0.25925925925925924 0.06944444444444445
90 75 6 71	0.00013253331405576037 0.013888888888888888
90 75 10	0.53315649867374 0.2361111111111111
90 75 10 32	0.7459016393442623 0.041666666666666664
90 75 10 33	0.7777777777777778 0.013888888888888888
90 75 20 95	0.0005428881650380022 0.013888888888888888
90 75 37 94	0.043478260869565216 0.013888888888888888
90 75 40 93	0.024844720496894408 0.041666666666666664
90 75 40 118	0.03125 0.041666666666666664
90 75 44 10	0.14814814814814814 0.041666666666666664
90 75 45 10	0.30434782608695654 0.05555555555555555
90 75 53 93	0.024896265560165973 0.041666666666666664
90 75 53 118	0.03636363636363636 0.041666666666666664
90 75 109 10	0.1111111111111111 0.027777777777777776
90 75 110 10	0.30434782608695654 0.05555555555555555
90 76 11	1.0 0.027777777777777776
90 97	0.0989010989010989 0.125
90 97 14 32	1.0 0.027777777777777776
90 97 14 79	0.03333333333333333 0.013888888888888888
90 97 17 82	0.35 0.19444444444444445
90 97 25 90	0.9573170731707317 0.5694444444444444
90 97 28 93	0.020224719101123594 0.09722222222222222
90 97 28 118	0.0045662100456621 0.027777777777777776
90 97 28 124	0.5 0.027777777777777776
90 97 29 94	0.05263157894736842 0.027777777777777776
90 97 30 95	0.0037174721189591076 0.125
90 97 32	0.9595959595959596 0.20833333333333334
90 97 32 32	0.875 0.041666666666666664
90 97 32 97	0.01714830104795173 0.125
90 97 33	1.0 0.013888888888888888
90 97 53 118	0.0297029702970297 0.041666666666666664
90 97 59 93	0.6666666666666666 0.013888888888888888
90 97 59 124	0.5625 0.1111111111111111
90 97 75 10	0.046122655854029394 0.05555555555555555
90 97 79 32	1.0 0.013888888888888888
90 97 97	0.05 0.013888888888888888
90 97 97 32	0.2413793103448276 0.05555555555555555
90 97 107 42	0.5 0.027777777777777776
90 98 28 93	0.14285714285714285 0.013888888888888888
90 98 32	1.0 0.013888888888888888
90 98 33	1.0 0.013888888888888888
90 98 75 10	0.05785123966942149 0.027777777777777776
90 107 42	0.46153846153846156 0.041666666666666664
90 107 42 32	0.6666666666666666 0.013888888888888888
90 110 12 93	0.0967741935483871 0.041666666666666664
90 110 12 95	0.0008375209380234506 0.013888888888888888
90 110 12 118	0.037037037037037035 0.013888888888888888
90 110 20 95	0.0007743534148985597 0.013888888888888888
90 110 39 93	0.21637426900584794 0.05555555555555555
90 110 39 118	0.09448818897637795 0.013888888888888888
90 110 40 93	0.11538461538461539 0.041666666666666664
90 110 40 118	0.030303030303030304 0.013888888888888888
90 110 44 45	0.07692307692307693 0.013888888888888888
90 110 45	0.28888888888888886 0.013888888888888888
90 110 57 93	1.0 0.013888888888888888
90 110 58 45	0.1111111111111111 0.013888888888888888
90 110 65	0.6666666666666666 0.027777777777777776
90 110 79	1.0 0.013888888888888888
90 110 109 45	0.045454545454545456 0.013888888888888888
90 110 123 45	0.14285714285714285 0.013888888888888888
