17 82 107	1.0 0.023809523809523808
25 90 97 107	1.0 0.047619047619047616
25 90 107	0.8571428571428571 0.09523809523809523
28 27 27 117	0.25 0.023809523809523808
28 27 92 117	0.2631578947368421 0.023809523809523808
28 56 121 117	0.3333333333333333 0.023809523809523808
28 77 12 117	0.17692307692307693 0.023809523809523808
28 77 39 117	0.14285714285714285 0.023809523809523808
28 77 40 117	0.24390243902439024 0.023809523809523808
28 92 92 117	0.3333333333333333 0.023809523809523808
28 93 28 117	0.2608695652173913 0.023809523809523808
28 93 49 114	0.003289473684210526 0.023809523809523808
28 93 107	1.0 0.11904761904761904
28 104 12 117	0.14285714285714285 0.023809523809523808
28 104 39 117	0.24250681198910082 0.023809523809523808
28 104 40 117	0.012048192771084338 0.023809523809523808
28 104 49 114	0.002751031636863824 0.023809523809523808
28 105 12 117	0.18181818181818182 0.023809523809523808
28 105 40 117	0.19424460431654678 0.023809523809523808
28 105 123 121	1.0 0.023809523809523808
28 117	0.2 0.023809523809523808
28 117 42 107	1.0 0.023809523809523808
28 117 49 114	0.007075471698113208 0.023809523809523808
28 117 52 117	0.23076923076923078 0.023809523809523808
28 117 56 121	1.0 0.023809523809523808
28 118 53 117	0.2 0.023809523809523808
28 121 28 117	0.3333333333333333 0.023809523809523808
28 121 56 117	0.3076923076923077 0.023809523809523808
28 121 124 107	1.0 0.023809523809523808
28 126 61 117	0.12341772151898735 0.023809523809523808
28 126 61 121	0.005434782608695652 0.023809523809523808
32 25 90 107	0.6666666666666666 0.023809523809523808
32 97 107	1.0 0.023809523809523808
45 110 49 114	0.003289473684210526 0.023809523809523808
45 110 107	1.0 0.023809523809523808
49 113 48 114	0.003289473684210526 0.07142857142857142
49 114	0.003289473684210526 0.07142857142857142
49 114 26 107	0.011695906432748537 0.047619047619047616
49 114 42 107	0.05333333333333334 0.07142857142857142
49 114 49 114	0.003317555574338602 0.07142857142857142
49 114 52 117	0.0029154518950437317 0.047619047619047616
49 114 107	0.3333333333333333 0.07142857142857142
53 118 107	1.0 0.07142857142857142
59 56 93 107	1.0 0.023809523809523808
59 93 32 107	1.0 0.023809523809523808
59 124 32 107	1.0 0.023809523809523808
59 124 107	1.0 0.023809523809523808
81 12 27 117	0.4 0.023809523809523808
81 12 117	0.07142857142857142 0.023809523809523808
81 16 107	1.0 0.023809523809523808
81 26 49 114	0.003289473684210526 0.023809523809523808
81 39 27 117	0.8333333333333334 0.023809523809523808
81 39 117	0.2727272727272727 0.023809523809523808
81 40 117	0.017543859649122806 0.023809523809523808
81 43 107	1.0 0.023809523809523808
81 45 107	1.0 0.023809523809523808
81 49 114	0.0012453300124533001 0.023809523809523808
81 57 27 117	1.0 0.023809523809523808
91 20 18 95	0.0003489871785145285 0.047619047619047616
91 20 34 117	0.08759124087591241 0.047619047619047616
91 20 83 95	0.0003479576399394856 0.047619047619047616
91 20 85 72	0.10294117647058823 0.07142857142857142
91 20 95	0.009487666034155597 0.11904761904761904
91 20 95 117	0.08955223880597014 0.047619047619047616
91 26 30 95	0.01330671989354624 0.11904761904761904
91 26 49 114	0.0031629554655870445 0.2619047619047619
91 26 107	0.7142857142857143 0.7857142857142857
91 35 80 95	0.0009383063570255688 0.11904761904761904
91 40 30 95	0.0183206106870229 0.07142857142857142
91 40 99 95	0.017361111111111112 0.047619047619047616
91 40 117	0.14634146341463414 0.07142857142857142
91 43 107	1.0 0.047619047619047616
91 49 114	0.004523026315789474 0.6904761904761905
91 49 114 107	0.011695906432748537 0.047619047619047616
91 49 114 121	0.047619047619047616 0.023809523809523808
91 67 49 114	0.003289473684210526 0.07142857142857142
91 115 20 95	0.0078125 0.023809523809523808
97 28 124 107	1.0 0.023809523809523808
97 32 107	1.0 0.023809523809523808
97 59 124 107	1.0 0.023809523809523808
107	1.0 1.0
107 7 20 95	0.006329113924050633 0.047619047619047616
107 7 72	0.12280701754385964 0.3333333333333333
107 9 74	1.0 0.023809523809523808
107 30 34 117	0.13333333333333333 0.047619047619047616
107 30 85 72	0.14285714285714285 0.047619047619047616
107 30 95	0.011013215859030838 0.11904761904761904
107 30 95 117	0.09523809523809523 0.047619047619047616
107 42 28 117	0.14285714285714285 0.047619047619047616
107 42 49 114	0.003289473684210526 0.09523809523809523
107 42 107	0.8548387096774194 1.0
107 49 114	0.00929936305732484 0.8571428571428571
107 49 114 107	0.07017543859649122 0.09523809523809523
107 49 114 121	0.05263157894736842 0.047619047619047616
107 52 30 95	0.02857142857142857 0.047619047619047616
107 52 92 121	0.5 0.047619047619047616
107 52 93 107	1.0 0.047619047619047616
107 52 99 95	0.018867924528301886 0.047619047619047616
107 52 117	0.4266666666666667 0.6190476190476191
107 56 27 117	0.13333333333333333 0.023809523809523808
107 56 49 114	0.011627906976744186 0.047619047619047616
107 56 121	0.5 0.16666666666666666
107 124 59	0.3333333333333333 0.023809523809523808
108 8 20 95	0.0078125 0.023809523809523808
108 16 107	1.0 0.023809523809523808
108 20 85 72	0.1 0.023809523809523808
108 20 95	0.0006222775357809583 0.023809523809523808
108 26 107	1.0 0.047619047619047616
108 39 27 117	1.0 0.023809523809523808
108 39 117	0.8571428571428571 0.023809523809523808
108 43 107	1.0 0.09523809523809523
108 49 114	0.058823529411764705 0.047619047619047616
108 57 27 117	1.0 0.023809523809523808
108 73 20 95	0.0078125 0.023809523809523808
110 16 107	1.0 0.023809523809523808
110 45 107	1.0 0.023809523809523808
