1 66 8 41	0.09134615384615384 0.008624407072013798
1 66 23 41	0.28548123980424145 0.031910306166451054
1 66 37	0.00036563071297989033 0.0008624407072013799
1 66 41	0.19395452024403773 0.08408796895213454
1 66 44 41	0.20054446460980035 0.031910306166451054
1 66 50 41	0.4016393442622951 0.02112979732643381
1 66 58 41	0.16188524590163936 0.03967227253126347
1 66 73 41	0.09134615384615384 0.008624407072013798
1 66 77 41	0.3333333333333333 0.0008624407072013799
1 66 85 41	0.2788104089219331 0.009486847779215178
1 66 88 41	0.28548123980424145 0.031910306166451054
1 66 109 41	0.17855072463768115 0.03622250970245795
1 66 109 46	0.0008397186942374305 0.0034497628288055198
1 66 115 41	0.4016393442622951 0.02112979732643381
1 66 123 41	0.24596774193548387 0.02630444156964209
6 71 2 41	0.20588235294117646 0.014230271668822769
6 71 8 41	0.3350961538461538 0.1457524795170332
6 71 14 41	0.2561334641805692 0.0948684777921518
6 71 23 41	0.440231700895208 0.13410952996981457
6 71 37	0.0005498003356675734 0.004312203536006899
6 71 41	0.2700845070422535 0.6075894782233722
6 71 44 41	0.31147940531318546 0.11858559724018973
6 71 45 41	0.18840579710144928 0.01121172919361794
6 71 46	0.0006466005475370433 0.014230271668822769
6 71 50 37	0.0038482682792743265 0.00258732212160414
6 71 50 41	0.33026396562308163 0.07632600258732213
6 71 58 41	0.3475661827497865 0.1595515308322553
6 71 73 41	0.3350961538461538 0.1457524795170332
6 71 75 41	0.17830468560610432 0.4674428633031479
6 71 88 41	0.440231700895208 0.13410952996981457
6 71 98 37	0.03508771929824561 0.00258732212160414
6 71 98 41	0.45918367346938777 0.030616645105648987
6 71 108 41	0.6666666666666666 0.00603708495040966
6 71 109 41	0.21076813563709312 0.29279862009486846
6 71 109 46	0.0008214165702124482 0.00646830530401035
6 71 110 41	0.24754661432777234 0.3152220784821044
6 71 115 37	0.003869541182974019 0.00258732212160414
6 71 115 41	0.3306699446834665 0.07632600258732213
6 71 121 41	0.10882352941176471 0.015955153083225527
6 71 123 41	0.2387280493592786 0.09831824062095731
6 87 41	0.32932113625421283 0.0901250539025442
6 102 41	0.1868705035971223 0.17680034497628289
6 102 58 41	0.005089058524173028 0.0008624407072013799
6 102 75 41	0.18447837150127228 0.06252695127210005
6 109 41	0.046511627906976744 0.0017248814144027599
8 1 66 41	0.06688963210702341 0.00129366106080207
8 6 71 37	0.0025806451612903226 0.00043122035360068997
8 6 71 41	0.23255813953488372 0.00517464424320828
8 8 8 41	0.9745222929936306 0.0021561017680034496
8 8 41	0.9636363636363636 0.01207416990081932
8 8 73 41	0.9772296015180265 0.0021561017680034496
8 10 75 41	0.13485477178423236 0.0038809831824062097
8 20 85 41	0.2356687898089172 0.0021561017680034496
8 35 100 41	0.16863207547169812 0.0008624407072013799
8 37 102 41	0.19444444444444445 0.00129366106080207
8 40 77 41	0.041666666666666664 0.00043122035360068997
8 40 105 41	0.18705035971223022 0.0038809831824062097
8 40 118 41	0.5 0.00043122035360068997
8 41 106 41	0.03720508166969147 0.0017248814144027599
8 46 106 41	0.022222222222222223 0.00043122035360068997
8 46 111 37	0.0006940106877645916 0.00043122035360068997
8 46 111 41	0.14996519560072394 0.01164294954721863
8 67 2 41	0.17647058823529413 0.0008624407072013799
8 73 8 41	0.9816993464052287 0.0021561017680034496
8 73 41	0.96875 0.01250539025442001
8 73 73 41	0.9816993464052287 0.0021561017680034496
10 6 71 37	0.00039315903282877927 0.0008624407072013799
10 6 71 41	0.2323195860782721 0.11513583441138421
10 6 71 46	4.5951907274457224e-05 0.0068995256576110395
10 6 87 41	0.2532299741602067 0.009918068132815868
10 6 102 41	0.18898809523809523 0.03967227253126347
10 14 41	0.5 0.007330746011211729
10 28 77 41	0.13826638477801267 0.07934454506252694
10 28 104 41	0.19885161680265942 0.08408796895213454
10 28 105 41	0.1745234415249871 0.11384217335058215
10 28 118 41	0.006329113924050633 0.00043122035360068997
10 29 102 41	0.11818181818181818 0.00517464424320828
10 30 85 41	0.2054794520547945 0.009486847779215178
10 30 105 41	0.2 0.0008624407072013799
10 30 122 41	0.5 0.00129366106080207
10 32 14 41	0.25 0.00043122035360068997
10 32 75 41	0.20981732159285058 0.13195342820181113
10 32 75 46	4.008712267995778e-05 0.00129366106080207
10 33 75 41	0.19289749798224373 0.014661492022423459
10 37 71 41	0.16782407407407407 0.0008624407072013799
10 52 77 41	0.4 0.0008624407072013799
10 52 104 41	0.4583333333333333 0.0017248814144027599
10 53 77 41	0.15076923076923077 0.030616645105648987
10 53 104 41	0.23070398642917728 0.029754204398447608
10 53 105 41	0.19114980050779834 0.04053471323846486
10 75 2 41	0.5555555555555556 0.00129366106080207
10 75 8 41	0.19060773480662985 0.026735661923242778
10 75 14 41	0.18421052631578946 0.00301854247520483
10 75 23 41	0.40213523131672596 0.043122035360069
10 75 37	0.00046382189239332097 0.0008624407072013799
10 75 41	0.2674276567962596 0.3061664510564899
10 75 44 41	0.2884882108183079 0.0728762397585166
10 75 46	6.923183433591286e-05 0.0034497628288055198
10 75 50 37	0.020202020202020204 0.0008624407072013799
10 75 50 41	0.2710843373493976 0.016386373436826217
10 75 58 41	0.4907749077490775 0.04484691677447176
10 75 73 41	0.19060773480662985 0.026735661923242778
10 75 88 41	0.40213523131672596 0.043122035360069
10 75 98 37	0.013333333333333334 0.00043122035360068997
10 75 98 41	0.1056338028169014 0.01250539025442001
10 75 109 41	0.2757238307349666 0.08495040965933592
10 75 110 41	0.190677025527192 0.12721000431220353
10 75 115 37	0.020202020202020204 0.0008624407072013799
10 75 115 41	0.2710843373493976 0.016386373436826217
10 75 123 41	0.27611940298507465 0.029322984044846918
10 97 14 41	0.15873015873015872 0.015523932729624839
10 97 75 41	0.22626133786848074 0.055196205260888316
10 97 75 46	0.00010344872176173174 0.0034497628288055198
10 98 75 41	0.2083696599825632 0.02026735661923243
12 15 100 41	0.3684210526315789 0.0034497628288055198
12 18 77 41	0.40816326530612246 0.00258732212160414
12 18 85 41	0.27645228215767637 0.0038809831824062097
12 18 104 41	0.25 0.0008624407072013799
12 18 105 41	0.1694915254237288 0.0017248814144027599
12 27 77 41	0.5 0.0021561017680034496
12 27 85 41	0.24688796680497926 0.0038809831824062097
12 30 85 41	0.21888412017167383 0.00646830530401035
12 34 104 41	0.23148148148148148 0.00258732212160414
12 34 105 41	0.18627450980392157 0.00301854247520483
12 52 77 41	0.42857142857142855 0.00258732212160414
12 52 85 41	0.36764705882352944 0.004743423889607589
12 52 122 41	1.0 0.00043122035360068997
12 77 41	0.6741573033707865 0.05217766278568348
12 77 44 41	0.42857142857142855 0.0038809831824062097
12 77 109 41	0.19736842105263158 0.0021561017680034496
12 83 85 41	0.27949367088607596 0.0038809831824062097
12 83 105 41	0.18333333333333332 0.0017248814144027599
12 85 41	0.2916666666666667 0.0038809831824062097
12 86 2 41	0.22388059701492538 0.00129366106080207
12 92 85 41	0.24742268041237114 0.0038809831824062097
12 92 105 41	0.25925925925925924 0.0021561017680034496
12 93 75 41	0.3661814109742441 0.013367830961621389
12 95 75 41	0.14814814814814814 0.0008624407072013799
12 95 104 41	0.4 0.0017248814144027599
12 95 105 41	0.43902439024390244 0.0017248814144027599
12 95 110 41	0.30434782608695654 0.0017248814144027599
12 99 77 41	0.42105263157894735 0.0021561017680034496
12 99 85 41	0.34870317002881845 0.0068995256576110395
12 104 41	0.34782608695652173 0.0129366106080207
12 105 41	0.33966745843230406 0.02544200086244071
12 105 109 41	0.375 0.00129366106080207
12 105 123 41	0.34782608695652173 0.0021561017680034496
12 117 75 41	0.26666666666666666 0.0008624407072013799
12 117 77 41	0.17142857142857143 0.0017248814144027599
12 117 104 41	0.288135593220339 0.0021561017680034496
12 117 105 41	0.21323529411764705 0.00301854247520483
12 118 75 41	0.38735177865612647 0.00603708495040966
12 118 110 41	0.4461538461538462 0.009918068132815868
12 126 2 41	0.16417910447761194 0.00301854247520483
16 28 77 41	0.0625 0.0017248814144027599
16 28 104 41	0.1411764705882353 0.0017248814144027599
16 28 105 41	0.10152284263959391 0.0017248814144027599
16 30 77 41	0.2 0.00129366106080207
16 30 85 41	0.24253731343283583 0.0034497628288055198
16 52 104 41	0.29411764705882354 0.0017248814144027599
16 52 105 41	0.21794871794871795 0.00301854247520483
16 81 23 41	0.42857142857142855 0.0021561017680034496
16 81 41	0.46140142517814725 0.1673134971970677
16 81 44 41	0.2857142857142857 0.00258732212160414
16 81 58 41	0.2857142857142857 0.0034497628288055198
16 81 88 41	0.42857142857142855 0.0021561017680034496
16 81 109 41	0.1724137931034483 0.0021561017680034496
16 97 81 41	0.2857142857142857 0.0008624407072013799
16 98 81 41	0.2857142857142857 0.0008624407072013799
16 108 41	0.3473193473193473 0.028029322984044848
16 108 123 41	0.4166666666666667 0.0021561017680034496
20 1 66 41	0.30303030303030304 0.014661492022423459
20 15 100 41	0.19354055366682857 0.0771884432945235
20 18 77 41	0.21044605413648493 0.09141871496334628
20 18 85 41	0.18553139605771185 0.1716257007330746
20 18 85 46	9.080103374814993e-06 0.017248814144027597
20 18 104 41	0.05065123010130246 0.014661492022423459
20 18 105 41	0.14818417639429313 0.10133678309616213
20 18 122 41	0.40145985401459855 0.046140577835273824
20 27 77 41	0.22263450834879406 0.044415696420871065
20 27 85 41	0.1793397340452842 0.13626563173781803
20 27 85 46	6.387531538436971e-06 0.00258732212160414
20 27 105 41	0.19900497512437812 0.017248814144027597
20 27 122 41	0.32926829268292684 0.01164294954721863
20 30 85 41	0.07894736842105263 0.0008624407072013799
20 34 77 41	0.09805510534846029 0.03536006899525657
20 34 104 41	0.20955574182732606 0.0685640362225097
20 34 105 41	0.16084679179397643 0.09314359637774904
20 34 118 41	0.042105263157894736 0.0017248814144027599
20 45 108 41	0.23087431693989072 0.06899525657611039
20 52 85 41	0.10714285714285714 0.0008624407072013799
20 56 100 41	1.0 0.00043122035360068997
20 77 41	0.26515151515151514 0.029754204398447608
20 83 77 41	0.20918367346938777 0.09141871496334628
20 83 85 41	0.18552454140727467 0.17205692108667528
20 83 85 46	9.126022549098e-06 0.017248814144027597
20 83 104 41	0.05065123010130246 0.014661492022423459
20 83 105 41	0.14922480620155038 0.10478654592496765
20 83 122 41	0.40293040293040294 0.046140577835273824
20 85 8 41	0.18592964824120603 0.015523932729624839
20 85 23 41	0.2608695652173913 0.007761966364812419
20 85 41	0.23301654347060893 0.19836136265631737
20 85 44 41	0.296 0.015955153083225527
20 85 46	7.867046907267185e-06 0.0017248814144027599
20 85 50 41	0.19824561403508772 0.013367830961621389
20 85 73 41	0.18592964824120603 0.015523932729624839
20 85 88 41	0.2608695652173913 0.007761966364812419
20 85 109 41	0.1323529411764706 0.0034497628288055198
20 85 115 41	0.19824561403508772 0.013367830961621389
20 85 123 41	0.2357142857142857 0.028029322984044848
20 86 2 41	0.22694696607740086 0.027598102630444158
20 86 4 41	0.05555555555555555 0.00301854247520483
20 86 98 41	0.6666666666666666 0.0034497628288055198
20 86 110 41	0.29429429429429427 0.019404915912031046
20 92 77 41	0.22201492537313433 0.04398447606727038
20 92 85 41	0.1797550432276657 0.1375592927986201
20 92 85 46	6.3814648227069535e-06 0.00258732212160414
20 92 105 41	0.2 0.016817593790426907
20 92 122 41	0.32926829268292684 0.01164294954721863
20 95 56 41	0.2714285714285714 0.008193186718413108
20 95 75 41	0.1366120218579235 0.03708495040965933
20 95 77 41	0.14166666666666666 0.017248814144027597
20 95 81 41	0.28888888888888886 0.0215610176800345
20 95 85 41	0.08 0.00258732212160414
20 95 104 41	0.25801749271137026 0.06942647692971109
20 95 105 41	0.22831959056013648 0.11427339370418284
20 95 105 46	2.832660576446427e-05 0.0017248814144027599
20 95 108 41	0.12 0.00129366106080207
20 95 110 41	0.223943661971831 0.038378611470461406
20 95 116 41	0.29508196721311475 0.004312203536006899
20 95 118 41	0.05405405405405406 0.0017248814144027599
20 105 41	0.26737967914438504 0.02112979732643381
20 117 77 41	0.21367521367521367 0.01034928848641656
20 117 104 41	0.36450381679389315 0.02026735661923243
20 117 105 41	0.31021437578814626 0.0258732212160414
20 118 110 41	0.3076923076923077 0.0034497628288055198
20 122 41	0.417910447761194 0.01207416990081932
20 126 2 41	0.19718309859154928 0.00517464424320828
20 126 4 41	0.06349206349206349 0.0017248814144027599
22 71 41	0.35312338668043364 0.01034928848641656
22 71 46	0.0005305039787798408 0.0017248814144027599
22 71 58 41	0.32 0.0034497628288055198
22 71 75 41	0.23333333333333334 0.007330746011211729
22 71 109 41	0.0738255033557047 0.004743423889607589
22 71 110 41	0.2926829268292683 0.00517464424320828
22 87 41	0.5061349693251533 0.02112979732643381
22 87 115 41	0.5 0.00043122035360068997
23 1 66 41	0.3926940639269406 0.0021561017680034496
23 6 71 41	0.39933365064255116 0.00517464424320828
23 10 75 41	0.3265895953757225 0.004312203536006899
23 12 104 41	0.07407407407407407 0.00043122035360068997
23 12 105 41	0.14754098360655737 0.00043122035360068997
23 20 85 41	0.3 0.0017248814144027599
23 23 41	1.0 0.017248814144027597
23 23 115 41	0.6666666666666666 0.0008624407072013799
23 35 100 41	0.24048442906574394 0.00258732212160414
23 37 102 41	0.46875 0.00043122035360068997
23 46 102 41	0.4375 0.00301854247520483
23 46 111 41	0.2653678498354239 0.015523932729624839
23 51 116 41	0.35294117647058826 0.00258732212160414
23 88 41	1.0 0.018973695558430356
23 115 41	1.0 0.0021561017680034496
24 89 41	0.3492647058823529 0.018111254851228976
24 89 50 41	0.1111111111111111 0.00129366106080207
24 89 88 41	0.13793103448275862 0.0017248814144027599
24 89 109 41	0.21212121212121213 0.004743423889607589
26 91 41	1.0 0.00129366106080207
33 6 71 41	0.21739130434782608 0.00301854247520483
33 10 75 41	0.08771929824561403 0.0021561017680034496
33 53 105 41	0.4166666666666667 0.0017248814144027599
33 98 41	0.40425531914893614 0.01207416990081932
35 80 77 41	0.34146341463414637 0.02112979732643381
35 80 85 41	0.18463320463320462 0.09184993531694696
35 80 85 46	3.399787853237958e-06 0.0008624407072013799
35 80 104 41	0.33564814814814814 0.04484691677447176
35 80 105 41	0.26838514025777105 0.07158257869771453
35 80 122 41	0.034482758620689655 0.00043122035360068997
35 100 8 41	0.16840607210626185 0.029754204398447608
35 100 23 41	0.2602996254681648 0.03794739111686071
35 100 41	0.22853834412337493 0.12764122466580421
35 100 44 41	0.27325581395348836 0.03708495040965933
35 100 45 41	0.01680672268907563 0.0008624407072013799
35 100 58 41	0.3022113022113022 0.030185424752048298
35 100 73 41	0.16840607210626185 0.029754204398447608
35 100 88 41	0.2602996254681648 0.03794739111686071
35 100 109 41	0.19405099150141644 0.035791289348857266
35 100 109 46	2.0568090664143646e-05 0.00043122035360068997
35 100 123 41	0.4174757281553398 0.03406640793445451
35 102 41	0.6666666666666666 0.0008624407072013799
35 121 85 41	1.0 0.00043122035360068997
36 64 101 41	0.3111111111111111 0.0008624407072013799
36 101 8 41	0.09375 0.00129366106080207
36 101 41	0.27012776313121073 0.11815437688658904
36 101 44 41	0.3950617283950617 0.0068995256576110395
36 101 58 41	0.3125 0.00603708495040966
36 101 73 41	0.09375 0.00129366106080207
36 101 109 41	0.13706793802145412 0.03880983182406209
36 101 109 46	0.0002830455703368242 0.00129366106080207
36 101 123 41	0.6153846153846154 0.0034497628288055198
36 127 41	0.30303030303030304 0.0034497628288055198
36 129 101 41	0.3888888888888889 0.00603708495040966
36 129 127 41	0.375 0.00043122035360068997
37 71 14 41	0.18181818181818182 0.0008624407072013799
37 71 23 41	0.36363636363636365 0.0017248814144027599
37 71 41	0.21569441561137637 0.00646830530401035
37 71 58 41	0.36363636363636365 0.0017248814144027599
37 71 75 41	0.16035353535353536 0.00517464424320828
37 71 88 41	0.36363636363636365 0.0017248814144027599
37 71 109 41	0.16161616161616163 0.004743423889607589
37 71 110 41	0.12727272727272726 0.00301854247520483
37 87 41	0.1 0.00129366106080207
37 102 8 41	0.2916666666666667 0.02414833980163864
37 102 23 41	0.703125 0.019404915912031046
37 102 37	0.00013304064391671656 0.0008624407072013799
37 102 41	0.37325689494886893 0.05907718844329452
37 102 44 41	0.3420716112531969 0.03363518758085381
37 102 50 41	0.29301075268817206 0.027598102630444158
37 102 73 41	0.2916666666666667 0.02414833980163864
37 102 88 41	0.703125 0.019404915912031046
37 102 109 41	0.3298465829846583 0.037516170763260026
37 102 115 41	0.29301075268817206 0.027598102630444158
37 102 123 41	0.15803108808290156 0.0258732212160414
37 111 8 41	0.2727272727272727 0.00043122035360068997
37 111 41	0.41712204007285975 0.00258732212160414
37 111 44 41	0.47058823529411764 0.00129366106080207
37 111 50 41	0.5882352941176471 0.0017248814144027599
37 111 115 41	0.5625 0.0017248814144027599
39 15 100 41	0.31487513572204123 0.01078050884001725
39 18 85 41	0.042787286063569685 0.00129366106080207
39 27 104 41	0.027777777777777776 0.0008624407072013799
39 27 105 41	0.08695652173913043 0.0021561017680034496
39 30 77 41	0.24 0.00517464424320828
39 30 85 41	0.24196855775803144 0.028891763691246228
39 33 105 41	0.25 0.0008624407072013799
39 52 77 41	0.17708333333333334 0.007330746011211729
39 52 85 41	0.32318104906937395 0.015523932729624839
39 52 105 41	0.10526315789473684 0.0021561017680034496
39 52 118 41	0.07547169811320754 0.0017248814144027599
39 56 85 41	0.15384615384615385 0.00043122035360068997
39 77 23 41	0.07692307692307693 0.0008624407072013799
39 77 41	0.171021377672209 0.02328589909443726
39 77 44 41	0.2534246575342466 0.01121172919361794
39 77 88 41	0.07692307692307693 0.0008624407072013799
39 77 109 41	0.1780821917808219 0.0021561017680034496
39 77 123 41	0.07692307692307693 0.00043122035360068997
39 83 77 41	0.15 0.00043122035360068997
39 83 85 41	0.042787286063569685 0.00129366106080207
39 86 2 41	0.1111111111111111 0.00043122035360068997
39 92 77 41	0.125 0.00043122035360068997
39 92 104 41	0.028169014084507043 0.0008624407072013799
39 92 105 41	0.12931034482758622 0.0038809831824062097
39 93 14 41	0.046511627906976744 0.0008624407072013799
39 93 75 41	0.16021426832237642 0.02630444156964209
39 93 81 41	0.15584415584415584 0.00517464424320828
39 93 108 41	0.3 0.00129366106080207
39 93 110 41	0.24285714285714285 0.0068995256576110395
39 99 77 41	0.21739130434782608 0.008624407072013798
39 99 85 41	0.23441162681669012 0.0258732212160414
39 99 85 46	2.6175954767950162e-05 0.00129366106080207
39 99 118 41	0.07692307692307693 0.0017248814144027599
39 99 122 41	0.42857142857142855 0.00258732212160414
39 104 8 41	0.35714285714285715 0.0021561017680034496
39 104 41	0.45220338983050845 0.1375592927986201
39 104 73 41	0.35714285714285715 0.0021561017680034496
39 104 88 41	1.0 0.00043122035360068997
39 104 109 41	0.2727272727272727 0.0038809831824062097
39 105 23 41	0.25 0.0034497628288055198
39 105 41	0.2070295756536648 0.057783527382492456
39 105 44 41	0.30952380952380953 0.00560586459680897
39 105 50 41	0.2 0.00043122035360068997
39 105 88 41	0.25 0.0034497628288055198
39 105 109 41	0.14705882352941177 0.0021561017680034496
39 105 115 41	0.25 0.0008624407072013799
39 105 123 41	0.23684210526315788 0.009055627425614488
39 117 75 41	0.22 0.0034497628288055198
39 117 81 41	0.3409090909090909 0.00560586459680897
39 117 104 41	0.13333333333333333 0.0008624407072013799
39 117 108 41	0.2857142857142857 0.0008624407072013799
39 117 110 41	0.2777777777777778 0.007761966364812419
39 117 122 41	0.15384615384615385 0.0008624407072013799
39 118 44 41	0.08333333333333333 0.00043122035360068997
39 118 75 41	0.17117684078036502 0.015955153083225527
39 118 75 46	0.00012597631645250694 0.00043122035360068997
39 118 98 41	0.25 0.0008624407072013799
39 118 108 41	0.3 0.00129366106080207
39 118 109 41	0.07407407407407407 0.0008624407072013799
39 118 110 41	0.09885931558935361 0.00560586459680897
39 126 2 41	0.1388888888888889 0.013367830961621389
40 15 100 41	0.2518676627534685 0.02501078050884002
40 18 77 41	0.13414634146341464 0.0021561017680034496
40 18 85 41	0.15870834764685676 0.00517464424320828
40 18 105 41	0.0821917808219178 0.00258732212160414
40 27 77 41	0.22580645161290322 0.00301854247520483
40 27 85 41	0.16595744680851063 0.00258732212160414
40 27 104 41	0.13513513513513514 0.00646830530401035
40 27 105 41	0.14754098360655737 0.013799051315222079
40 30 77 41	0.2535211267605634 0.007761966364812419
40 30 85 41	0.21059533175976922 0.0728762397585166
40 30 85 46	5.170149624130122e-06 0.00043122035360068997
40 30 105 41	0.3142857142857143 0.004743423889607589
40 34 105 41	0.12666666666666668 0.0021561017680034496
40 45 108 41	0.25 0.00258732212160414
40 52 77 41	0.18012422360248448 0.01250539025442001
40 52 85 41	0.27954545454545454 0.02457956015523933
40 52 105 41	0.19444444444444445 0.0068995256576110395
40 52 118 41	0.08870967741935484 0.004743423889607589
40 52 122 41	0.5 0.00129366106080207
40 56 105 41	0.09090909090909091 0.00043122035360068997
40 77 8 41	0.18181818181818182 0.0008624407072013799
40 77 23 41	0.15789473684210525 0.0038809831824062097
40 77 41	0.1506849315068493 0.054333764553686936
40 77 44 41	0.18258426966292135 0.018542475204829666
40 77 73 41	0.18181818181818182 0.0008624407072013799
40 77 88 41	0.15789473684210525 0.0038809831824062097
40 77 109 41	0.10982658959537572 0.0038809831824062097
40 83 77 41	0.125 0.0021561017680034496
40 83 85 41	0.15780386740331492 0.00603708495040966
40 83 105 41	0.0821917808219178 0.00258732212160414
40 85 41	0.2564102564102564 0.00646830530401035
40 86 4 41	0.5 0.00043122035360068997
40 86 110 41	0.42857142857142855 0.0008624407072013799
40 92 77 41	0.2 0.0017248814144027599
40 92 85 41	0.16806722689075632 0.00301854247520483
40 92 104 41	0.10989010989010989 0.004312203536006899
40 92 105 41	0.20833333333333334 0.01250539025442001
40 93 14 41	0.1568627450980392 0.0068995256576110395
40 93 75 41	0.14209312080536912 0.05088400172488142
40 93 75 46	0.00017338910682936345 0.0017248814144027599
40 93 81 41	0.11494252873563218 0.008624407072013798
40 93 108 41	0.25 0.00043122035360068997
40 93 110 41	0.13445378151260504 0.00560586459680897
40 95 105 41	0.3235294117647059 0.0017248814144027599
40 95 116 41	0.375 0.0008624407072013799
40 98 104 41	0.25 0.0008624407072013799
40 99 77 41	0.18627450980392157 0.01164294954721863
40 99 85 41	0.1789703739679456 0.047865459249676584
40 99 105 41	0.17592592592592593 0.0038809831824062097
40 99 118 41	0.08870967741935484 0.004743423889607589
40 104 8 41	0.26666666666666666 0.00517464424320828
40 104 23 41	0.5 0.00043122035360068997
40 104 41	0.2123076923076923 0.07546356188012074
40 104 44 41	0.19047619047619047 0.0017248814144027599
40 104 45 41	0.2 0.00129366106080207
40 104 73 41	0.26666666666666666 0.00517464424320828
40 104 109 41	0.1346153846153846 0.00603708495040966
40 105 8 41	0.23579545454545456 0.00517464424320828
40 105 41	0.2920118805690167 0.42647692971108236
40 105 44 41	0.29896907216494845 0.01034928848641656
40 105 50 41	0.1 0.0008624407072013799
40 105 58 41	0.16216216216216217 0.00258732212160414
40 105 73 41	0.23579545454545456 0.00517464424320828
40 105 88 41	0.37037037037037035 0.00301854247520483
40 105 109 41	0.15328467153284672 0.009055627425614488
40 105 115 41	0.19230769230769232 0.0021561017680034496
40 105 123 41	0.1950207468879668 0.014230271668822769
40 117 75 41	0.15 0.0008624407072013799
40 117 81 41	0.25 0.0068995256576110395
40 117 104 41	0.11363636363636363 0.0034497628288055198
40 117 105 41	0.16535433070866143 0.00301854247520483
40 117 108 41	0.2413793103448276 0.0017248814144027599
40 117 110 41	0.19827586206896552 0.008193186718413108
40 117 122 41	0.12903225806451613 0.0017248814144027599
40 118 41	0.1076923076923077 0.00301854247520483
40 118 44 41	0.125 0.0021561017680034496
40 118 75 41	0.14840889890171782 0.035791289348857266
40 118 75 46	0.00016835016835016836 0.00129366106080207
40 118 98 41	0.38461538461538464 0.004312203536006899
40 118 108 41	0.25 0.00043122035360068997
40 118 109 41	0.18032786885245902 0.004743423889607589
40 118 110 41	0.12834978843441466 0.02242345838723588
40 126 2 41	0.1206896551724138 0.02457956015523933
40 126 4 41	0.14 0.00301854247520483
41	1.0 1.0
41 102 37	0.4392523364485981 0.007330746011211729
41 106 8 41	0.050974512743628186 0.029322984044846918
41 106 41	0.7293851453689375 1.0
41 106 44 41	0.43721555647496896 0.535575679172057
41 106 45 41	0.03463203463203463 0.03363518758085381
41 106 46	0.00019436887867478662 0.17335058214747737
41 106 50 41	0.6443228454172366 0.3053040103492885
41 106 58 41	0.6058252427184466 0.30746011211729196
41 106 73 41	0.050974512743628186 0.029322984044846918
41 106 109 41	0.42281243771177995 0.5510996119016818
41 106 110 41	0.06172839506172839 0.02457956015523933
41 106 115 41	0.6443228454172366 0.3053040103492885
41 106 123 41	0.35140788415124696 0.3303147908581285
41 111 41	0.17713248638838475 0.2018111254851229
41 111 46	0.27060665362035224 0.17335058214747737
43 6 71 41	0.4827586206896552 0.00043122035360068997
43 30 85 41	0.08571428571428572 0.00043122035360068997
43 52 105 41	0.21875 0.00129366106080207
43 53 104 41	0.25 0.00043122035360068997
43 81 41	0.32891832229580575 0.02328589909443726
43 81 123 41	0.5 0.0017248814144027599
43 97 81 41	0.14285714285714285 0.00043122035360068997
43 98 81 41	0.14285714285714285 0.00043122035360068997
43 108 41	0.46506986027944114 0.0513152220784821
43 110 85 41	0.19425287356321838 0.0008624407072013799
43 110 105 41	0.21428571428571427 0.0008624407072013799
44 1 66 41	0.345679012345679 0.00603708495040966
44 6 71 41	0.3314675351109302 0.016817593790426907
44 10 75 41	0.2844669117647059 0.01207416990081932
44 12 77 41	0.23809523809523808 0.00258732212160414
44 12 104 41	0.19402985074626866 0.00258732212160414
44 12 105 41	0.12837837837837837 0.0034497628288055198
44 20 85 41	0.0967741935483871 0.00129366106080207
44 35 100 41	0.1679160419790105 0.00258732212160414
44 36 101 41	0.4166666666666667 0.008193186718413108
44 37 102 41	0.36953125 0.007761966364812419
44 39 104 41	0.3 0.0017248814144027599
44 39 105 41	0.22580645161290322 0.0021561017680034496
44 40 105 41	0.2692307692307692 0.0034497628288055198
44 41	0.40625 0.004312203536006899
44 41 106 41	0.5216586449463162 0.008624407072013798
44 41 111 41	0.21428571428571427 0.0021561017680034496
44 46 102 41	0.3409090909090909 0.004743423889607589
44 46 111 41	0.3013961983034148 0.018542475204829666
44 51 116 41	0.07692307692307693 0.00258732212160414
44 53 104 41	0.08695652173913043 0.0008624407072013799
44 53 105 41	0.1864406779661017 0.0017248814144027599
44 63 128 41	0.05555555555555555 0.00043122035360068997
44 71 41	0.03225806451612903 0.00043122035360068997
44 71 75 41	0.08695652173913043 0.00043122035360068997
44 71 109 41	0.09090909090909091 0.00043122035360068997
44 109 41	0.7419354838709677 0.02242345838723588
44 109 44 41	0.3574468085106383 0.00560586459680897
44 109 109 41	0.5714285714285714 0.0008624407072013799
45 6 71 41	0.259016814272879 0.045278137128072445
45 6 71 46	4.8202063048298465e-05 0.0008624407072013799
45 6 87 41	0.2553191489361702 0.0008624407072013799
45 6 102 41	0.5 0.00129366106080207
45 10 14 41	0.125 0.00043122035360068997
45 10 75 41	0.2459204122530776 0.037516170763260026
45 21 85 41	0.27071823204419887 0.00646830530401035
45 21 105 41	0.46153846153846156 0.00258732212160414
45 28 77 41	0.08823529411764706 0.0008624407072013799
45 28 104 41	0.2236842105263158 0.0021561017680034496
45 28 105 41	0.11188811188811189 0.00129366106080207
45 30 77 41	0.25 0.00301854247520483
45 30 85 41	0.2409090909090909 0.00517464424320828
45 30 85 46	6.853539853334247e-05 0.00043122035360068997
45 41 106 41	0.07976071784646062 0.0008624407072013799
45 52 77 41	0.19230769230769232 0.0017248814144027599
45 52 104 41	0.2631578947368421 0.00258732212160414
45 52 105 41	0.17164179104477612 0.0021561017680034496
45 53 77 41	0.2761904761904762 0.009918068132815868
45 53 85 41	0.26666666666666666 0.0008624407072013799
45 53 104 41	0.16049382716049382 0.00517464424320828
45 53 105 41	0.19782608695652174 0.015092712376024149
45 53 118 41	0.1875 0.00129366106080207
45 67 2 41	0.20588235294117646 0.0021561017680034496
45 79 75 41	0.5 0.0008624407072013799
45 108 41	0.6666666666666666 0.00043122035360068997
45 109 110 41	0.3333333333333333 0.00043122035360068997
45 110 8 41	0.24528301886792453 0.004743423889607589
45 110 23 41	0.1 0.00043122035360068997
45 110 41	0.5331432644333571 0.09702457956015524
45 110 44 41	0.1625 0.0021561017680034496
45 110 50 41	0.14814814814814814 0.0017248814144027599
45 110 58 41	0.6551724137931034 0.008193186718413108
45 110 73 41	0.24528301886792453 0.004743423889607589
45 110 123 41	0.19117647058823528 0.0021561017680034496
46	0.0006640106241699867 0.0017248814144027599
46 102 41	0.2697290930506478 0.16817593790426907
46 102 44 41	0.3125382262996942 0.22035360068995258
46 102 50 41	0.6666666666666666 0.0008624407072013799
46 102 115 41	0.6666666666666666 0.0008624407072013799
46 106 41	0.20669207962727656 0.009055627425614488
46 111 8 41	0.13875006088947342 0.6485554118154377
46 111 23 41	0.24093726634668725 0.702457956015524
46 111 37	0.00012085630722210435 0.007330746011211729
46 111 41	0.2089837328427419 0.9939629150495903
46 111 44 41	0.23232513190200074 0.6675291073738681
46 111 45 41	0.07853606445976119 0.2733937041828374
46 111 46	0.0003140055613873872 0.1332470892626132
46 111 50 37	0.0019539730785931393 0.00646830530401035
46 111 50 41	0.2396655170784712 0.5183268650280293
46 111 58 41	0.28148778086115833 0.5584303579128935
46 111 73 41	0.13875006088947342 0.6485554118154377
46 111 88 41	0.23610972319376436 0.6985769728331177
46 111 109 41	0.18069963300027578 0.6765847347994826
46 111 109 46	0.0009189511354297672 0.10392410521776628
46 111 115 37	0.0021208407955509473 0.00646830530401035
46 111 115 41	0.24479965490797545 0.5183268650280293
46 111 121 41	0.13909313725490197 0.07934454506252694
46 111 123 41	0.20433901621017328 0.6817593790426908
46 114 23 41	1.0 0.00043122035360068997
46 114 58 41	1.0 0.00043122035360068997
49 114 41	0.8928571428571429 0.009055627425614488
49 114 108 41	1.0 0.00043122035360068997
50 1 66 41	0.3356164383561644 0.00043122035360068997
50 6 71 41	0.4248578391551584 0.00517464424320828
50 10 75 41	0.4888888888888889 0.004312203536006899
50 33 98 41	1.0 0.00043122035360068997
50 35 100 41	0.2631578947368421 0.0017248814144027599
50 37 102 41	0.5240384615384616 0.0021561017680034496
50 40 77 41	1.0 0.00043122035360068997
50 41	0.6666666666666666 0.0008624407072013799
50 41 106 41	0.6679245283018868 0.00129366106080207
50 46 102 41	0.375 0.00301854247520483
50 46 111 41	0.3191522457709508 0.009055627425614488
50 50 41	1.0 0.008193186718413108
50 115 41	1.0 0.01164294954721863
51 30 85 41	0.2608695652173913 0.00301854247520483
51 87 41	0.4 0.004312203536006899
51 116 8 41	0.2978723404255319 0.0038809831824062097
51 116 23 41	0.26 0.00517464424320828
51 116 41	0.258272800645682 0.049590340664079344
51 116 44 41	0.1836734693877551 0.0034497628288055198
51 116 58 41	0.6 0.00129366106080207
51 116 73 41	0.2978723404255319 0.0038809831824062097
51 116 85 41	0.6 0.00129366106080207
51 116 88 41	0.2653061224489796 0.00517464424320828
51 116 109 41	0.07964601769911504 0.00301854247520483
51 116 109 46	6.941552131056504e-05 0.00043122035360068997
51 116 115 41	0.10256410256410256 0.0017248814144027599
51 116 116 41	0.5 0.00258732212160414
53 34 105 41	0.24444444444444444 0.00129366106080207
53 77 45 41	1.0 0.00043122035360068997
53 93 75 41	0.0038314176245210726 0.00043122035360068997
53 99 85 41	0.03636363636363636 0.00043122035360068997
53 105 41	0.09090909090909091 0.00258732212160414
53 105 45 41	1.0 0.00043122035360068997
53 117 105 41	0.24444444444444444 0.00129366106080207
53 118 41	1.0 0.007761966364812419
56 6 71 41	0.15677966101694915 0.0008624407072013799
56 46 111 41	0.19860017497812774 0.0008624407072013799
57 15 100 41	0.02631578947368421 0.00043122035360068997
57 18 85 41	0.34055727554179566 0.00043122035360068997
57 27 85 41	0.2755102040816326 0.00043122035360068997
57 45 108 41	0.5 0.00043122035360068997
57 83 77 41	0.42857142857142855 0.00043122035360068997
57 83 85 41	0.3395061728395062 0.00043122035360068997
57 85 41	0.36363636363636365 0.0008624407072013799
57 86 2 41	0.5 0.00043122035360068997
57 92 77 41	0.5 0.00043122035360068997
57 92 85 41	0.2755102040816326 0.00043122035360068997
57 95 75 41	0.2727272727272727 0.00043122035360068997
57 95 104 41	0.3333333333333333 0.00043122035360068997
57 95 110 41	0.2857142857142857 0.00043122035360068997
57 122 41	0.71875 0.03880983182406209
58 1 66 41	0.4066666666666667 0.00129366106080207
58 6 71 41	0.27411444141689373 0.007330746011211729
58 10 75 41	0.296 0.00301854247520483
58 12 104 41	0.05555555555555555 0.00043122035360068997
58 16 108 41	0.5 0.00043122035360068997
58 20 85 41	0.4370860927152318 0.0034497628288055198
58 24 89 41	0.09090909090909091 0.00043122035360068997
58 35 100 41	0.4075829383886256 0.0017248814144027599
58 36 101 41	0.47058823529411764 0.0008624407072013799
58 37 102 41	0.2103448275862069 0.00301854247520483
58 40 77 41	0.17391304347826086 0.00258732212160414
58 40 104 41	0.34615384615384615 0.004312203536006899
58 40 105 41	0.29559748427672955 0.004743423889607589
58 41	0.5 0.00129366106080207
58 41 106 41	0.524873828406633 0.0038809831824062097
58 43 110 41	1.0 0.0008624407072013799
58 45 110 41	0.3170731707317073 0.0008624407072013799
58 46 102 41	0.3333333333333333 0.0017248814144027599
58 46 111 41	0.3135352452425623 0.016386373436826217
58 67 2 41	0.5454545454545454 0.00129366106080207
58 123 23 41	1.0 0.00258732212160414
62 101 41	0.29411764705882354 0.00301854247520483
62 127 41	0.5789473684210527 0.009918068132815868
63 128 41	0.18181818181818182 0.008624407072013798
63 128 58 41	0.3333333333333333 0.0017248814144027599
63 128 109 41	0.08333333333333333 0.00043122035360068997
67 2 8 41	0.4 0.00129366106080207
67 2 41	0.5659824046920822 0.07072013799051315
67 2 45 41	0.25 0.0038809831824062097
67 2 73 41	0.4 0.00129366106080207
67 2 98 41	1.0 0.00129366106080207
67 2 109 41	0.21649484536082475 0.007761966364812419
67 2 110 41	0.2641509433962264 0.00560586459680897
67 2 123 41	0.6666666666666666 0.00258732212160414
67 6 71 41	0.15605095541401273 0.00560586459680897
67 10 75 41	0.5 0.00129366106080207
67 21 77 41	0.28846153846153844 0.0034497628288055198
67 21 85 41	0.2584330794341676 0.009486847779215178
67 21 122 41	0.65 0.00258732212160414
67 61 77 41	0.05263157894736842 0.004312203536006899
67 61 85 41	0.16279069767441862 0.0021561017680034496
67 61 104 41	0.12698412698412698 0.00517464424320828
67 61 105 41	0.10574018126888217 0.009055627425614488
69 4 41	1.0 0.00301854247520483
69 21 85 41	0.04794520547945205 0.0008624407072013799
69 21 105 41	0.5 0.00043122035360068997
69 61 85 41	0.0547945205479452 0.00043122035360068997
69 61 105 41	0.12962962962962962 0.00043122035360068997
73 6 71 41	0.23255813953488372 0.00517464424320828
73 8 8 41	0.9838449111470113 0.0021561017680034496
73 8 41	0.9636363636363636 0.01207416990081932
73 8 73 41	0.9865771812080537 0.0021561017680034496
73 10 75 41	0.13485477178423236 0.0038809831824062097
73 20 85 41	0.2356687898089172 0.0021561017680034496
73 35 100 41	0.16863207547169812 0.0008624407072013799
73 37 102 41	0.19444444444444445 0.00129366106080207
73 40 105 41	0.18705035971223022 0.0038809831824062097
73 41 106 41	0.03720508166969147 0.0017248814144027599
73 45 110 41	0.22807017543859648 0.0034497628288055198
73 46 111 37	0.0006940106877645916 0.00043122035360068997
73 46 111 41	0.14996519560072394 0.01164294954721863
73 67 2 41	0.17647058823529413 0.0008624407072013799
73 73 8 41	0.9672131147540983 0.0021561017680034496
73 73 41	0.9636363636363636 0.01207416990081932
73 73 73 41	0.9672131147540983 0.0021561017680034496
79 6 71 41	0.22616984402079723 0.00603708495040966
79 10 75 41	0.10294117647058823 0.00043122035360068997
79 14 41	1.0 0.008624407072013798
79 28 105 41	0.2909090909090909 0.0017248814144027599
79 32 75 41	0.1568627450980392 0.0038809831824062097
79 75 41	0.5405405405405406 0.0068995256576110395
79 75 44 41	0.5 0.00129366106080207
79 110 41	0.6666666666666666 0.00043122035360068997
88 1 66 41	0.3926940639269406 0.0021561017680034496
88 6 71 41	0.39933365064255116 0.00517464424320828
88 10 75 41	0.3265895953757225 0.004312203536006899
88 12 105 41	0.14754098360655737 0.00043122035360068997
88 20 85 41	0.3 0.0017248814144027599
88 23 41	1.0 0.017680034497628287
88 35 100 41	0.24048442906574394 0.00258732212160414
88 46 102 41	0.4375 0.00301854247520483
88 46 111 41	0.2669872115930415 0.015955153083225527
88 51 116 41	0.34285714285714286 0.00258732212160414
88 58 123 41	1.0 0.00258732212160414
88 88 41	1.0 0.017248814144027597
109 1 66 41	0.25113636363636366 0.0034497628288055198
109 6 71 41	0.27989487516425754 0.008624407072013798
109 10 14 41	0.375 0.0008624407072013799
109 10 75 41	0.2495500899820036 0.0068995256576110395
109 12 77 41	0.16666666666666666 0.0034497628288055198
109 12 104 41	0.2781954887218045 0.00301854247520483
109 12 105 41	0.19578313253012047 0.004312203536006899
109 20 85 41	0.2890625 0.0017248814144027599
109 35 100 41	0.22926829268292684 0.0017248814144027599
109 36 101 41	0.3595505617977528 0.00129366106080207
109 37 102 41	0.4173166926677067 0.00646830530401035
109 37 111 41	0.26559251559251557 0.00043122035360068997
109 40 104 41	0.325 0.00129366106080207
109 40 105 41	0.3372093023255814 0.0038809831824062097
109 41	0.40625 0.0034497628288055198
109 41 106 41	0.534623411117435 0.0068995256576110395
109 43 110 41	0.5 0.0008624407072013799
109 44 41	0.64 0.01164294954721863
109 45 110 41	0.29545454545454547 0.0008624407072013799
109 46 111 41	0.29395447607671377 0.01164294954721863
109 51 116 41	0.15517241379310345 0.00258732212160414
109 53 77 41	0.4 0.0008624407072013799
109 57 122 41	0.5 0.00129366106080207
109 115 41	0.1 0.00043122035360068997
110 6 71 41	0.1326530612244898 0.0021561017680034496
110 12 118 41	1.0 0.00043122035360068997
110 35 100 41	0.014814814814814815 0.00043122035360068997
110 40 118 41	1.0 0.00043122035360068997
110 41 106 41	0.06329113924050633 0.00129366106080207
110 45 41	1.0 0.0021561017680034496
110 46 111 41	0.1135597978663672 0.0021561017680034496
110 46 111 46	1.0843164469118667e-05 0.00043122035360068997
110 67 2 41	0.47368421052631576 0.00129366106080207
115 6 71 41	0.42416869424168696 0.00517464424320828
115 20 85 41	0.26244343891402716 0.0021561017680034496
115 24 89 41	0.09090909090909091 0.0008624407072013799
115 37 102 41	0.5240384615384616 0.0021561017680034496
115 40 105 41	0.08333333333333333 0.0008624407072013799
115 41	0.6666666666666666 0.0008624407072013799
115 41 106 41	0.6679245283018868 0.00129366106080207
115 45 110 41	0.13333333333333333 0.00043122035360068997
115 46 102 41	0.35714285714285715 0.0034497628288055198
115 46 111 41	0.30530075187969924 0.01034928848641656
115 50 41	1.0 0.01034928848641656
115 50 109 41	0.5 0.00043122035360068997
115 115 41	1.0 0.008193186718413108
121 30 85 41	0.4418604651162791 0.00043122035360068997
123 1 66 41	0.2705479452054795 0.0034497628288055198
123 6 71 41	0.306706857573474 0.00258732212160414
123 6 87 41	0.47058823529411764 0.00043122035360068997
123 10 75 41	0.40797546012269936 0.0017248814144027599
123 35 100 41	0.26004228329809725 0.00129366106080207
123 36 101 41	0.25510204081632654 0.0021561017680034496
123 37 71 41	0.004629629629629629 0.00043122035360068997
123 41	0.3333333333333333 0.00129366106080207
123 41 106 41	0.5618729096989966 0.00258732212160414
123 41 111 41	0.25 0.00043122035360068997
123 45 110 41	0.5588235294117647 0.0008624407072013799
123 46 102 41	0.3 0.00129366106080207
123 46 111 41	0.2782866498517634 0.007330746011211729
123 58 8 41	0.5454545454545454 0.00129366106080207
123 58 41	0.9130434782608695 0.008624407072013798
