16 81 47	1.0 1.0
16 108 37	0.3333333333333333 1.0
20 1 66 37	0.125 1.0
20 15 100 37	0.6666666666666666 1.0
20 18 77 37	0.09090909090909091 1.0
20 18 77 44	0.16666666666666666 1.0
20 18 85 37	0.1087378640776699 1.0
20 18 85 44	0.006944444444444444 1.0
20 18 85 46	8.512087163772556e-05 1.0
20 18 95 37	0.14285714285714285 1.0
20 18 104 37	1.0 1.0
20 27 77 44	1.0 1.0
20 27 85 37	0.16498316498316498 1.0
20 27 85 44	0.08333333333333333 1.0
20 34 105 37	0.2222222222222222 1.0
20 83 77 37	0.09090909090909091 1.0
20 83 77 44	0.16666666666666666 1.0
20 83 85 37	0.1087378640776699 1.0
20 83 85 44	0.006289308176100629 1.0
20 83 85 46	8.512087163772556e-05 1.0
20 83 95 37	0.14285714285714285 1.0
20 83 104 37	1.0 1.0
20 85 37	0.06451612903225806 1.0
20 85 47	1.0 1.0
20 86 14 37	1.0 1.0
20 92 77 44	1.0 1.0
20 92 85 37	0.16498316498316498 1.0
20 92 85 44	0.08333333333333333 1.0
20 95 14 37	1.0 1.0
20 95 105 37	0.13333333333333333 1.0
46 111 47	1.0 1.0
47	1.0 1.0
47 71 6	1.0 1.0
47 102 37	0.8452380952380952 1.0
47 109 44	1.0 1.0
47 111 46	0.2 1.0
47 112 47	1.0 1.0
