113	1.0 1.0
113 48 113	1.0 1.0
113 49 114	0.01020408163265306 1.0
113 52 117	0.2857142857142857 1.0
114 0 49 113	1.0 1.0
114 2 49 113	1.0 1.0
114 26 49 113	1.0 1.0
114 33 49 113	1.0 1.0
114 35 80 117	0.00034153005464480874 1.0
114 39 117	0.016129032258064516 1.0
114 42 49 113	1.0 1.0
114 49 113	1.0 1.0
114 49 114	5.2827318062716594e-05 1.0
114 58 49 113	1.0 1.0
114 65 49 113	1.0 1.0
114 67 49 113	1.0 1.0
114 91 49 113	1.0 1.0
114 91 49 114	4.476275738585497e-05 1.0
114 98 49 113	1.0 1.0
114 107 49 113	1.0 1.0
114 123 49 113	1.0 1.0
