5 70 13 78	0.0967741935483871 0.04285714285714286
5 70 64 129	0.17391304347826086 0.04285714285714286
5 70 129	1.0 0.04285714285714286
13 78 64 129	0.16666666666666666 0.014285714285714285
13 78 129	1.0 0.04285714285714286
101 1 66 36	0.004784688995215311 0.02857142857142857
101 1 66 62	0.005681818181818182 0.014285714285714285
101 6 71 36	0.0008532423208191126 0.02857142857142857
101 10 75 36	0.0022271714922048997 0.014285714285714285
101 10 75 62	0.017241379310344827 0.014285714285714285
101 12 104 36	0.005154639175257732 0.014285714285714285
101 16 81 36	0.0015048908954100827 0.014285714285714285
101 20 85 36	0.0017857142857142857 0.05714285714285714
101 20 85 62	0.002657218777679362 0.02857142857142857
101 23 36 129	1.0 0.014285714285714285
101 24 89 62	0.0021413276231263384 0.014285714285714285
101 35 100 36	0.00046971511778106577 0.014285714285714285
101 35 100 62	0.0020826102047900035 0.014285714285714285
101 36 13 78	0.037037037037037035 0.02857142857142857
101 36 64 129	0.021739130434782608 0.014285714285714285
101 36 129	0.9968992248062015 0.32857142857142857
101 39 104 36	0.00025113008538422905 0.014285714285714285
101 39 105 36	0.0009267840593141798 0.014285714285714285
101 40 104 36	0.0011737089201877935 0.014285714285714285
101 41 106 36	0.005777961205117622 0.04285714285714286
101 41 106 62	0.01171875 0.014285714285714285
101 45 110 36	0.00022598870056497175 0.014285714285714285
101 45 110 62	0.009009009009009009 0.014285714285714285
101 46 102 36	0.0026833631484794273 0.014285714285714285
101 46 111 36	0.0015067720767302085 0.12857142857142856
101 46 111 62	0.003993171098700773 0.07142857142857142
101 49 114 62	0.1111111111111111 0.02857142857142857
101 51 116 36	0.00038255547054322876 0.014285714285714285
101 51 116 62	0.0031446540880503146 0.014285714285714285
101 58 36	0.3333333333333333 0.014285714285714285
101 62 13 78	0.03896103896103896 0.02857142857142857
101 62 64 129	0.021739130434782608 0.014285714285714285
101 79 116 36	0.02564102564102564 0.014285714285714285
101 79 116 62	0.5 0.014285714285714285
101 88 36 129	1.0 0.014285714285714285
127 35 100 36	0.0010460251046025104 0.014285714285714285
127 46 111 36	0.00044822949350067237 0.014285714285714285
127 62 129	1.0 0.04285714285714286
129	1.0 1.0
129 5 70	0.4166666666666667 0.12857142857142856
129 5 70 129	0.6666666666666666 0.05714285714285714
129 13 78	0.3244979919678715 0.9142857142857143
129 13 78 129	0.3333333333333333 0.014285714285714285
129 64 5 70	0.10256410256410256 0.02857142857142857
129 64 13 78	0.038461538461538464 0.014285714285714285
129 64 101 36	0.0006351222610352493 0.014285714285714285
129 64 101 62	0.020833333333333332 0.014285714285714285
129 64 129	0.5286075949367088 1.0
129 101 8 36	0.2857142857142857 0.05714285714285714
129 101 23 36	0.25 0.02857142857142857
129 101 36	0.9478527607361963 0.2857142857142857
129 101 36 129	0.25 0.014285714285714285
129 101 44 36	0.09090909090909091 0.02857142857142857
129 101 62	0.53125 0.02857142857142857
129 101 73 36	0.2857142857142857 0.05714285714285714
129 101 88 36	0.25 0.02857142857142857
129 101 109 36	0.125 0.02857142857142857
129 127 23 62	1.0 0.07142857142857142
129 127 36	0.7083333333333334 0.04285714285714286
129 127 36 129	0.25 0.014285714285714285
129 127 62	1.0 0.2571428571428571
129 127 88 62	1.0 0.07142857142857142
