1 66 20 95	0.01899441340782123 0.03125
1 66 34 93	1.0 0.03125
1 66 39 93	0.024390243902439025 0.03125
1 66 39 95	0.3333333333333333 0.03125
1 66 39 117	0.03125 0.03125
1 66 40 93	0.1320754716981132 0.03125
1 66 40 117	0.175 0.03125
1 66 53 117	1.0 0.03125
1 66 65	1.0 0.03125
1 66 85 65	1.0 0.03125
1 66 95	0.3333333333333333 0.03125
1 66 95 93	1.0 0.03125
1 66 95 117	1.0 0.03125
1 66 117 93	1.0 0.03125
12 77 51	0.5 0.03125
12 77 58 51	1.0 0.03125
12 77 65	1.0 0.03125
12 105 51	1.0 0.03125
12 105 123 51	0.3333333333333333 0.03125
12 105 123 65	1.0 0.03125
16 81 12 93	0.02040816326530612 0.03125
16 81 16 118	0.47619047619047616 0.03125
16 81 20 95	0.0018586451455123501 0.125
16 81 37 94	0.4 0.03125
16 81 37 121	1.0 0.03125
16 81 39 93	0.05006587615283267 0.125
16 81 39 117	0.05663716814159292 0.09375
16 81 40 93	0.03349282296650718 0.09375
16 81 40 117	0.035 0.09375
16 81 43 93	0.14285714285714285 0.03125
16 81 45	0.018656716417910446 0.0625
16 81 65	0.8823529411764706 0.3125
16 93 30 95	0.014084507042253521 0.03125
16 108 12 93	0.022988505747126436 0.0625
16 108 12 117	0.03773584905660377 0.0625
16 108 20 95	0.0017050298380221654 0.03125
16 108 37 94	0.3333333333333333 0.03125
16 108 37 121	0.5 0.03125
16 108 39 93	0.06336088154269973 0.125
16 108 39 117	0.055944055944055944 0.0625
16 108 40 117	0.012919896640826873 0.0625
16 108 45	0.027196652719665274 0.0625
16 108 65	0.6 0.15625
16 118	0.5 0.03125
16 118 0 65	0.5 0.03125
16 118 28 93	0.5 0.03125
16 118 30 95	0.007042253521126761 0.03125
16 118 37 102	0.1 0.03125
16 118 53 118	0.5 0.03125
20 1 66 65	1.0 0.0625
20 1 66 95	0.026143790849673203 0.09375
20 15 80 93	0.11538461538461539 0.09375
20 15 80 95	0.0011609008590666356 0.09375
20 15 80 117	0.021634615384615384 0.09375
20 15 100 45	0.0007033997655334115 0.09375
20 15 100 65	0.2608695652173913 0.125
20 18 18 95	0.000949315586009135 0.15625
20 18 27 95	0.00024322615167582818 0.15625
20 18 77 45	0.009900990099009901 0.0625
20 18 83 95	0.0009445161799369949 0.15625
20 18 85 26	0.0017301038062283738 0.03125
20 18 85 45	0.0051462621885157095 0.0625
20 18 92 95	0.00023828435266084195 0.15625
20 18 122 45	0.0392156862745098 0.0625
20 27 18 95	0.000857976319853572 0.15625
20 27 27 95	0.0020247737017627444 0.15625
20 27 83 95	0.0008585656230324538 0.15625
20 27 85 26	0.030303030303030304 0.03125
20 27 92 95	0.0020250148898153662 0.15625
20 34 30 95	0.00231839258114374 0.09375
20 34 52 95	0.0379746835443038 0.09375
20 34 93	0.15789473684210525 0.09375
20 34 104 43	0.006369426751592357 0.03125
20 34 104 65	1.0 0.0625
20 34 105 65	1.0 0.0625
20 34 117	0.02040816326530612 0.09375
20 45 110 95	0.0005224478422904113 0.15625
20 66 39 93	0.058823529411764705 0.03125
20 83 18 95	0.0008828345881699393 0.15625
20 83 27 95	0.0004065040650406504 0.15625
20 83 77 45	0.009900990099009901 0.0625
20 83 83 95	0.00087813610567305 0.15625
20 83 85 26	0.0017667844522968198 0.03125
20 83 85 45	0.005184174624829468 0.0625
20 83 92 95	0.0003969093988145639 0.15625
20 85 12 93	0.03305785123966942 0.0625
20 85 12 117	0.02613240418118467 0.03125
20 85 20 95	0.001686914320045567 0.15625
20 85 26	0.25 0.03125
20 85 39 93	0.051130776794493606 0.125
20 85 39 95	0.0010186757215619694 0.09375
20 85 39 117	0.024378158755326527 0.09375
20 85 40 93	0.056189640035118525 0.125
20 85 40 95	0.001443001443001443 0.0625
20 85 40 117	0.027202774466240382 0.09375
20 85 43	0.0034602076124567475 0.03125
20 85 45	0.1700787401574803 0.125
20 85 49 114	0.0002758925122772168 0.03125
20 85 65	1.0 0.25
20 85 123 45	0.14285714285714285 0.0625
20 86 21 95	0.0019182352235942932 0.09375
20 86 28 93	0.058823529411764705 0.03125
20 86 30 95	0.013136288998357963 0.03125
20 86 53 93	0.058823529411764705 0.03125
20 86 61 117	0.05555555555555555 0.03125
20 92 18 95	0.0008202258033388015 0.15625
20 92 27 95	0.001601665732361656 0.15625
20 92 83 95	0.0008207009751858646 0.15625
20 92 92 95	0.002162285194036645 0.15625
20 95	0.003714710252600297 0.15625
20 95 0 45	0.2 0.0625
20 95 0 65	0.9 0.15625
20 95 21 95	0.011461318051575931 0.03125
20 95 28 93	0.06209150326797386 0.09375
20 95 28 117	0.08370044052863436 0.09375
20 95 30 95	7.848960985107117e-05 0.15625
20 95 49 114	0.0019267822736030828 0.03125
20 95 52 93	0.06735751295336788 0.09375
20 95 52 95	0.017241379310344827 0.09375
20 95 52 117	0.00014500513095078748 0.09375
20 95 53 93	0.0547945205479452 0.03125
20 95 53 117	0.021333333333333333 0.03125
20 95 59 93	0.041666666666666664 0.03125
20 95 77 45	0.04 0.0625
20 95 93	0.08108108108108109 0.09375
20 95 99 95	0.002297090352220521 0.09375
20 95 104 43	0.002570694087403599 0.03125
20 95 104 65	0.4 0.0625
20 95 105 45	0.03723404255319149 0.0625
20 95 105 65	0.6666666666666666 0.0625
20 95 108 43	0.028985507246376812 0.03125
20 95 110 45	0.11842105263157894 0.15625
20 95 110 65	0.36363636363636365 0.0625
20 95 117	0.014705882352941176 0.09375
20 104 20 95	0.0016565433462175593 0.09375
20 104 39 95	0.0010086746015735323 0.15625
20 105 20 95	0.0015923566878980893 0.0625
20 105 40 95	0.0029973772948669914 0.09375
20 108 20 95	0.014084507042253521 0.03125
20 117 30 95	0.021739130434782608 0.09375
20 117 52 95	0.020202020202020204 0.09375
20 117 93	0.15789473684210525 0.09375
20 117 99 95	0.03 0.09375
20 117 104 43	0.006944444444444444 0.03125
20 117 104 65	1.0 0.0625
20 117 105 65	1.0 0.0625
20 117 117	0.12 0.09375
20 122 57 95	0.3333333333333333 0.0625
20 126 61 95	0.00035565039566106516 0.03125
24 76 21 95	0.006944444444444444 0.03125
24 89 20 95	0.0010779844770235308 0.09375
24 89 39 93	0.006801645049035116 0.09375
24 89 39 117	0.00044802867383512545 0.0625
24 89 40 93	0.00967741935483871 0.09375
24 89 40 117	0.0016501650165016502 0.0625
24 89 43	0.040865384615384616 0.0625
24 89 46	0.0002447381302006853 0.03125
24 89 65	0.6666666666666666 0.1875
24 89 79	0.16666666666666666 0.03125
26	0.3 0.09375
26 0 26	0.3 0.09375
26 0 26 97	0.3333333333333333 0.09375
26 0 26 98	0.2 0.09375
26 0 49 114	0.003289473684210526 0.09375
26 0 58 65	1.0 0.09375
26 0 65	1.0 0.09375
26 0 123 65	1.0 0.09375
26 32 91 65	1.0 0.09375
26 32 97	0.3333333333333333 0.09375
26 32 97 33	0.4 0.09375
26 32 98	0.3333333333333333 0.09375
26 32 98 33	0.4 0.09375
26 33 91 65	1.0 0.09375
26 33 97	0.3333333333333333 0.09375
26 33 97 33	0.4 0.09375
26 33 98	0.3333333333333333 0.09375
26 33 98 33	0.4 0.09375
26 49 114	0.003289473684210526 0.09375
26 49 114 26	0.036458333333333336 0.09375
26 49 114 33	0.2857142857142857 0.09375
26 49 114 65	1.0 0.09375
26 91 26	0.24193548387096775 0.09375
26 91 26 97	0.3333333333333333 0.21875
26 91 26 98	0.23671497584541062 0.21875
26 91 49 114	0.003244646333549643 0.3125
26 91 58 65	1.0 0.21875
26 91 65	1.0 0.3125
26 91 123 65	1.0 0.21875
26 97	0.3333333333333333 0.21875
26 97 0 26	0.3 0.21875
26 97 0 65	1.0 0.21875
26 97 32 97	0.3333333333333333 0.21875
26 97 32 98	0.3333333333333333 0.21875
26 97 33	0.4 0.21875
26 97 33 97	0.3333333333333333 0.21875
26 97 33 98	0.2 0.21875
26 97 49 114	0.003289473684210526 0.21875
26 97 91 26	0.4 0.21875
26 97 91 65	1.0 0.21875
26 97 98 33	0.5 0.21875
26 98	0.25925925925925924 0.21875
26 98 0 26	0.3 0.21875
26 98 0 65	1.0 0.21875
26 98 32 97	0.3333333333333333 0.3125
26 98 32 98	0.3333333333333333 0.3125
26 98 33	0.425531914893617 0.3125
26 98 33 97	0.3333333333333333 0.3125
26 98 33 98	0.2 0.3125
26 98 49 114	0.003289473684210526 0.3125
26 98 91 26	0.4 0.21875
26 98 91 65	1.0 0.21875
26 98 98 33	0.5 0.21875
35 80 18 95	0.00015693659761456373 0.0625
35 80 27 95	7.877613398244868e-05 0.0625
35 80 30 95	1.8856424876317566e-06 0.125
35 80 34 93	0.072 0.09375
35 80 34 117	0.007075471698113208 0.09375
35 80 52 95	0.004575163398692811 0.125
35 80 83 95	0.00012511729746637472 0.0625
35 80 85 43	0.002797202797202797 0.0625
35 80 85 45	0.015384615384615385 0.15625
35 80 85 65	0.2608695652173913 0.125
35 80 85 79	0.02040816326530612 0.03125
35 80 92 95	0.00015998080230372356 0.0625
35 80 93	0.10714285714285714 0.09375
35 80 95	0.0003247016803311957 0.125
35 80 95 33	0.002523659305993691 0.03125
35 80 95 93	0.026595744680851064 0.1875
35 80 95 117	0.0061068702290076335 0.15625
35 80 99 95	0.00027614138438880706 0.09375
35 80 104 45	0.013850415512465374 0.125
35 80 104 65	1.0 0.0625
35 80 105 45	0.008503401360544218 0.09375
35 80 105 65	1.0 0.0625
35 80 108 45	0.024691358024691357 0.0625
35 80 117	0.004669779853235491 0.09375
35 80 117 93	0.09090909090909091 0.09375
35 80 117 117	0.09090909090909091 0.09375
35 80 122 45	0.10526315789473684 0.0625
35 100 1 95	0.014084507042253521 0.03125
35 100 8 45	0.011714589989350373 0.09375
35 100 12 33	0.015151515151515152 0.03125
35 100 12 93	0.011909568025837708 0.125
35 100 12 117	0.007486275162202629 0.09375
35 100 20 95	0.0001226165169338481 0.15625
35 100 23 45	0.015473887814313346 0.0625
35 100 26	0.23076923076923078 0.3125
35 100 26 97	0.3333333333333333 0.3125
35 100 26 98	0.2 0.3125
35 100 30 95	0.013937282229965157 0.03125
35 100 37 95	0.0027100271002710027 0.03125
35 100 39 33	0.029333333333333333 0.03125
35 100 39 45	0.00010256410256410256 0.03125
35 100 39 93	0.026979055733049342 0.25
35 100 39 117	0.0135888161110568 0.15625
35 100 40 33	0.05814562598218963 0.03125
35 100 40 45	0.0012798922196025598 0.03125
35 100 40 93	0.028805097549760232 0.25
35 100 40 117	0.012051261953284214 0.15625
35 100 43	0.0015713097328773455 0.15625
35 100 43 95	0.0035971223021582736 0.03125
35 100 45	0.017431659969437997 0.21875
35 100 46	8.262072954104185e-06 0.03125
35 100 49 114	0.0009975773122416988 0.3125
35 100 57 33	0.009259259259259259 0.03125
35 100 57 93	0.0075528700906344415 0.09375
35 100 58 45	0.020361990950226245 0.09375
35 100 58 65	1.0 0.3125
35 100 65	0.6236559139784946 0.6875
35 100 73 45	0.011702127659574468 0.09375
35 100 79	0.013333333333333334 0.03125
35 100 88 45	0.015209125475285171 0.0625
35 100 123 45	0.010025062656641603 0.0625
35 100 123 65	1.0 0.3125
35 103 21 95	0.0020093770931011385 0.0625
35 103 30 95	0.0074962518740629685 0.0625
37 94	1.0 0.03125
37 94 0 45	0.4 0.03125
37 94 0 65	1.0 0.03125
37 94 28 93	0.5 0.03125
37 94 29 94	1.0 0.03125
37 94 29 121	1.0 0.03125
37 94 56 94	1.0 0.03125
37 94 56 121	1.0 0.03125
37 94 110 45	0.36 0.03125
37 94 110 65	1.0 0.03125
37 102 20 95	0.00024177949709864604 0.03125
37 102 37 94	1.0 0.03125
37 102 37 121	1.0 0.03125
37 102 45	0.021897810218978103 0.0625
37 102 65	1.0 0.15625
37 111 39 117	0.012681159420289856 0.03125
37 111 45	0.15789473684210525 0.03125
37 111 65	1.0 0.03125
37 121	1.0 0.03125
37 121 0 45	0.4 0.03125
37 121 0 65	1.0 0.03125
37 121 28 93	0.5 0.03125
37 121 29 94	1.0 0.03125
37 121 29 121	1.0 0.03125
37 121 56 94	1.0 0.03125
37 121 56 121	1.0 0.03125
37 121 110 45	0.36 0.03125
37 121 110 65	1.0 0.03125
39 15 80 93	1.0 0.03125
39 15 100 45	0.07692307692307693 0.03125
39 15 100 65	1.0 0.03125
39 27 27 93	0.5 0.03125
39 27 92 93	0.5 0.03125
39 27 104 45	0.08333333333333333 0.03125
39 27 104 65	1.0 0.03125
39 30 34 93	0.4 0.03125
39 30 34 117	1.0 0.03125
39 30 85 45	0.03812316715542522 0.09375
39 30 85 65	0.4 0.03125
39 30 95	0.003389830508474576 0.03125
39 30 95 93	0.09395973154362416 0.125
39 30 95 117	0.09900990099009901 0.09375
39 30 117 93	1.0 0.03125
39 30 117 117	1.0 0.03125
39 45 110 93	0.14285714285714285 0.09375
39 52 34 93	1.0 0.03125
39 52 34 117	1.0 0.03125
39 52 85 45	0.125 0.03125
39 52 85 65	1.0 0.03125
39 52 95	0.25 0.03125
39 52 95 93	1.0 0.03125
39 52 95 117	1.0 0.03125
39 52 117 93	0.2692307692307692 0.15625
39 52 117 117	0.4166666666666667 0.09375
39 56 121 117	0.2222222222222222 0.0625
39 77 12 93	0.13090128755364808 0.125
39 77 12 117	0.15702479338842976 0.0625
39 77 39 93	0.14285714285714285 0.09375
39 77 40 93	0.11203319502074689 0.09375
39 77 40 117	0.144 0.0625
39 77 45	0.04 0.0625
39 92 27 93	0.5 0.0625
39 92 92 93	0.5 0.0625
39 92 93	0.5 0.03125
39 92 104 45	0.08333333333333333 0.03125
39 92 104 65	1.0 0.03125
39 93	0.20833333333333334 0.15625
39 93 0 45	0.26666666666666666 0.09375
39 93 0 65	0.6470588235294118 0.15625
39 93 25 90	0.041666666666666664 0.03125
39 93 28 93	0.15789473684210525 0.15625
39 93 28 117	0.234375 0.09375
39 93 29 94	1.0 0.03125
39 93 29 121	1.0 0.03125
39 93 30 95	0.0002789400278940028 0.03125
39 93 45 110	0.017543859649122806 0.03125
39 93 52 93	0.18181818181818182 0.125
39 93 52 117	0.3 0.09375
39 93 53 93	0.14285714285714285 0.09375
39 93 53 117	0.2222222222222222 0.0625
39 93 56 94	1.0 0.03125
39 93 56 121	1.0 0.03125
39 93 110 43	0.005154639175257732 0.0625
39 93 110 45	0.17214961694456962 0.125
39 93 110 65	0.5 0.125
39 99 34 93	1.0 0.03125
39 99 34 117	1.0 0.03125
39 99 85 45	0.125 0.03125
39 99 85 65	1.0 0.03125
39 99 95	0.25 0.03125
39 99 95 117	1.0 0.03125
39 99 117 93	1.0 0.03125
39 99 117 117	1.0 0.03125
39 104 12 93	0.13333333333333333 0.09375
39 104 12 117	0.1111111111111111 0.0625
39 104 20 95	8.179959100204499e-05 0.03125
39 104 37 94	1.0 0.03125
39 104 37 121	1.0 0.03125
39 104 39 93	0.14446022727272728 0.15625
39 104 39 117	0.2222222222222222 0.09375
39 104 40 93	0.11052166224580018 0.125
39 104 40 117	0.09502262443438914 0.09375
39 104 43	0.014705882352941176 0.0625
39 104 45	0.18087855297157623 0.125
39 104 57 93	0.2857142857142857 0.03125
39 104 65	0.6923076923076923 0.21875
39 105 12 93	0.1111111111111111 0.09375
39 105 12 117	0.13043478260869565 0.0625
39 105 20 95	0.0006291286568103177 0.03125
39 105 39 93	0.1223091976516634 0.125
39 105 39 117	0.1830065359477124 0.09375
39 105 40 93	0.14602825169693634 0.15625
39 105 40 117	0.2247765006385696 0.09375
39 105 45	0.06756756756756757 0.0625
39 105 65	1.0 0.03125
39 117	0.25 0.09375
39 117 0 65	0.75 0.09375
39 117 28 93	0.18181818181818182 0.125
39 117 28 117	0.3 0.09375
39 117 30 95	0.3333333333333333 0.03125
39 117 52 93	0.15625 0.125
39 117 52 117	0.23333333333333334 0.09375
39 117 108 43	0.05555555555555555 0.0625
39 117 110 45	0.17000911577028258 0.09375
39 117 110 65	0.4166666666666667 0.09375
39 118 28 93	0.14285714285714285 0.09375
39 118 28 117	0.2222222222222222 0.0625
39 118 53 93	0.15625 0.125
39 118 53 117	0.25 0.09375
39 121 56 93	0.14285714285714285 0.09375
39 122 39 93	0.5 0.03125
39 122 57 93	0.5 0.03125
39 126 61 93	0.07692307692307693 0.09375
39 126 61 117	0.045454545454545456 0.0625
40 15 80 117	0.375 0.03125
40 15 100 45	0.07692307692307693 0.03125
40 15 100 65	1.0 0.03125
40 19 84 93	0.14285714285714285 0.03125
40 30 34 93	1.0 0.03125
40 30 34 117	1.0 0.03125
40 30 85 65	0.6666666666666666 0.03125
40 30 95	0.16666666666666666 0.03125
40 30 95 93	1.0 0.03125
40 30 95 117	1.0 0.03125
40 30 117 93	1.0 0.03125
40 30 117 117	1.0 0.03125
40 45 110 117	0.07692307692307693 0.03125
40 52 34 93	1.0 0.03125
40 52 34 117	1.0 0.03125
40 52 85 65	1.0 0.03125
40 52 95	0.25 0.03125
40 52 95 93	1.0 0.03125
40 52 95 117	1.0 0.03125
40 52 117 93	1.0 0.03125
40 52 117 117	1.0 0.03125
40 93	0.16666666666666666 0.03125
40 93 0 65	0.6666666666666666 0.03125
40 93 28 93	0.08333333333333333 0.03125
40 93 28 117	0.3333333333333333 0.03125
40 93 30 95	0.3333333333333333 0.03125
40 93 52 117	0.5 0.03125
40 99 34 93	1.0 0.03125
40 99 34 117	1.0 0.03125
40 99 85 45	0.125 0.03125
40 99 85 65	1.0 0.03125
40 99 95	0.25 0.03125
40 99 95 93	1.0 0.03125
40 99 95 117	1.0 0.03125
40 99 117 93	1.0 0.03125
40 99 117 117	1.0 0.03125
40 104 20 95	0.006309148264984227 0.03125
40 104 39 93	0.02185792349726776 0.03125
40 104 39 117	0.07407407407407407 0.03125
40 104 40 93	0.04081632653061224 0.03125
40 104 40 117	0.047619047619047616 0.03125
40 104 65	1.0 0.03125
40 105 20 95	0.0035842293906810036 0.03125
40 105 26 97	0.3333333333333333 0.03125
40 105 37 94	1.0 0.03125
40 105 37 121	1.0 0.03125
40 105 39 93	0.05228758169934641 0.09375
40 105 39 117	0.1076923076923077 0.0625
40 105 40 93	0.03896103896103896 0.03125
40 105 40 117	0.08391608391608392 0.03125
40 105 45	0.02631578947368421 0.0625
40 105 49 114	0.00045454545454545455 0.03125
40 105 65	1.0 0.21875
40 117	0.3333333333333333 0.03125
40 117 0 65	1.0 0.03125
40 117 28 93	0.5 0.03125
40 117 28 117	0.5 0.03125
40 117 52 93	0.25 0.03125
40 117 52 117	0.16666666666666666 0.03125
40 118 53 93	0.07692307692307693 0.03125
40 118 53 117	0.14285714285714285 0.03125
43	0.05555555555555555 0.03125
43 0 43	1.0 0.03125
43 0 46	0.5 0.03125
43 0 65	1.0 0.03125
43 14 20 95	0.024390243902439025 0.03125
43 14 43	1.0 0.03125
43 14 79	1.0 0.03125
43 30 85 43	0.17647058823529413 0.03125
43 30 85 79	1.0 0.03125
43 30 95	0.024390243902439025 0.03125
43 81 12 93	0.03278688524590164 0.03125
43 81 20 95	0.0006967716248050699 0.0625
43 81 37 94	0.5 0.03125
43 81 37 121	1.0 0.03125
43 81 39 93	0.030864197530864196 0.125
43 81 39 117	0.027210884353741496 0.0625
43 81 40 33	0.047619047619047616 0.03125
43 81 40 93	0.024096385542168676 0.09375
43 81 40 117	0.03436426116838488 0.09375
43 81 45	0.009536784741144414 0.0625
43 81 57 93	0.125 0.03125
43 81 65	0.6 0.15625
43 108 12 93	0.013986013986013986 0.0625
43 108 12 117	0.02702702702702703 0.0625
43 108 20 95	0.0014390081912773966 0.09375
43 108 37 94	0.5 0.03125
43 108 37 121	1.0 0.03125
43 108 39 33	0.2 0.03125
43 108 39 93	0.04522613065326633 0.15625
43 108 39 117	0.029469548133595286 0.0625
43 108 40 33	0.18181818181818182 0.03125
43 108 40 45	0.021505376344086023 0.03125
43 108 40 117	0.0049586776859504135 0.0625
43 108 43	0.017346938775510204 0.03125
43 108 45	0.021337126600284494 0.09375
43 108 46	0.000946969696969697 0.03125
43 108 57 93	0.06382978723404255 0.0625
43 108 65	0.75 0.3125
43 108 79	0.14285714285714285 0.03125
43 110 45	0.3333333333333333 0.03125
43 111 43	1.0 0.03125
43 111 46	0.5 0.03125
43 111 65	1.0 0.03125
45	0.16216216216216217 0.1875
45 0 20 95	0.027777777777777776 0.0625
45 0 37 94	1.0 0.0625
45 0 37 121	1.0 0.0625
45 0 39 93	0.13333333333333333 0.15625
45 0 39 117	0.14285714285714285 0.0625
45 0 45	0.4 0.1875
45 0 65	0.6363636363636364 0.1875
45 25 90	0.08333333333333333 0.0625
45 28 93	0.07142857142857142 0.15625
45 28 104 43	0.0039603960396039604 0.0625
45 28 104 45	0.08760951188986232 0.125
45 28 104 65	0.5 0.15625
45 28 105 45	0.033112582781456956 0.0625
45 28 117	0.04878048780487805 0.0625
45 29 94	1.0 0.0625
45 29 102 45	0.2222222222222222 0.0625
45 29 102 65	1.0 0.0625
45 29 121	1.0 0.0625
45 30 18 95	8.92020873288435e-05 0.03125
45 30 83 95	9.029753036254458e-05 0.03125
45 30 85 45	0.12240184757505773 0.0625
45 30 85 65	0.36363636363636365 0.0625
45 30 95	0.004842615012106538 0.0625
45 45 110	0.04225352112676056 0.0625
45 52 93	0.03571428571428571 0.09375
45 52 104 43	0.003875968992248062 0.0625
45 52 104 45	0.07367280606717226 0.0625
45 52 104 65	0.4166666666666667 0.09375
45 52 105 45	0.030395136778115502 0.0625
45 52 117	0.03571428571428571 0.0625
45 56 94	1.0 0.0625
45 56 102 45	0.2222222222222222 0.0625
45 56 102 65	1.0 0.0625
45 56 121	0.4 0.0625
45 108 39 93	0.04477611940298507 0.09375
45 108 43	0.030303030303030304 0.0625
45 108 45	0.022222222222222223 0.09375
45 110 12 93	0.011111111111111112 0.125
45 110 20 95	0.00031967785445684207 0.09375
45 110 37 94	0.17073170731707318 0.0625
45 110 37 121	0.5 0.0625
45 110 39 93	0.015646571560055222 0.1875
45 110 39 117	0.010941271118262269 0.0625
45 110 40 93	0.004220893422441084 0.125
45 110 40 117	0.0022036139268400176 0.0625
45 110 43	0.00044913541432741973 0.0625
45 110 44 45	0.0013386880856760374 0.03125
45 110 45	0.03441142338160351 0.1875
45 110 57 93	0.1 0.0625
45 110 58 45	0.006896551724137931 0.03125
45 110 65	0.46236559139784944 0.34375
46	0.023255813953488372 0.03125
46 0 43	1.0 0.03125
46 0 46	0.5 0.03125
46 0 65	1.0 0.03125
46 14 20 95	0.024390243902439025 0.03125
46 14 43	1.0 0.03125
46 14 79	1.0 0.03125
46 30 85 43	0.17647058823529413 0.03125
46 30 85 79	1.0 0.03125
46 30 95	0.024390243902439025 0.03125
46 102 39 93	0.11428571428571428 0.125
46 102 44 45	0.037037037037037035 0.03125
46 102 57 93	0.025 0.09375
46 108 20 95	0.014778325123152709 0.03125
46 108 43	0.85 0.03125
46 108 46	0.03333333333333333 0.03125
46 108 65	1.0 0.03125
46 108 79	1.0 0.03125
46 110 45	1.0 0.03125
46 111 12 93	0.00261437908496732 0.21875
46 111 12 117	0.0007620291748312649 0.0625
46 111 16 118	0.015151515151515152 0.03125
46 111 20 95	4.745279514859248e-05 0.1875
46 111 23 45	0.010432190760059613 0.125
46 111 26	0.01891891891891892 0.125
46 111 26 97	0.3333333333333333 0.125
46 111 26 98	0.12280701754385964 0.125
46 111 37 94	0.04375 0.09375
46 111 37 95	0.0022172949002217295 0.03125
46 111 37 121	0.6363636363636364 0.09375
46 111 39 33	0.014972419227738377 0.03125
46 111 39 45	0.0001558846453624318 0.03125
46 111 39 93	0.002880501546151565 0.34375
46 111 39 95	1.5546296872085068e-05 0.03125
46 111 39 117	0.001504613200851668 0.125
46 111 40 33	0.027346177750155375 0.03125
46 111 40 45	0.0005896999082689032 0.03125
46 111 40 93	0.0025026312711963514 0.375
46 111 40 95	0.0001528117359413203 0.0625
46 111 40 117	0.001259694709282221 0.15625
46 111 43	0.001001792681640831 0.0625
46 111 44 45	0.007725321888412017 0.125
46 111 45	0.01309862304718699 0.21875
46 111 46	7.69032595446558e-06 0.03125
46 111 49 114	6.473117574255289e-05 0.15625
46 111 57 33	0.009174311926605505 0.03125
46 111 57 93	0.0056292722155207075 0.15625
46 111 58 45	0.00847457627118644 0.09375
46 111 65	0.33004926108374383 0.71875
46 111 73 45	0.00860832137733142 0.09375
46 111 79	0.0024096385542168677 0.03125
46 111 88 45	0.010432190760059613 0.125
46 111 123 45	0.010526315789473684 0.125
49 113 48 114	0.003289473684210526 0.3125
49 114	0.003289473684210526 0.3125
49 114 0 26	0.3 0.3125
49 114 0 65	1.0 0.3125
49 114 26	0.036458333333333336 0.3125
49 114 26 97	0.3333333333333333 0.3125
49 114 26 98	0.2 0.3125
49 114 32 97	0.3333333333333333 0.3125
49 114 32 98	0.3333333333333333 0.3125
49 114 33	0.2857142857142857 0.3125
49 114 33 97	0.3333333333333333 0.3125
49 114 33 98	0.21052631578947367 0.3125
49 114 49 114	0.003211900938213169 0.3125
49 114 58 65	1.0 0.3125
49 114 65	1.0 0.3125
49 114 91 26	0.0730593607305936 0.3125
49 114 91 65	1.0 0.3125
49 114 98 33	0.5 0.3125
49 114 123 65	1.0 0.3125
51	0.3333333333333333 0.03125
51 0 51	0.5 0.03125
51 0 58 51	1.0 0.03125
51 0 65	1.0 0.03125
51 45 110	0.14285714285714285 0.03125
51 51 116	0.010101010101010102 0.03125
51 51 116 51	0.026785714285714284 0.03125
51 116 8 51	0.6666666666666666 0.03125
51 116 12 93	0.003663003663003663 0.03125
51 116 20 51	0.16666666666666666 0.03125
51 116 37 94	0.09090909090909091 0.03125
51 116 37 121	1.0 0.03125
51 116 39 93	0.001402524544179523 0.03125
51 116 45	0.005128205128205128 0.03125
51 116 51	0.0351288056206089 0.03125
51 116 51 116	2.6362444062189007e-05 0.03125
51 116 58 51	0.5 0.03125
51 116 65	1.0 0.0625
51 116 73 51	0.6666666666666666 0.03125
51 116 123 51	0.25 0.03125
51 116 123 65	1.0 0.03125
57 122 26	1.0 0.03125
57 122 39 93	0.14285714285714285 0.03125
57 122 39 117	0.3333333333333333 0.03125
57 122 40 93	0.0967741935483871 0.03125
57 122 40 117	0.23076923076923078 0.03125
57 122 45	0.22857142857142856 0.03125
57 122 49 114	0.003289473684210526 0.03125
57 122 65	1.0 0.09375
58 16 81 51	0.16666666666666666 0.03125
58 26 91 65	1.0 0.03125
58 26 97	0.3333333333333333 0.03125
58 26 97 33	0.4 0.03125
58 26 98	0.3333333333333333 0.03125
58 26 98 33	0.4 0.03125
58 35 100 26	0.375 0.03125
58 35 100 65	1.0 0.03125
58 40 77 51	0.5 0.03125
58 40 77 65	1.0 0.03125
58 40 105 51	1.0 0.03125
58 45 110 51	0.14285714285714285 0.03125
58 46 111 51	0.03048780487804878 0.03125
58 46 111 65	0.25 0.03125
58 49 114	0.0031645569620253164 0.03125
58 49 114 26	0.036458333333333336 0.03125
58 49 114 51	0.06666666666666667 0.03125
58 49 114 65	1.0 0.03125
58 51	1.0 0.03125
58 51 0 51	0.5 0.03125
58 51 0 65	1.0 0.03125
58 51 45 110	0.14285714285714285 0.03125
58 51 51 116	0.010101010101010102 0.03125
58 51 116 51	0.7777777777777778 0.03125
58 51 116 65	1.0 0.03125
58 62 127 51	0.14285714285714285 0.03125
58 65	1.0 0.03125
58 65 0 26	0.3 0.03125
58 65 0 65	1.0 0.03125
58 65 32 97	0.3333333333333333 0.03125
58 65 32 98	0.3333333333333333 0.03125
58 65 33 97	0.3333333333333333 0.03125
58 65 33 98	0.3333333333333333 0.03125
58 65 49 114	0.003289473684210526 0.03125
58 65 91 26	0.4 0.03125
58 65 91 65	1.0 0.03125
58 123 26 97	0.3333333333333333 0.03125
58 123 26 98	0.3333333333333333 0.03125
58 123 49 114	0.003289473684210526 0.03125
58 123 51	0.5 0.03125
58 123 58 51	1.0 0.03125
58 123 58 65	1.0 0.03125
58 123 65	1.0 0.0625
65	1.0 1.0
65 0 16 118	0.3333333333333333 0.03125
65 0 20 95	0.0007415952537903757 0.15625
65 0 26	0.3 0.3125
65 0 26 97	0.3333333333333333 0.3125
65 0 26 98	0.2 0.3125
65 0 37 94	1.0 0.09375
65 0 37 121	1.0 0.09375
65 0 39 93	0.22 0.28125
65 0 39 117	0.23076923076923078 0.125
65 0 40 93	0.2 0.0625
65 0 40 117	0.2857142857142857 0.0625
65 0 43	0.03333333333333333 0.03125
65 0 45	0.2222222222222222 0.21875
65 0 46	0.008064516129032258 0.03125
65 0 49 114	0.003289473684210526 0.3125
65 0 51	0.2 0.03125
65 0 58 51	1.0 0.03125
65 0 58 65	1.0 0.3125
65 0 65	1.0 1.0
65 0 81	0.02857142857142857 0.0625
65 0 108	0.05555555555555555 0.0625
65 0 111	0.002777777777777778 0.0625
65 0 123 65	1.0 0.3125
65 14 20 95	0.024390243902439025 0.03125
65 14 43	1.0 0.03125
65 14 79	1.0 0.03125
65 16 65	1.0 0.0625
65 16 81	0.02857142857142857 0.0625
65 16 108	0.05555555555555555 0.0625
65 20 15 100	0.0012468827930174563 0.0625
65 20 85	0.0014104372355430183 0.0625
65 20 95 7	0.3333333333333333 0.0625
65 24 89	0.0029411764705882353 0.03125
65 25 90	0.125 0.125
65 28 27 33	1.0 0.03125
65 28 27 45	0.16666666666666666 0.03125
65 28 30 95	0.006147540983606557 0.09375
65 28 33	1.0 0.03125
65 28 52 95	0.0379746835443038 0.09375
65 28 92 33	1.0 0.03125
65 28 92 45	0.16666666666666666 0.03125
65 28 93	0.23214285714285715 0.40625
65 28 99 95	0.03 0.09375
65 28 104 43	0.009146341463414634 0.09375
65 28 104 45	0.11093990755007704 0.1875
65 28 104 65	0.6470588235294118 0.28125
65 28 105 45	0.03968253968253968 0.0625
65 28 105 65	0.6666666666666666 0.0625
65 28 117	0.17857142857142858 0.15625
65 29 94	1.0 0.09375
65 29 102 45	0.2222222222222222 0.09375
65 29 102 65	1.0 0.09375
65 29 121	1.0 0.09375
65 30 34 93	0.08333333333333333 0.09375
65 30 34 117	0.10714285714285714 0.09375
65 30 85 43	0.0074962518740629685 0.0625
65 30 85 45	0.2109375 0.125
65 30 85 65	0.9 0.15625
65 30 85 79	0.1111111111111111 0.03125
65 30 95	0.03111111111111111 0.21875
65 30 95 93	0.05357142857142857 0.09375
65 30 95 117	0.07692307692307693 0.09375
65 30 117 93	0.08333333333333333 0.09375
65 30 117 117	0.10714285714285714 0.09375
65 32 91 65	1.0 0.3125
65 32 97	0.3333333333333333 0.3125
65 32 97 33	0.4 0.3125
65 32 98	0.3333333333333333 0.3125
65 32 98 33	0.4 0.3125
65 33 91 65	1.0 0.3125
65 33 97	0.3333333333333333 0.3125
65 33 97 33	0.4 0.3125
65 33 98	0.3333333333333333 0.3125
65 33 98 33	0.4 0.3125
65 35 80 85	0.0005942653394740752 0.0625
65 35 100	0.0003237293622531564 0.09375
65 37 102	0.16 0.125
65 43 65	1.0 0.0625
65 43 81	0.02857142857142857 0.0625
65 43 108	0.05555555555555555 0.0625
65 45 110	0.06896551724137931 0.125
65 46 65	1.0 0.0625
65 46 111	0.0013054830287206266 0.09375
65 49 114	0.003289473684210526 0.3125
65 49 114 26	0.036458333333333336 0.3125
65 49 114 33	0.2857142857142857 0.3125
65 49 114 65	1.0 0.3125
65 51 116	0.017094017094017096 0.0625
65 51 116 51	0.022900763358778626 0.03125
65 52 30 95	0.01020408163265306 0.09375
65 52 52 95	0.0379746835443038 0.09375
65 52 93	0.15151515151515152 0.15625
65 52 99 95	0.03 0.09375
65 52 104 45	0.19060773480662985 0.09375
65 52 104 65	0.75 0.125
65 52 105 45	0.06993006993006994 0.0625
65 52 105 65	1.0 0.0625
65 52 117	0.23809523809523808 0.15625
65 53 81 65	0.5 0.03125
65 53 118	1.0 0.03125
65 56 94	1.0 0.09375
65 56 102 45	0.2222222222222222 0.09375
65 56 102 65	1.0 0.09375
65 56 121	1.0 0.09375
65 57 122	0.034482758620689655 0.0625
65 72 7	1.0 0.0625
65 72 30 85	0.0012360939431396785 0.0625
65 91 26	0.4 0.3125
65 91 49 114	0.0031446540880503146 0.3125
65 91 65	1.0 0.3125
65 98 27 33	1.0 0.03125
65 98 27 45	0.10810810810810811 0.03125
65 98 27 93	0.3333333333333333 0.03125
65 98 32 97	0.3333333333333333 0.3125
65 98 32 98	0.3333333333333333 0.3125
65 98 33	0.5833333333333334 0.34375
65 98 33 97	0.3333333333333333 0.3125
65 98 33 98	0.12195121951219512 0.3125
65 98 45	0.1 0.03125
65 98 49 114	0.003289473684210526 0.3125
65 98 92 33	1.0 0.03125
65 98 92 45	0.10810810810810811 0.03125
65 98 92 93	0.3333333333333333 0.03125
65 98 93	0.5 0.03125
65 108 20 95	0.014492753623188406 0.0625
65 108 43	0.92 0.15625
65 108 45	0.18181818181818182 0.0625
65 108 46	0.022727272727272728 0.03125
65 108 65	1.0 0.03125
65 108 79	1.0 0.03125
65 110 12 117	0.06896551724137931 0.0625
65 110 20 95	0.0030337078651685393 0.125
65 110 27 33	1.0 0.03125
65 110 33	1.0 0.03125
65 110 37 94	1.0 0.09375
65 110 37 121	1.0 0.09375
65 110 39 93	0.0696999031945789 0.1875
65 110 39 117	0.16707021791767554 0.09375
65 110 40 93	0.02610966057441253 0.0625
65 110 40 117	0.07751937984496124 0.0625
65 110 45	0.27412008281573497 0.375
65 110 65	0.6363636363636364 0.21875
65 110 92 33	1.0 0.03125
65 110 92 93	0.3333333333333333 0.03125
65 111 43	1.0 0.03125
65 111 46	0.5 0.03125
65 111 65	1.0 0.03125
65 116 8 51	1.0 0.03125
65 116 51	0.7777777777777778 0.03125
65 116 51 116	0.006036217303822937 0.03125
65 116 58 51	1.0 0.03125
65 116 65	1.0 0.03125
65 116 73 51	1.0 0.03125
65 116 123 51	0.3333333333333333 0.03125
65 116 123 65	1.0 0.03125
81	0.02857142857142857 0.03125
81 0 65	1.0 0.03125
81 0 81	0.02857142857142857 0.03125
81 0 108	0.05555555555555555 0.03125
81 0 111	0.002824858757062147 0.03125
81 16 65	1.0 0.03125
81 16 81	0.02527075812274368 0.03125
81 16 108	0.04985754985754986 0.03125
81 20 15 100	0.0010561135023114936 0.03125
81 20 18 85	0.00011262740975728793 0.03125
81 20 27 85	0.00014353685441641635 0.03125
81 20 83 85	0.00011456722231769491 0.03125
81 20 85	0.0013310466634243736 0.03125
81 20 92 85	0.0001403173250320911 0.03125
81 20 95 7	0.3333333333333333 0.03125
81 35 80 85	0.0008058017727639 0.03125
81 35 100	0.0012468827930174563 0.03125
81 37 102	0.3333333333333333 0.03125
81 39 15 100	0.0012468827930174563 0.03125
81 39 30 85	0.0010416666666666667 0.03125
81 39 99 85	0.0012165450121654502 0.03125
81 40 15 100	0.0011376564277588168 0.03125
81 40 30 85	0.0003219834178539805 0.03125
81 43 65	1.0 0.03125
81 43 81	0.016632016632016633 0.03125
81 43 108	0.03305785123966942 0.03125
81 46 65	1.0 0.03125
81 46 111	4.2714598141060687e-05 0.03125
81 57 122	0.034482758620689655 0.03125
81 72 7	0.5 0.03125
81 72 30 85	0.0012360939431396785 0.03125
108	0.05555555555555555 0.03125
108 0 65	1.0 0.03125
108 0 81	0.02857142857142857 0.03125
108 0 108	0.05555555555555555 0.03125
108 0 111	0.002824858757062147 0.03125
108 16 65	1.0 0.03125
108 16 81	0.01951219512195122 0.03125
108 16 108	0.042328042328042326 0.03125
108 20 15 100	0.0012468827930174563 0.03125
108 20 85	0.0014374700527072352 0.03125
108 20 95 7	0.3333333333333333 0.03125
108 35 80 85	0.0008054772452678212 0.03125
108 35 100	0.0011876484560570072 0.03125
108 37 102	0.3333333333333333 0.03125
108 39 30 85	0.0012360939431396785 0.03125
108 40 15 100	0.0012468827930174563 0.03125
108 40 30 85	0.0012330456226880395 0.03125
108 43 65	1.0 0.03125
108 43 81	0.024896265560165973 0.03125
108 43 108	0.0481283422459893 0.03125
108 46 65	1.0 0.03125
108 46 111	7.580854551829355e-05 0.03125
108 57 122	0.034482758620689655 0.03125
108 72 7	0.5 0.03125
108 72 30 85	0.0012360939431396785 0.03125
111	0.00273224043715847 0.03125
111 0 65	1.0 0.03125
111 0 81	0.02857142857142857 0.03125
111 8 46 65	1.0 0.03125
111 8 46 111	6.694112528031596e-05 0.03125
111 12 15 100	0.0002078353943676608 0.03125
111 12 30 85	0.0004405286343612335 0.03125
111 12 99 85	0.0006362334976936536 0.03125
111 16 7	1.0 0.03125
111 16 30 85	0.0002945291215668949 0.03125
111 16 65	1.0 0.03125
111 16 81	0.001072961373390558 0.03125
111 16 108	0.004013377926421404 0.03125
111 20 15 100	0.0003149961962723469 0.03125
111 20 18 85	0.0001779134209554809 0.03125
111 20 27 85	0.00014528563055456322 0.03125
111 20 83 85	0.00017018039197055982 0.03125
111 20 85	0.0003922327723216105 0.03125
111 20 92 85	0.00014296282966428728 0.03125
111 20 95 7	0.29906542056074764 0.03125
111 35 80 85	0.000424729556672437 0.03125
111 35 100	0.00010499919706496362 0.0625
111 37 102	0.005494505494505495 0.03125
111 39 15 100	0.0003559849977750938 0.03125
111 39 18 85	0.00013080444735120994 0.03125
111 39 30 85	0.0005342752407948828 0.03125
111 39 83 85	0.00013081300281247955 0.03125
111 39 99 85	0.0006560603575528948 0.03125
111 40 15 100	0.000306119325313007 0.03125
111 40 30 85	0.00040025082384961244 0.03125
111 40 99 85	0.0003929052537045352 0.03125
111 43 30 85	0.0005621135469364812 0.03125
111 43 65	1.0 0.03125
111 43 81	0.0019258545979778526 0.03125
111 43 108	0.003194888178913738 0.03125
111 44 46 111	0.00019252984212552945 0.03125
111 46 65	0.9945652173913043 0.0625
111 46 111	0.00021298161429799463 0.0625
111 57 122	0.005025125628140704 0.03125
111 58 46 65	1.0 0.03125
111 58 46 111	5.345735439553097e-05 0.0625
111 72 30 85	0.0009537434430138292 0.03125
111 73 46 65	1.0 0.03125
111 73 46 111	6.694112528031596e-05 0.03125
111 123 46 65	1.0 0.03125
111 123 46 111	3.6489691662105454e-05 0.03125
123 16 81 51	0.06666666666666667 0.03125
123 26 91 65	1.0 0.03125
123 26 97	0.3333333333333333 0.03125
123 26 97 33	0.4 0.03125
123 26 98	0.3333333333333333 0.03125
123 26 98 33	0.4 0.03125
123 35 100 26	0.375 0.03125
123 35 100 65	1.0 0.03125
123 46 111 51	0.006878761822871883 0.03125
123 49 114	0.003289473684210526 0.03125
123 49 114 26	0.036458333333333336 0.03125
123 49 114 33	0.2857142857142857 0.03125
123 49 114 65	1.0 0.03125
123 51 116	0.010101010101010102 0.03125
123 51 116 51	0.026785714285714284 0.03125
123 58 26 98	0.3333333333333333 0.03125
123 58 49 114	0.003289473684210526 0.03125
123 58 51	0.5 0.03125
123 58 58 51	1.0 0.03125
123 58 65	1.0 0.0625
123 58 123 65	1.0 0.03125
123 65	1.0 0.03125
123 65 0 26	0.3 0.03125
123 65 0 65	1.0 0.03125
123 65 32 97	0.3333333333333333 0.03125
123 65 32 98	0.3333333333333333 0.03125
123 65 33 97	0.3333333333333333 0.03125
123 65 33 98	0.3333333333333333 0.03125
123 65 49 114	0.003289473684210526 0.03125
123 65 91 26	0.4 0.03125
123 65 91 65	1.0 0.03125
123 65 98 33	0.5 0.03125
