14	1.0 0.0023923444976076554
14 22 14	1.0 0.0023923444976076554
14 22 56	1.0 0.0023923444976076554
14 22 87	1.0 0.0023923444976076554
14 22 116	0.06666666666666667 0.0023923444976076554
14 46 111	0.001488095238095238 0.0023923444976076554
14 46 111 44	0.006493506493506494 0.0023923444976076554
14 51 14	1.0 0.0023923444976076554
14 51 56	1.0 0.0023923444976076554
14 51 87	1.0 0.0023923444976076554
14 51 116	0.06666666666666667 0.0023923444976076554
14 79 14	1.0 0.0023923444976076554
14 79 56	1.0 0.0023923444976076554
14 79 87	1.0 0.0023923444976076554
14 79 116	0.06666666666666667 0.0023923444976076554
14 109 44	0.08333333333333333 0.0023923444976076554
14 109 46 111	0.00011228385358185493 0.0023923444976076554
14 121 14	1.0 0.0023923444976076554
14 121 56	1.0 0.0023923444976076554
14 121 87	1.0 0.0023923444976076554
14 121 116	0.06666666666666667 0.0023923444976076554
56	1.0 0.0023923444976076554
56 22 14	1.0 0.0023923444976076554
56 22 56	1.0 0.0023923444976076554
56 22 87	1.0 0.0023923444976076554
56 22 116	0.06666666666666667 0.0023923444976076554
56 46 111	0.001488095238095238 0.0023923444976076554
56 46 111 44	0.006493506493506494 0.0023923444976076554
56 51 14	1.0 0.0023923444976076554
56 51 56	1.0 0.0023923444976076554
56 51 87	1.0 0.0023923444976076554
56 51 116	0.06666666666666667 0.0023923444976076554
56 79 14	1.0 0.0023923444976076554
56 79 56	1.0 0.0023923444976076554
56 79 87	1.0 0.0023923444976076554
56 79 116	0.06666666666666667 0.0023923444976076554
56 109 44	0.08333333333333333 0.0023923444976076554
56 109 46 111	0.00011228385358185493 0.0023923444976076554
56 121 14	1.0 0.0023923444976076554
56 121 56	1.0 0.0023923444976076554
56 121 87	1.0 0.0023923444976076554
56 121 116	0.06666666666666667 0.0023923444976076554
71	0.01710261569416499 0.04066985645933014
71 1 66	2.599090318388564e-05 0.0023923444976076554
71 1 66 85	0.0002542588354945334 0.004784688995215311
71 6 71	0.0038211277359918826 0.0861244019138756
71 6 71 33	0.0017927572606669057 0.0023923444976076554
71 6 71 67	3.462004500605851e-05 0.0023923444976076554
71 6 71 69	0.00025627883136852895 0.0023923444976076554
71 6 71 75	0.00015973845490317186 0.0023923444976076554
71 6 87	0.8143357175467966 0.4473684210526316
71 6 87 23	0.02654867256637168 0.004784688995215311
71 6 87 44	0.140625 0.011961722488038277
71 6 87 58	0.15789473684210525 0.0023923444976076554
71 6 87 88	0.46153846153846156 0.004784688995215311
71 6 87 109	0.0703125 0.009569377990430622
71 6 87 123	0.5454545454545454 0.0023923444976076554
71 10 6 71	0.001521752725605053 0.0215311004784689
71 10 6 87	0.4494195688225539 0.06220095693779904
71 10 30 85	0.0018171305856116296 0.05263157894736842
71 10 32 75	0.00012968486577616392 0.0023923444976076554
71 10 37 87	1.0 0.0023923444976076554
71 10 75	0.0010829836198727495 0.009569377990430622
71 10 75 33	0.006993006993006993 0.0023923444976076554
71 10 97 75	0.00037425149700598805 0.004784688995215311
71 12 15 100	0.0005288207297726071 0.0023923444976076554
71 12 18 85	0.0002164189871591401 0.007177033492822967
71 12 77	0.004395604395604396 0.004784688995215311
71 12 77 33	1.0 0.0023923444976076554
71 12 83 85	0.00021573421544656982 0.007177033492822967
71 12 83 105	0.004545454545454545 0.0023923444976076554
71 12 85	0.003790489317711923 0.05263157894736842
71 12 95 75	0.03125 0.0023923444976076554
71 12 99 77	0.03225806451612903 0.0023923444976076554
71 12 99 85	0.006766107950176841 0.05263157894736842
71 14 6 71	0.0030441400304414 0.019138755980861243
71 14 6 87	0.8484848484848485 0.06220095693779904
71 14 36 101	0.001763668430335097 0.0023923444976076554
71 14 41 106	0.002857142857142857 0.0023923444976076554
71 14 46 111	0.0020945618023448876 0.05980861244019139
71 16 28 104	0.002565418163160595 0.011961722488038277
71 16 30 85	0.0007751937984496124 0.009569377990430622
71 16 52 105	0.0006013229104028864 0.0023923444976076554
71 16 81	0.008761682242990653 0.03110047846889952
71 16 81 67	0.0027605244996549345 0.004784688995215311
71 16 81 69	0.016304347826086956 0.0023923444976076554
71 16 81 123	0.01639344262295082 0.0023923444976076554
71 16 108	0.012210796915167094 0.007177033492822967
71 20 1 66	0.000281135788585887 0.0023923444976076554
71 20 15 100	7.676089492968701e-05 0.04066985645933014
71 20 18 77	0.0016980654423333899 0.004784688995215311
71 20 18 85	0.0004187760524269614 0.10526315789473684
71 20 18 105	1.768119038284106e-05 0.004784688995215311
71 20 27 77	0.0020491803278688526 0.0023923444976076554
71 20 27 85	0.00037777594563964114 0.06937799043062201
71 20 27 105	0.0007519927808693036 0.0023923444976076554
71 20 34 104	0.00040245259345185957 0.014354066985645933
71 20 34 105	5.325806193912603e-05 0.004784688995215311
71 20 77	0.013282732447817837 0.004784688995215311
71 20 83 77	0.0017176530345258463 0.004784688995215311
71 20 83 85	0.0004115201464225936 0.10526315789473684
71 20 83 105	1.7836515091319996e-05 0.004784688995215311
71 20 85	0.0016721628581749537 0.07894736842105263
71 20 85 50	0.019590382902938557 0.004784688995215311
71 20 85 109	0.00019696671262556627 0.0023923444976076554
71 20 85 115	0.020389249304911955 0.004784688995215311
71 20 85 123	0.0006978367062107466 0.0023923444976076554
71 20 86 4	0.00020842017507294707 0.0023923444976076554
71 20 92 77	0.002091175240485153 0.0023923444976076554
71 20 92 85	0.00037947217287010354 0.06937799043062201
71 20 92 105	0.0007725587144622991 0.0023923444976076554
71 20 95 75	0.008733624454148471 0.0023923444976076554
71 20 95 104	0.00020726343182184557 0.01674641148325359
71 20 95 105	3.9913786221761e-05 0.004784688995215311
71 20 95 110	0.0022702907233398497 0.007177033492822967
71 20 117 104	0.0003781862188941835 0.011961722488038277
71 20 117 105	0.00021235931195582927 0.004784688995215311
71 20 122	0.008064516129032258 0.0023923444976076554
71 21 18 85	0.0015486836189239146 0.05502392344497608
71 21 83 77	0.008714596949891068 0.0023923444976076554
71 21 83 85	0.0015965939329430547 0.05502392344497608
71 22 71	0.02688470066518847 0.06220095693779904
71 22 71 33	1.0 0.0023923444976076554
71 22 71 75	0.015151515151515152 0.0023923444976076554
71 22 87	0.32367149758454106 0.19138755980861244
71 22 87 23	0.21428571428571427 0.007177033492822967
71 22 87 58	0.06382978723404255 0.0023923444976076554
71 22 87 88	0.25 0.007177033492822967
71 22 87 123	0.1875 0.0023923444976076554
71 23 6 71	0.004819888381532217 0.023923444976076555
71 23 6 87	1.0 0.06220095693779904
71 23 23	0.0625 0.0023923444976076554
71 23 35 100	2.8999376513404962e-05 0.004784688995215311
71 23 39 104	0.00639386189258312 0.011961722488038277
71 23 39 105	0.003194888178913738 0.004784688995215311
71 23 46 111	0.0016083515876304936 0.05980861244019139
71 23 50	1.0 0.0023923444976076554
71 23 88	0.1 0.004784688995215311
71 24 89	0.0017449976733364355 0.019138755980861243
71 24 89 67	0.00617828773168579 0.028708133971291867
71 24 89 69	0.007692307692307693 0.0023923444976076554
71 30 18 77	0.002094554159186116 0.0023923444976076554
71 30 18 85	0.0003719639013569878 0.05263157894736842
71 30 18 105	0.0004016870857601928 0.0023923444976076554
71 30 83 85	0.0003737048506433876 0.05263157894736842
71 30 83 105	0.0004017677782241864 0.0023923444976076554
71 30 85	0.001916376306620209 0.05263157894736842
71 30 92 85	0.0001492388817033131 0.004784688995215311
71 33	0.1111111111111111 0.0023923444976076554
71 33 6 71	0.00261437908496732 0.0023923444976076554
71 33 6 87	1.0 0.0023923444976076554
71 33 10 75	0.004132231404958678 0.0023923444976076554
71 33 22 71	0.25 0.0023923444976076554
71 33 22 87	1.0 0.0023923444976076554
71 33 53 118	1.0 0.0023923444976076554
71 33 98 33	0.010309278350515464 0.0023923444976076554
71 35 80 85	0.0001197205380583039 0.023923444976076555
71 35 80 104	0.0002801482630807689 0.01674641148325359
71 35 80 105	0.00010984424086645138 0.007177033492822967
71 35 80 118	0.003579952267303103 0.0023923444976076554
71 35 80 122	0.001610305958132045 0.0023923444976076554
71 35 100	7.422647141877445e-05 0.06937799043062201
71 35 100 23	0.00015807777426493836 0.004784688995215311
71 35 100 33	0.004267425320056899 0.0023923444976076554
71 35 100 44	0.0003673431903756084 0.009569377990430622
71 35 100 58	9.669309611293753e-05 0.0023923444976076554
71 35 100 88	0.00016559032952475575 0.004784688995215311
71 35 100 123	0.0008231420507996237 0.004784688995215311
71 36 101	0.00045008298405018425 0.014354066985645933
71 36 127	0.004048582995951417 0.007177033492822967
71 37 71	0.0014096725222294514 0.02631578947368421
71 37 87	0.95 0.009569377990430622
71 37 102 33	0.05 0.0023923444976076554
71 37 102 67	0.001451378809869376 0.0023923444976076554
71 37 102 69	0.07692307692307693 0.0023923444976076554
71 39 15 100	0.0008154660089900155 0.02631578947368421
71 39 30 85	0.0006940536484712061 0.0645933014354067
71 39 52 85	0.0008131247907399436 0.011961722488038277
71 39 99 77	0.011673151750972763 0.004784688995215311
71 39 99 85	0.0018792477357184236 0.07177033492822966
71 39 104	0.0013321036991495031 0.02631578947368421
71 39 104 58	0.003472222222222222 0.0023923444976076554
71 39 105	0.0004406256884776382 0.004784688995215311
71 39 105 123	0.014492753623188406 0.0023923444976076554
71 39 117 81	0.0029218407596785976 0.0023923444976076554
71 39 126 2	0.00017171803897999483 0.004784688995215311
71 39 126 4	0.0017006802721088435 0.0023923444976076554
71 40 18 77	0.01107011070110701 0.0023923444976076554
71 40 18 85	0.001981871702952406 0.05741626794258373
71 40 27 85	0.004551096400496483 0.05263157894736842
71 40 30 85	0.00010761945759793371 0.004784688995215311
71 40 52 85	0.00020999580008399833 0.0023923444976076554
71 40 83 85	0.0020069653503335103 0.05741626794258373
71 40 85	0.001755001755001755 0.009569377990430622
71 40 85 23	0.017241379310344827 0.0023923444976076554
71 40 85 44	0.010101010101010102 0.0023923444976076554
71 40 85 88	0.019230769230769232 0.0023923444976076554
71 40 92 85	0.004551096400496483 0.05263157894736842
71 40 93 75	0.000602918123718799 0.0023923444976076554
71 40 95 110	0.004166666666666667 0.0023923444976076554
71 40 99 77	0.009861932938856016 0.0023923444976076554
71 40 99 85	0.0018715831294840012 0.05502392344497608
71 40 105 67	0.00013451708366962604 0.0023923444976076554
71 40 105 69	0.0021645021645021645 0.0023923444976076554
71 40 118 75	0.0016005121638924455 0.0023923444976076554
71 41 106	0.0031792068715488873 0.05502392344497608
71 43 28 104	0.008726003490401396 0.011961722488038277
71 43 28 105	0.005917159763313609 0.004784688995215311
71 43 30 85	0.00048590864917395527 0.0023923444976076554
71 43 81	0.001142857142857143 0.0023923444976076554
71 43 81 123	0.05 0.0023923444976076554
71 44 6 71	0.01855287569573284 0.03827751196172249
71 44 6 87	0.9032258064516129 0.06698564593301436
71 44 45 110	0.0015432098765432098 0.0023923444976076554
71 44 46 111	0.0015734688937303317 0.07416267942583732
71 45 6 87	1.0 0.05980861244019139
71 45 30 77	0.006944444444444444 0.0023923444976076554
71 45 30 85	0.001237484531443357 0.05263157894736842
71 45 110 67	0.0013935340022296545 0.011961722488038277
71 45 110 69	0.0009900990099009901 0.0023923444976076554
71 45 110 109	0.00039261876717707107 0.0023923444976076554
71 46 111	0.0010690142369963584 0.21770334928229665
71 46 111 23	5.223159489175002e-06 0.0023923444976076554
71 46 111 33	0.00013699380787988383 0.0023923444976076554
71 46 111 44	8.43538875639364e-05 0.01674641148325359
71 46 111 50	0.004435844001190831 0.01674641148325359
71 46 111 58	9.332856320676943e-05 0.004784688995215311
71 46 111 67	2.530270469044671e-06 0.007177033492822967
71 46 111 69	3.810104396860474e-05 0.004784688995215311
71 46 111 88	0.0009472723122574755 0.004784688995215311
71 46 111 109	6.144770800049158e-05 0.009569377990430622
71 46 111 115	0.0029504080351537977 0.014354066985645933
71 46 111 123	0.00016197537974227917 0.004784688995215311
71 50 20 85	0.0035698348951361 0.05741626794258373
71 50 46 111	0.0010990431859322473 0.07894736842105263
71 50 50	0.2727272727272727 0.007177033492822967
71 50 51 116	0.002577319587628866 0.004784688995215311
71 50 115	0.3333333333333333 0.009569377990430622
71 51 116	0.0005210029306414849 0.011961722488038277
71 51 116 88	0.00141643059490085 0.0023923444976076554
71 51 116 109	0.0006251953735542357 0.004784688995215311
71 53 30 85	0.004675876726886291 0.05263157894736842
71 53 118	0.018867924528301886 0.0023923444976076554
71 56 6 87	1.0 0.0023923444976076554
71 56 46 111	0.0005237430167597765 0.0023923444976076554
71 57 15 100	0.0024875621890547263 0.009569377990430622
71 57 104	0.027777777777777776 0.004784688995215311
71 57 122	0.004998077662437524 0.02631578947368421
71 58 40 105	0.0013698630136986301 0.0023923444976076554
71 58 41 106	0.005280528052805281 0.019138755980861243
71 58 46 111	0.0004728779601538098 0.05502392344497608
71 58 123	0.07142857142857142 0.0023923444976076554
71 62 101	0.004273504273504274 0.007177033492822967
71 62 127	0.00530035335689046 0.007177033492822967
71 67	0.022222222222222223 0.0023923444976076554
71 67 2	0.01567398119122257 0.007177033492822967
71 67 2 67	0.012411347517730497 0.007177033492822967
71 67 2 69	0.023255813953488372 0.0023923444976076554
71 67 4	0.16666666666666666 0.004784688995215311
71 67 4 67	0.043478260869565216 0.0023923444976076554
71 67 4 69	0.02040816326530612 0.0023923444976076554
71 67 6 71	0.0005132341080724393 0.014354066985645933
71 67 22 87	1.0 0.06220095693779904
71 67 61 104	0.0009293680297397769 0.0023923444976076554
71 67 61 126	0.005263157894736842 0.0023923444976076554
71 69	0.05 0.0023923444976076554
71 69 2	0.03076923076923077 0.007177033492822967
71 69 2 67	0.028368794326241134 0.009569377990430622
71 69 2 69	0.06666666666666667 0.0023923444976076554
71 69 4	0.2727272727272727 0.004784688995215311
71 69 4 67	0.1111111111111111 0.0023923444976076554
71 69 4 69	0.023255813953488372 0.0023923444976076554
71 69 6 71	0.0011534025374855825 0.014354066985645933
71 69 21 85	0.001524390243902439 0.019138755980861243
71 69 22 87	1.0 0.06220095693779904
71 69 61 85	0.0003051571559353067 0.0023923444976076554
71 69 61 86	0.0017667844522968198 0.0023923444976076554
71 69 61 104	0.0008250825082508251 0.0023923444976076554
71 69 61 126	0.0025188916876574307 0.0023923444976076554
71 75 6 71	0.0016475229144912403 0.03349282296650718
71 75 6 87	0.6561743341404358 0.06220095693779904
71 75 10 75	8.708525646608029e-05 0.0023923444976076554
71 75 16 81	0.005303030303030303 0.01674641148325359
71 75 16 108	0.01201923076923077 0.007177033492822967
71 75 20 85	0.0010681685764226062 0.05263157894736842
71 75 37 87	1.0 0.0023923444976076554
71 75 37 111	0.00020242914979757084 0.0023923444976076554
71 75 40 104	0.00028843380444188056 0.0023923444976076554
71 75 41 106	0.0019108901238178804 0.03110047846889952
71 75 45 110	0.0018034265103697023 0.0023923444976076554
71 75 46 111	0.0005049008800923574 0.06220095693779904
71 79 6 71	0.002438363587103766 0.0215311004784689
71 79 6 87	0.35443037974683544 0.06220095693779904
71 88 6 71	0.004819888381532217 0.023923444976076555
71 88 6 87	1.0 0.06220095693779904
71 88 23	0.0625 0.0023923444976076554
71 88 35 100	2.8999376513404962e-05 0.004784688995215311
71 88 39 104	0.00639386189258312 0.011961722488038277
71 88 46 111	0.0017498845935007355 0.05980861244019139
71 88 88	0.0625 0.0023923444976076554
71 96 6 71	0.0062047569803516025 0.004784688995215311
71 98 6 71	0.0016835016835016834 0.0023923444976076554
71 98 6 87	1.0 0.0023923444976076554
71 98 10 75	0.0034482758620689655 0.0023923444976076554
71 98 33	1.0 0.0023923444976076554
71 108 46 111	0.00493995400732476 0.05741626794258373
71 109 6 71	0.001336104513064133 0.019138755980861243
71 109 6 87	0.5 0.06698564593301436
71 109 20 85	0.0022002200220022 0.05263157894736842
71 109 22 87	0.009433962264150943 0.0023923444976076554
71 109 46 111	0.00037626236021853315 0.07894736842105263
71 110 6 71	0.016913319238900635 0.019138755980861243
71 110 6 87	1.0 0.05980861244019139
71 110 41 106	0.005676442762535478 0.02631578947368421
71 110 46 111	0.002225581590660956 0.05980861244019139
71 115 20 85	0.0035698348951361 0.05741626794258373
71 115 46 111	0.0006634923112949809 0.07894736842105263
71 115 50	0.26666666666666666 0.009569377990430622
71 115 51 116	0.002577319587628866 0.004784688995215311
71 115 88	0.5 0.0023923444976076554
71 115 115	0.2727272727272727 0.007177033492822967
71 123 6 87	1.0 0.0023923444976076554
71 123 35 100	0.00012815583749839805 0.004784688995215311
71 123 39 104	0.002347417840375587 0.0023923444976076554
71 123 46 111	0.00010140547995213661 0.007177033492822967
71 123 58	0.1111111111111111 0.0023923444976076554
74 9 87	1.0 0.014354066985645933
74 30 15 100	0.00011813349084465446 0.004784688995215311
74 49 114 7	0.1 0.0023923444976076554
74 52 15 100	0.00013049719431032232 0.004784688995215311
80 1 66	0.013888888888888888 0.0023923444976076554
80 15 87	1.0 0.0023923444976076554
80 18 18 85	6.823144104803493e-05 0.0023923444976076554
80 18 27 85	0.00014729709824716454 0.0023923444976076554
80 18 83 85	6.817562039814562e-05 0.0023923444976076554
80 18 85	0.00032030749519538755 0.0023923444976076554
80 18 92 85	0.00014725371815638345 0.0023923444976076554
80 27 85	0.0004361098996947231 0.0023923444976076554
80 45 110 85	0.00012902559867877786 0.0023923444976076554
80 83 18 85	0.00010422094841063054 0.0023923444976076554
80 83 27 85	0.0001405086412814388 0.0023923444976076554
80 83 83 85	0.00010563645966950879 0.0023923444976076554
80 83 85	0.0002754820936639118 0.0023923444976076554
80 83 92 85	0.00014046916701783958 0.0023923444976076554
80 85 35 87	1.0 0.0023923444976076554
80 85 46 111	8.854258898530193e-05 0.0023923444976076554
80 92 85	0.0004361098996947231 0.0023923444976076554
80 104 46 111	4.699910701696668e-05 0.0023923444976076554
87	1.0 1.0
87 1 66	0.018504811250925242 0.11483253588516747
87 1 66 23	0.014634146341463415 0.004784688995215311
87 1 66 44	0.045871559633027525 0.0215311004784689
87 1 66 50	0.07042253521126761 0.004784688995215311
87 1 66 85	6.777822963264199e-05 0.0023923444976076554
87 1 66 88	0.017045454545454544 0.004784688995215311
87 1 66 109	0.022202486678507993 0.028708133971291867
87 2 6 71	0.0006891798759476223 0.0023923444976076554
87 2 6 87	1.0 0.06220095693779904
87 2 8 67	0.14893617021276595 0.007177033492822967
87 2 20 86	0.004026845637583893 0.0023923444976076554
87 2 23 69	0.3333333333333333 0.0023923444976076554
87 2 39 126	0.008948545861297539 0.0023923444976076554
87 2 40 126	0.01875 0.009569377990430622
87 2 67	0.3386034255599473 0.1076555023923445
87 2 69	0.28125 0.01674641148325359
87 2 73 67	0.20588235294117646 0.007177033492822967
87 4 6 87	1.0 0.06220095693779904
87 4 20 86	0.004524886877828055 0.0023923444976076554
87 4 40 126	0.007751937984496124 0.004784688995215311
87 4 67	0.34615384615384615 0.014354066985645933
87 4 69	0.49230769230769234 0.05263157894736842
87 4 88 67	0.16666666666666666 0.0023923444976076554
87 6 71	0.023861886958434133 0.37320574162679426
87 6 71 33	0.02040816326530612 0.0023923444976076554
87 6 71 44	0.03309572301425662 0.03349282296650718
87 6 71 67	0.0018115942028985507 0.004784688995215311
87 6 71 73	0.007285974499089253 0.0023923444976076554
87 6 71 75	0.003486750348675035 0.004784688995215311
87 6 71 109	0.015570260801868432 0.023923444976076555
87 6 87	0.4962962962962963 0.18421052631578946
87 6 87 23	0.08695652173913043 0.004784688995215311
87 6 87 58	0.23076923076923078 0.0023923444976076554
87 6 87 88	0.6666666666666666 0.004784688995215311
87 6 87 123	0.6 0.0023923444976076554
87 6 102	0.008086253369272238 0.007177033492822967
87 6 102 44	0.026785714285714284 0.004784688995215311
87 8 1 66	0.04878048780487805 0.009569377990430622
87 8 6 71	0.013333333333333334 0.009569377990430622
87 8 8	0.6666666666666666 0.007177033492822967
87 8 35 100	0.0009134803601722563 0.03349282296650718
87 8 45 110	0.006060606060606061 0.004784688995215311
87 8 46 111	0.007769075290550783 0.09569377990430622
87 8 73	0.7142857142857143 0.009569377990430622
87 8 73 123	0.5 0.0023923444976076554
87 8 123	0.5 0.0023923444976076554
87 8 123 58	0.5 0.004784688995215311
87 10 6 71	0.002051702913418137 0.011961722488038277
87 10 28 77	0.007042253521126761 0.0023923444976076554
87 10 30 85	0.009594417793283908 0.05263157894736842
87 10 75	0.02034174125305126 0.03349282296650718
87 10 75 33	0.027777777777777776 0.0023923444976076554
87 12 18 85	0.0006927006667243917 0.03827751196172249
87 12 30 85	0.002241817366611867 0.02631578947368421
87 12 52 85	0.004244205027750571 0.02631578947368421
87 12 77	0.08249496981891348 0.0645933014354067
87 12 77 109	0.028735632183908046 0.004784688995215311
87 12 83 85	0.0006901906651712536 0.03827751196172249
87 12 85	0.005377456049638056 0.06220095693779904
87 12 92 105	0.014492753623188406 0.004784688995215311
87 12 93 75	0.001430615164520744 0.0023923444976076554
87 12 93 81	0.04964539007092199 0.009569377990430622
87 12 95 75	0.02857142857142857 0.0023923444976076554
87 12 95 110	0.013513513513513514 0.007177033492822967
87 12 99 85	0.0007223113964686999 0.01674641148325359
87 12 104	0.0021390374331550803 0.011961722488038277
87 12 104 109	0.011299435028248588 0.004784688995215311
87 12 105	0.005011693952555964 0.03110047846889952
87 12 105 44	0.012195121951219513 0.0023923444976076554
87 12 105 109	0.031746031746031744 0.004784688995215311
87 12 117 81	0.053691275167785234 0.009569377990430622
87 16 28 77	0.027777777777777776 0.007177033492822967
87 16 28 104	0.00267379679144385 0.0023923444976076554
87 16 28 105	0.003861003861003861 0.004784688995215311
87 16 30 85	0.0024124742571344513 0.03110047846889952
87 16 30 105	0.044642857142857144 0.0023923444976076554
87 16 52 77	0.019002375296912115 0.004784688995215311
87 16 52 104	0.0037344398340248964 0.014354066985645933
87 16 52 105	0.0038596491228070177 0.011961722488038277
87 16 81	0.04229848363926576 0.3373205741626794
87 16 81 23	0.012578616352201259 0.0023923444976076554
87 16 81 44	0.02914798206278027 0.01674641148325359
87 16 81 50	0.028169014084507043 0.0023923444976076554
87 16 81 88	0.013986013986013986 0.0023923444976076554
87 16 81 109	0.04534005037783375 0.028708133971291867
87 16 105	0.1 0.0023923444976076554
87 16 108	0.016094420600858368 0.02631578947368421
87 16 108 109	0.029411764705882353 0.007177033492822967
87 20 15 100	0.0010275955229641066 0.18181818181818182
87 20 18 77	0.004724409448818898 0.007177033492822967
87 20 18 85	0.0013135150989100318 0.24641148325358853
87 20 18 104	0.0005757715338553662 0.004784688995215311
87 20 18 105	0.003124802727100562 0.004784688995215311
87 20 27 85	0.0021871765539031433 0.18899521531100477
87 20 27 105	0.009165613147914033 0.004784688995215311
87 20 34 77	0.0014276649746192893 0.01674641148325359
87 20 34 104	0.00249719066050693 0.07416267942583732
87 20 34 105	0.0009986382206082615 0.050239234449760764
87 20 56 100	0.037037037037037035 0.0023923444976076554
87 20 77	0.0182328190743338 0.007177033492822967
87 20 83 77	0.00471916350513556 0.007177033492822967
87 20 83 85	0.0012983768633584363 0.24641148325358853
87 20 83 104	0.0005733506612644293 0.004784688995215311
87 20 83 105	0.0030922038980509747 0.004784688995215311
87 20 85	0.0043763562009681185 0.3923444976076555
87 20 85 8	0.001901743264659271 0.0023923444976076554
87 20 85 23	0.007162957278076234 0.014354066985645933
87 20 85 44	0.01292929292929293 0.045454545454545456
87 20 85 50	0.03745560219567323 0.011961722488038277
87 20 85 58	0.0002697599136768276 0.0023923444976076554
87 20 85 73	0.0022671452862270923 0.0023923444976076554
87 20 85 88	0.00805291918320391 0.014354066985645933
87 20 85 109	0.010659959276560067 0.03827751196172249
87 20 85 115	0.040013797861331496 0.011961722488038277
87 20 85 123	0.0007767995857068876 0.004784688995215311
87 20 86 2	4.062783548435151e-05 0.004784688995215311
87 20 86 4	0.00015625 0.0023923444976076554
87 20 86 108	0.0036446469248291574 0.009569377990430622
87 20 92 77	0.007826396300249021 0.0023923444976076554
87 20 92 85	0.002170540121204258 0.18899521531100477
87 20 92 105	0.009168510907366425 0.004784688995215311
87 20 95 14	0.008982035928143712 0.004784688995215311
87 20 95 56	0.00196078431372549 0.0023923444976076554
87 20 95 75	0.01628423390081421 0.0023923444976076554
87 20 95 77	0.005512679162072767 0.014354066985645933
87 20 95 81	0.009111111111111111 0.0215311004784689
87 20 95 104	0.001838810641627543 0.07655502392344497
87 20 95 105	0.0011502516175413372 0.05741626794258373
87 20 95 108	0.003433148960518787 0.014354066985645933
87 20 95 110	0.008840203709041991 0.028708133971291867
87 20 95 122	0.0017543859649122807 0.0023923444976076554
87 20 105	0.005921539600296077 0.004784688995215311
87 20 117 77	0.023636363636363636 0.019138755980861243
87 20 117 104	0.0046721174703821125 0.03588516746411483
87 20 117 105	0.0033719704952581667 0.023923444976076555
87 21 18 126	0.012048192771084338 0.004784688995215311
87 21 19 126	0.1 0.0023923444976076554
87 21 83 126	0.012048192771084338 0.004784688995215311
87 21 85 67	0.017142857142857144 0.004784688995215311
87 21 85 69	0.03225806451612903 0.0023923444976076554
87 21 86	0.004524886877828055 0.0023923444976076554
87 22 14	1.0 0.0023923444976076554
87 22 56	1.0 0.0023923444976076554
87 22 71	0.050942822384428224 0.06698564593301436
87 22 71 33	0.1111111111111111 0.0023923444976076554
87 22 71 67	0.16149068322981366 0.0023923444976076554
87 22 71 69	0.11607142857142858 0.0023923444976076554
87 22 71 109	0.0072992700729927005 0.0023923444976076554
87 22 87	0.9215366198715856 1.0
87 22 87 23	0.17437722419928825 0.007177033492822967
87 22 87 44	0.14614661654135339 0.03110047846889952
87 22 87 50	0.29559748427672955 0.004784688995215311
87 22 87 58	0.0966183574879227 0.0023923444976076554
87 22 87 88	0.19678714859437751 0.007177033492822967
87 22 87 109	0.06866858026054316 0.023923444976076555
87 22 87 115	0.29652996845425866 0.004784688995215311
87 22 87 123	0.24390243902439024 0.0023923444976076554
87 22 102	0.07357859531772576 0.007177033492822967
87 22 116	0.07488123067641958 0.07655502392344497
87 22 116 23	0.03402061855670103 0.0023923444976076554
87 22 116 88	0.036585365853658534 0.0023923444976076554
87 22 116 109	0.06258197489226157 0.011961722488038277
87 23	0.13333333333333333 0.004784688995215311
87 23 1 66	0.023076923076923078 0.007177033492822967
87 23 16 81	0.018867924528301886 0.004784688995215311
87 23 20 85	0.0021950454687989967 0.04784688995215311
87 23 20 105	0.023529411764705882 0.0023923444976076554
87 23 22 71	0.3 0.004784688995215311
87 23 22 87	0.696969696969697 0.05502392344497608
87 23 23	0.9230769230769231 0.028708133971291867
87 23 23 23	0.15384615384615385 0.004784688995215311
87 23 23 88	0.15384615384615385 0.004784688995215311
87 23 35 100	0.0006373080109616978 0.07177033492822966
87 23 36 101	0.0027198549410698096 0.007177033492822967
87 23 39 104	0.01904761904761905 0.004784688995215311
87 23 40 104	0.017241379310344827 0.0023923444976076554
87 23 40 105	0.007874015748031496 0.0023923444976076554
87 23 46 111	0.0010425515483821145 0.10047846889952153
87 23 50	0.5 0.0023923444976076554
87 23 51 87	0.5 0.07894736842105263
87 23 51 116	0.025868440502586843 0.08373205741626795
87 23 57 122	0.007936507936507936 0.007177033492822967
87 23 88	0.9375 0.03588516746411483
87 23 88 88	0.15384615384615385 0.004784688995215311
87 24 89	0.01282514450867052 0.05741626794258373
87 24 89 109	0.006024096385542169 0.0023923444976076554
87 35 80 77	0.0003240440699935191 0.0023923444976076554
87 35 80 85	0.0011101208624544616 0.12200956937799043
87 35 80 104	0.0023666149517473506 0.0430622009569378
87 35 80 105	0.0014882895114754955 0.02631578947368421
87 35 80 122	0.008948545861297539 0.0023923444976076554
87 35 100	0.001074957478496516 0.3277511961722488
87 35 100 8	0.0009236046971896029 0.004784688995215311
87 35 100 23	0.0034665048964381663 0.01674641148325359
87 35 100 44	0.00868886068534609 0.04784688995215311
87 35 100 50	0.0035481963335304554 0.007177033492822967
87 35 100 58	0.0012558869701726845 0.007177033492822967
87 35 100 73	0.0009753378849101296 0.004784688995215311
87 35 100 88	0.003629764065335753 0.01674641148325359
87 35 100 109	0.01580734139613834 0.04066985645933014
87 35 100 115	0.0036079374624173183 0.007177033492822967
87 35 100 121	0.011523687580025609 0.0023923444976076554
87 35 100 123	0.004895014813860621 0.009569377990430622
87 36 101	0.0078125 0.19138755980861244
87 36 101 8	0.015889830508474576 0.0023923444976076554
87 36 101 23	0.004316546762589928 0.007177033492822967
87 36 101 44	0.019762845849802372 0.02631578947368421
87 36 101 50	0.049689440993788817 0.0023923444976076554
87 36 101 73	0.022388059701492536 0.0023923444976076554
87 36 101 88	0.004991680532445923 0.007177033492822967
87 36 101 109	0.02232435981615233 0.02631578947368421
87 36 101 115	0.08695652173913043 0.0023923444976076554
87 36 127	0.01920768307322929 0.01674641148325359
87 36 127 8	0.08064516129032258 0.0023923444976076554
87 36 127 44	0.10843373493975904 0.007177033492822967
87 36 127 50	0.22727272727272727 0.0023923444976076554
87 36 127 73	0.08064516129032258 0.0023923444976076554
87 36 127 109	0.033783783783783786 0.009569377990430622
87 36 127 115	0.22727272727272727 0.0023923444976076554
87 37 71	0.011194029850746268 0.014354066985645933
87 37 87	0.2619047619047619 0.05263157894736842
87 37 102	0.07912457912457913 0.08133971291866028
87 37 102 44	0.031496062992125984 0.009569377990430622
87 39 15 100	0.002300025555839509 0.11961722488038277
87 39 18 85	0.0006070171178827243 0.023923444976076555
87 39 30 85	0.0015270647865358372 0.07177033492822966
87 39 52 85	0.0025044722719141325 0.03110047846889952
87 39 77	0.00529567519858782 0.011961722488038277
87 39 77 109	0.018518518518518517 0.014354066985645933
87 39 83 85	0.0006070171178827243 0.023923444976076555
87 39 85	0.0038022813688212928 0.0023923444976076554
87 39 93 14	0.0425531914893617 0.004784688995215311
87 39 93 81	0.005859375 0.007177033492822967
87 39 93 110	0.0010890280424720937 0.009569377990430622
87 39 99 77	0.005420054200542005 0.004784688995215311
87 39 99 85	0.002059435302839961 0.1507177033492823
87 39 104	0.011575239053850024 0.2511961722488038
87 39 104 23	0.013157894736842105 0.004784688995215311
87 39 104 44	0.03153153153153153 0.01674641148325359
87 39 104 50	0.024390243902439025 0.0023923444976076554
87 39 104 58	0.004784688995215311 0.0023923444976076554
87 39 104 88	0.0136986301369863 0.004784688995215311
87 39 104 109	0.024208566108007448 0.02631578947368421
87 39 104 115	0.02564102564102564 0.0023923444976076554
87 39 105	0.002985362095531587 0.05263157894736842
87 39 105 23	0.003663003663003663 0.0023923444976076554
87 39 105 44	0.025423728813559324 0.011961722488038277
87 39 105 88	0.00390625 0.0023923444976076554
87 39 105 123	0.030303030303030304 0.004784688995215311
87 39 117 14	0.125 0.004784688995215311
87 39 117 81	0.012534818941504178 0.011961722488038277
87 39 117 108	0.005813953488372093 0.0023923444976076554
87 39 117 110	0.0013097576948264572 0.009569377990430622
87 39 126 2	0.0006072567177774404 0.007177033492822967
87 39 126 4	0.0029069767441860465 0.0023923444976076554
87 40 15 100	0.0015196352875309926 0.08851674641148326
87 40 18 85	0.0024278392230914487 0.0645933014354067
87 40 27 77	0.0425531914893617 0.004784688995215311
87 40 27 85	0.005161290322580645 0.05741626794258373
87 40 30 85	0.001695633743111488 0.07894736842105263
87 40 52 85	0.002082248828735034 0.02631578947368421
87 40 77	0.020080321285140562 0.02631578947368421
87 40 77 109	0.029288702928870293 0.014354066985645933
87 40 81	1.0 0.0023923444976076554
87 40 83 85	0.002423045858386431 0.0645933014354067
87 40 85	0.003476749239461104 0.019138755980861243
87 40 85 23	0.0392156862745098 0.004784688995215311
87 40 85 44	0.01020408163265306 0.0023923444976076554
87 40 85 88	0.044444444444444446 0.004784688995215311
87 40 92 85	0.005161290322580645 0.05741626794258373
87 40 93 81	0.018461538461538463 0.007177033492822967
87 40 95 81	0.08771929824561403 0.009569377990430622
87 40 95 110	0.018018018018018018 0.004784688995215311
87 40 99 85	0.002001364566750057 0.0861244019138756
87 40 104	0.004827156649018997 0.05980861244019139
87 40 105	0.01875090148564835 0.2942583732057416
87 40 105 44	0.04 0.01674641148325359
87 40 105 109	0.0371900826446281 0.019138755980861243
87 40 105 123	0.030303030303030304 0.007177033492822967
87 40 117 81	0.017770597738287562 0.014354066985645933
87 41 106	0.010497518768291131 0.09330143540669857
87 41 106 50	0.005025125628140704 0.0023923444976076554
87 41 106 115	0.006535947712418301 0.0023923444976076554
87 43 21 85	0.0017444395987788923 0.03349282296650718
87 43 30 85	0.0013712196236763921 0.03827751196172249
87 43 52 104	0.008695652173913044 0.0023923444976076554
87 43 81	0.015220700152207 0.03827751196172249
87 43 108	0.06183017312448475 0.11483253588516747
87 43 108 109	0.09574468085106383 0.011961722488038277
87 43 110 44	0.1875 0.007177033492822967
87 43 110 109	0.05 0.0023923444976076554
87 44	0.09259259259259259 0.023923444976076555
87 44 1 66	0.00983477576711251 0.03588516746411483
87 44 6 71	0.005664117813650524 0.0430622009569378
87 44 6 102	0.006042296072507553 0.007177033492822967
87 44 6 111	0.02857142857142857 0.0023923444976076554
87 44 12 77	0.008319467554076539 0.004784688995215311
87 44 12 104	0.0014761703922395613 0.007177033492822967
87 44 12 105	0.0015310586176727908 0.007177033492822967
87 44 16 81	0.005692031156381066 0.03110047846889952
87 44 20 85	0.0012987012987012987 0.09090909090909091
87 44 20 105	0.002564102564102564 0.0023923444976076554
87 44 22 87	0.315096251266464 0.24880382775119617
87 44 22 116	0.002583979328165375 0.009569377990430622
87 44 24 89	0.000493339911198816 0.0023923444976076554
87 44 35 100	0.0005978857522794394 0.1076555023923445
87 44 36 101	0.003238612620142081 0.045454545454545456
87 44 36 127	0.011566771819137749 0.011961722488038277
87 44 37 111	0.043478260869565216 0.009569377990430622
87 44 39 77	0.0028169014084507044 0.004784688995215311
87 44 39 104	0.003528773072747014 0.02631578947368421
87 44 40 77	0.006329113924050633 0.004784688995215311
87 44 40 105	0.0028735632183908046 0.019138755980861243
87 44 43 81	0.0015151515151515152 0.007177033492822967
87 44 43 108	0.008571428571428572 0.01674641148325359
87 44 44 109	0.06963388370423547 0.03349282296650718
87 44 45 110	0.00265017667844523 0.03588516746411483
87 44 46 111	0.0022482721612094407 0.34210526315789475
87 44 51 87	0.2665615141955836 0.08133971291866028
87 44 51 116	0.012050667579596028 0.11244019138755981
87 44 57 122	0.015317286652078774 0.01674641148325359
87 44 62 101	0.011037527593818985 0.019138755980861243
87 44 62 127	0.010452961672473868 0.011961722488038277
87 44 63 128	0.003236245954692557 0.0023923444976076554
87 44 109	0.23777403035413153 0.08373205741626795
87 44 109 44	0.041666666666666664 0.0645933014354067
87 44 109 109	0.050454921422663356 0.03588516746411483
87 45 28 104	0.0012202562538133007 0.007177033492822967
87 45 30 85	0.0035733706206789403 0.09330143540669857
87 45 30 105	0.012048192771084338 0.0023923444976076554
87 45 52 104	0.001142857142857143 0.007177033492822967
87 45 52 105	0.0011904761904761906 0.004784688995215311
87 45 108 44	0.10344827586206896 0.007177033492822967
87 45 110	0.013814643522133461 0.1674641148325359
87 45 110 44	0.025238362310712283 0.05263157894736842
87 45 110 109	0.023751522533495738 0.0215311004784689
87 45 110 123	0.0057306590257879654 0.004784688995215311
87 46 71 109	0.05 0.0023923444976076554
87 46 102 109	0.0380952380952381 0.0023923444976076554
87 46 111	0.0032899492203489903 0.84688995215311
87 46 111 8	0.0017030044362214326 0.007177033492822967
87 46 111 23	0.0020489258661368433 0.0215311004784689
87 46 111 44	0.030966385705334224 0.09808612440191387
87 46 111 50	0.011633866338663387 0.01674641148325359
87 46 111 58	0.0017135642135642135 0.007177033492822967
87 46 111 73	0.0027797319789289454 0.007177033492822967
87 46 111 88	0.002207259431017569 0.0215311004784689
87 46 111 109	0.013578443531865245 0.07416267942583732
87 46 111 115	0.012398274072860342 0.01674641148325359
87 46 111 121	0.0004540295119182747 0.0023923444976076554
87 46 111 123	0.0034215328467153286 0.011961722488038277
87 50	0.15384615384615385 0.004784688995215311
87 50 1 66	0.034722222222222224 0.011961722488038277
87 50 20 85	0.003011712214166202 0.0861244019138756
87 50 22 87	0.43317972350230416 0.11244019138755981
87 50 35 100	0.0005203455094182537 0.011961722488038277
87 50 36 101	0.07017543859649122 0.014354066985645933
87 50 36 127	0.03278688524590164 0.004784688995215311
87 50 46 111	0.0024255024255024253 0.23444976076555024
87 50 50	0.56 0.023923444976076555
87 50 50 109	0.05263157894736842 0.0023923444976076554
87 50 50 115	0.3870967741935484 0.004784688995215311
87 50 51 116	0.002577319587628866 0.009569377990430622
87 50 57 122	0.00980392156862745 0.011961722488038277
87 50 62 101	0.049019607843137254 0.011961722488038277
87 50 115	0.5769230769230769 0.02631578947368421
87 50 115 50	0.375 0.004784688995215311
87 50 115 109	0.05263157894736842 0.0023923444976076554
87 50 115 115	0.3870967741935484 0.004784688995215311
87 51 14	0.3333333333333333 0.0023923444976076554
87 51 56	1.0 0.0023923444976076554
87 51 87	0.6968421052631579 0.0861244019138756
87 51 87 109	0.007736943907156673 0.004784688995215311
87 51 116	0.04008972267536705 0.19617224880382775
87 51 116 8	0.005660377358490566 0.0023923444976076554
87 51 116 23	0.02258064516129032 0.007177033492822967
87 51 116 44	0.016133162612035852 0.045454545454545456
87 51 116 50	0.004807692307692308 0.007177033492822967
87 51 116 88	0.024339360222531293 0.007177033492822967
87 51 116 109	0.03503688092729189 0.03349282296650718
87 51 116 115	0.004362050163576881 0.007177033492822967
87 51 116 123	0.007058823529411765 0.0023923444976076554
87 53 118	0.16666666666666666 0.004784688995215311
87 56 35 100	0.001174474748792901 0.0215311004784689
87 56 46 111	0.00024826216484607745 0.004784688995215311
87 57 15 100	0.004975124378109453 0.009569377990430622
87 57 30 85	0.0012406947890818859 0.0023923444976076554
87 57 104	0.09090909090909091 0.007177033492822967
87 57 122	0.02209695603156708 0.15311004784688995
87 57 122 23	0.029585798816568046 0.007177033492822967
87 57 122 44	0.022670025188916875 0.011961722488038277
87 57 122 50	0.07692307692307693 0.007177033492822967
87 57 122 88	0.03937007874015748 0.007177033492822967
87 57 122 109	0.01818181818181818 0.009569377990430622
87 57 122 115	0.08695652173913043 0.007177033492822967
87 58	0.1 0.0023923444976076554
87 58 8 73	0.3333333333333333 0.0023923444976076554
87 58 8 123	1.0 0.004784688995215311
87 58 20 85	0.0006027727546714888 0.004784688995215311
87 58 22 71	0.5 0.007177033492822967
87 58 22 87	1.0 0.04784688995215311
87 58 35 100	0.0011294733087623351 0.06698564593301436
87 58 40 104	0.007128969539857421 0.014354066985645933
87 58 40 105	0.004665629860031105 0.009569377990430622
87 58 45 110	0.0025806451612903226 0.004784688995215311
87 58 46 111	0.0019213116153961104 0.19617224880382775
87 58 51 116	0.00423728813559322 0.007177033492822967
87 58 58 123	0.3333333333333333 0.0023923444976076554
87 58 73 123	1.0 0.004784688995215311
87 58 121 56	1.0 0.0023923444976076554
87 58 123	1.0 0.019138755980861243
87 58 123 58	0.14285714285714285 0.0023923444976076554
87 58 123 123	1.0 0.0023923444976076554
87 61 18 86	0.0014398848092152627 0.0023923444976076554
87 61 34 126	0.009009009009009009 0.0023923444976076554
87 61 52 126	0.015873015873015872 0.004784688995215311
87 61 83 86	0.0014357501794687725 0.0023923444976076554
87 61 84 86	0.0010384215991692627 0.0023923444976076554
87 61 99 126	0.011363636363636364 0.004784688995215311
87 61 104 67	0.032520325203252036 0.009569377990430622
87 61 105 67	0.011904761904761904 0.009569377990430622
87 61 105 69	0.06666666666666667 0.004784688995215311
87 61 117 126	0.009009009009009009 0.0023923444976076554
87 61 126	0.04180602006688963 0.0430622009569378
87 62 101	0.022727272727272728 0.02631578947368421
87 62 101 44	0.021739130434782608 0.004784688995215311
87 62 101 73	0.07317073170731707 0.0023923444976076554
87 62 101 109	0.04526748971193416 0.011961722488038277
87 62 127	0.03125 0.03110047846889952
87 62 127 109	0.03468208092485549 0.011961722488038277
87 63 128	0.013333333333333334 0.007177033492822967
87 63 128 109	0.037037037037037035 0.0023923444976076554
87 67 2	0.12 0.028708133971291867
87 67 4	0.38461538461538464 0.007177033492822967
87 67 4 23	0.25 0.0023923444976076554
87 67 21 85	0.0008121277747698972 0.007177033492822967
87 67 61 104	0.002871500358937545 0.004784688995215311
87 69 2	0.06756756756756757 0.009569377990430622
87 69 4	0.9230769230769231 0.011961722488038277
87 69 61 104	0.0014749262536873156 0.0023923444976076554
87 72 7	1.0 0.0023923444976076554
87 73 1 66	0.04878048780487805 0.009569377990430622
87 73 8 73	0.3333333333333333 0.0023923444976076554
87 73 20 85	0.0070052539404553416 0.009569377990430622
87 73 35 100	0.0009134803601722563 0.03349282296650718
87 73 36 101	0.049019607843137254 0.011961722488038277
87 73 40 105	0.009523809523809525 0.0023923444976076554
87 73 46 111	0.007769075290550783 0.09569377990430622
87 73 51 116	0.020202020202020204 0.004784688995215311
87 73 62 101	0.049019607843137254 0.011961722488038277
87 73 73	0.6666666666666666 0.007177033492822967
87 73 73 73	0.3333333333333333 0.0023923444976076554
87 73 109 44	0.10344827586206896 0.004784688995215311
87 79 14	1.0 0.007177033492822967
87 79 52 105	0.016129032258064516 0.004784688995215311
87 79 56	1.0 0.0023923444976076554
87 79 87	1.0 0.0023923444976076554
87 79 110 44	0.2222222222222222 0.009569377990430622
87 79 116	0.06666666666666667 0.0023923444976076554
87 88	0.16666666666666666 0.004784688995215311
87 88 1 66	0.023076923076923078 0.007177033492822967
87 88 16 81	0.018867924528301886 0.004784688995215311
87 88 20 85	0.0021950454687989967 0.04784688995215311
87 88 20 105	0.023529411764705882 0.0023923444976076554
87 88 22 71	0.3 0.004784688995215311
87 88 22 87	0.696969696969697 0.05502392344497608
87 88 23	0.9230769230769231 0.028708133971291867
87 88 23 23	0.15384615384615385 0.004784688995215311
87 88 23 88	0.15384615384615385 0.004784688995215311
87 88 35 100	0.0006373080109616978 0.07177033492822966
87 88 36 101	0.0027198549410698096 0.007177033492822967
87 88 39 104	0.01904761904761905 0.004784688995215311
87 88 40 104	0.017241379310344827 0.0023923444976076554
87 88 46 111	0.0012385605174430607 0.10047846889952153
87 88 51 116	0.025868440502586843 0.08373205741626795
87 88 57 122	0.007936507936507936 0.007177033492822967
87 88 88	0.9230769230769231 0.028708133971291867
87 88 88 23	0.15384615384615385 0.004784688995215311
87 88 88 88	0.15384615384615385 0.004784688995215311
87 98 6 71	0.0016835016835016834 0.0023923444976076554
87 98 6 87	1.0 0.0023923444976076554
87 98 10 75	0.0034482758620689655 0.0023923444976076554
87 98 33	1.0 0.0023923444976076554
87 109	0.07692307692307693 0.019138755980861243
87 109 1 66	0.009960681520314547 0.03110047846889952
87 109 6 71	0.007146783947223749 0.0430622009569378
87 109 16 81	0.003227408142999007 0.01674641148325359
87 109 20 85	0.0014890858764584282 0.09330143540669857
87 109 20 105	0.002421307506053269 0.0023923444976076554
87 109 22 87	0.4146666666666667 0.24880382775119617
87 109 35 100	0.0005270452282886646 0.12440191387559808
87 109 36 101	0.0032372936225315637 0.03827751196172249
87 109 37 102	0.005012531328320802 0.004784688995215311
87 109 39 104	0.004154302670623145 0.011961722488038277
87 109 39 105	0.00196078431372549 0.007177033492822967
87 109 40 77	0.0024154589371980675 0.0023923444976076554
87 109 40 104	0.0012486992715920915 0.011961722488038277
87 109 40 105	0.002064516129032258 0.011961722488038277
87 109 43 110	0.004777070063694267 0.0023923444976076554
87 109 44	0.2673656618610747 0.09808612440191387
87 109 44 44	0.07835218093699516 0.04066985645933014
87 109 44 109	0.035151900747574356 0.04784688995215311
87 109 44 115	0.08064516129032258 0.0023923444976076554
87 109 45 14	0.14814814814814814 0.004784688995215311
87 109 45 110	0.002276313406968623 0.04066985645933014
87 109 46 111	0.003182972420117091 0.3684210526315789
87 109 51 116	0.006216516729000303 0.1076555023923445
87 109 57 122	0.010688836104513063 0.0215311004784689
87 109 79 14	0.75 0.004784688995215311
87 109 109 44	0.10361445783132531 0.03588516746411483
87 115	0.15384615384615385 0.004784688995215311
87 115 1 66	0.034722222222222224 0.011961722488038277
87 115 16 81	0.02127659574468085 0.0023923444976076554
87 115 20 85	0.003011712214166202 0.0861244019138756
87 115 22 87	0.43317972350230416 0.11244019138755981
87 115 35 100	0.0005203455094182537 0.011961722488038277
87 115 46 111	0.0021365347441245296 0.23444976076555024
87 115 50	0.5769230769230769 0.02631578947368421
87 115 50 50	0.3870967741935484 0.004784688995215311
87 115 50 109	0.05263157894736842 0.0023923444976076554
87 115 51 116	0.002577319587628866 0.009569377990430622
87 115 57 122	0.00980392156862745 0.011961722488038277
87 115 88	0.3333333333333333 0.0023923444976076554
87 115 115	0.56 0.023923444976076555
87 115 115 109	0.05263157894736842 0.0023923444976076554
87 121 14	1.0 0.0023923444976076554
87 121 30 85	0.001447178002894356 0.0023923444976076554
87 121 56	1.0 0.009569377990430622
87 121 56 123	1.0 0.0023923444976076554
87 121 87	1.0 0.0023923444976076554
87 121 116	0.06666666666666667 0.0023923444976076554
87 123	0.25 0.0023923444976076554
87 123 20 85	0.001968503937007874 0.0023923444976076554
87 123 22 71	0.5 0.007177033492822967
87 123 22 87	1.0 0.04784688995215311
87 123 35 100	0.0005219887772412893 0.028708133971291867
87 123 39 104	0.002551020408163265 0.0023923444976076554
87 123 46 111	0.005190311418685121 0.1339712918660287
87 123 58	0.6666666666666666 0.009569377990430622
87 123 58 73	0.6666666666666666 0.004784688995215311
87 123 58 123	0.3333333333333333 0.0023923444976076554
100 12 99 85	0.0003243593902043464 0.0023923444976076554
100 20 1 66	0.013888888888888888 0.0023923444976076554
100 20 15 87	1.0 0.0023923444976076554
100 20 18 85	0.0001497678598172832 0.0023923444976076554
100 20 27 85	0.0002654059882226093 0.0023923444976076554
100 20 83 85	0.00013936362169378146 0.0023923444976076554
100 20 85	0.0002883298493476537 0.0023923444976076554
100 20 92 85	0.00026320551415552157 0.0023923444976076554
100 35 87	1.0 0.0023923444976076554
100 43 21 85	0.0004361098996947231 0.0023923444976076554
100 43 30 85	0.0004361098996947231 0.0023923444976076554
100 45 30 85	0.0004361098996947231 0.0023923444976076554
100 46 111	1.693207697322192e-05 0.0023923444976076554
100 50 46 111	5.132152938157557e-05 0.0023923444976076554
100 58 35 87	1.0 0.0023923444976076554
100 109 46 111	0.00011228385358185493 0.0023923444976076554
100 115 46 111	5.132152938157557e-05 0.0023923444976076554
100 123 35 87	1.0 0.0023923444976076554
102	0.016129032258064516 0.0023923444976076554
102 6 71	0.0003197612449371136 0.0023923444976076554
102 6 71 75	0.0002564102564102564 0.0023923444976076554
102 6 87	0.4318181818181818 0.009569377990430622
102 10 6 87	1.0 0.0023923444976076554
102 16 30 85	0.002472187886279357 0.004784688995215311
102 16 81	0.013050570962479609 0.019138755980861243
102 16 108	0.016042780748663103 0.007177033492822967
102 20 15 100	0.00022744848291861893 0.0215311004784689
102 20 18 77	0.0009276437847866419 0.0023923444976076554
102 20 18 85	9.170736180846918e-05 0.028708133971291867
102 20 27 77	0.003816793893129771 0.0023923444976076554
102 20 27 85	8.520548723337782e-05 0.007177033492822967
102 20 34 104	0.001001001001001001 0.007177033492822967
102 20 83 77	0.0009250693802035153 0.0023923444976076554
102 20 83 85	9.130752373995617e-05 0.028708133971291867
102 20 85	0.0018456733158230994 0.06220095693779904
102 20 85 44	0.005076142131979695 0.0023923444976076554
102 20 85 109	0.012165450121654502 0.0023923444976076554
102 20 92 77	0.003816793893129771 0.0023923444976076554
102 20 92 85	8.403125962858183e-05 0.007177033492822967
102 20 92 105	0.0036101083032490976 0.0023923444976076554
102 20 95 81	0.0037593984962406013 0.0023923444976076554
102 20 95 85	0.024096385542168676 0.004784688995215311
102 20 95 104	0.0009914077990746861 0.004784688995215311
102 20 95 110	0.005031446540880503 0.009569377990430622
102 22 87	0.1981981981981982 0.045454545454545456
102 22 102	0.25 0.007177033492822967
102 23 46 111	0.0001226993865030675 0.0023923444976076554
102 35 80 85	0.00020663291662361815 0.007177033492822967
102 35 80 104	0.00032530904359141186 0.0023923444976076554
102 35 100	3.1658593725266726e-05 0.004784688995215311
102 37 71	0.002329838575470128 0.045454545454545456
102 37 71 75	0.00013232764324467382 0.0023923444976076554
102 37 87	0.899641577060932 0.20095693779904306
102 37 87 58	0.25 0.0023923444976076554
102 37 87 123	1.0 0.0023923444976076554
102 37 102	0.005291005291005291 0.004784688995215311
102 40 15 100	0.004987531172069825 0.009569377990430622
102 40 30 77	0.043478260869565216 0.0023923444976076554
102 40 30 85	0.0004013646397752358 0.004784688995215311
102 40 77	0.007518796992481203 0.0023923444976076554
102 40 93 81	0.02564102564102564 0.0023923444976076554
102 41 106	0.0005995203836930455 0.004784688995215311
102 44 102	0.25 0.0023923444976076554
102 46 111	0.0006690462411309558 0.16507177033492823
102 46 111 44	0.00014894250819183795 0.0023923444976076554
102 46 111 50	0.003938730853391685 0.004784688995215311
102 46 111 88	0.000940379913485048 0.0023923444976076554
102 46 111 109	0.006079854809437387 0.009569377990430622
102 51 87 109	0.08333333333333333 0.0023923444976076554
102 51 116 109	0.013953488372093023 0.007177033492822967
102 57 122 109	0.05263157894736842 0.0023923444976076554
102 58 46 111	0.00010948105977665864 0.0023923444976076554
102 75 6 87	1.0 0.0023923444976076554
102 75 46 111	0.00028512367239290045 0.0023923444976076554
102 88 46 111	0.0001226993865030675 0.0023923444976076554
109 37 102	0.25 0.0023923444976076554
109 44 14	0.5 0.0023923444976076554
109 44 56	1.0 0.0023923444976076554
109 44 87	0.47572815533980584 0.10526315789473684
109 44 116	0.005681818181818182 0.0023923444976076554
109 46 111	0.003528807904529706 0.08133971291866028
109 46 111 115	0.009009009009009009 0.0023923444976076554
110 20 85	0.0004123711340206186 0.0023923444976076554
110 23 46 111	0.00011290504685559444 0.0023923444976076554
110 39 30 85	0.0004043671653861706 0.0023923444976076554
110 45 87	1.0 0.0023923444976076554
110 46 111	9.236915332124837e-05 0.0023923444976076554
110 88 46 111	0.00011290504685559444 0.0023923444976076554
110 109 20 85	0.00027129679869777537 0.0023923444976076554
110 109 46 111	0.00010197578075207138 0.0023923444976076554
111 46 87	1.0 0.0023923444976076554
116	0.07174887892376682 0.07655502392344497
116 1 66	0.005276647067691844 0.01674641148325359
116 1 66 109	0.0341796875 0.011961722488038277
116 6 71	0.0026690391459074734 0.01674641148325359
116 6 71 44	0.0275092936802974 0.0023923444976076554
116 6 71 109	0.009339559706470981 0.0023923444976076554
116 6 111 44	0.5 0.0023923444976076554
116 8 35 100	0.0010439775544825785 0.019138755980861243
116 8 46 111	0.0010827901336163024 0.05502392344497608
116 10 28 105	0.0032520325203252032 0.004784688995215311
116 12 18 85	0.0005142289487524104 0.009569377990430622
116 12 52 77	0.03614457831325301 0.0023923444976076554
116 12 77 109	0.09574468085106383 0.014354066985645933
116 12 83 85	0.0005110633602415936 0.009569377990430622
116 12 85 109	0.01834862385321101 0.0023923444976076554
116 12 92 85	0.0005313025768174976 0.0023923444976076554
116 12 93 75	0.0016148566814695195 0.004784688995215311
116 12 104 109	0.03812316715542522 0.009569377990430622
116 16 32 81	0.007142857142857143 0.0023923444976076554
116 16 81	0.003780552136451556 0.03110047846889952
116 16 81 44	0.026348808030112924 0.0023923444976076554
116 16 81 109	0.05405405405405406 0.011961722488038277
116 16 108 109	0.13829787234042554 0.007177033492822967
116 20 15 100	0.0008748130439865674 0.02631578947368421
116 20 18 85	0.000470143146740869 0.009569377990430622
116 20 27 85	0.0002646536188231736 0.007177033492822967
116 20 34 104	0.0007425873866228187 0.0023923444976076554
116 20 34 105	0.0008602943435646911 0.0023923444976076554
116 20 83 85	0.00048210293967272986 0.009569377990430622
116 20 85	0.0002994671246752103 0.014354066985645933
116 20 85 44	0.01237721021611002 0.0023923444976076554
116 20 85 109	0.0265 0.014354066985645933
116 20 86 2	0.00017420302117811015 0.0023923444976076554
116 20 95 77	0.002586206896551724 0.0023923444976076554
116 20 95 110	0.0032549728752260397 0.007177033492822967
116 22 14	1.0 0.0023923444976076554
116 22 56	1.0 0.0023923444976076554
116 22 87	0.8079739625711961 0.0861244019138756
116 22 116	0.07756470891736177 0.07655502392344497
116 22 116 44	0.01282051282051282 0.0023923444976076554
116 22 116 88	0.038461538461538464 0.0023923444976076554
116 22 116 109	0.05193681021423934 0.007177033492822967
116 23	0.02702702702702703 0.0023923444976076554
116 23 22 116	0.07751937984496124 0.07177033492822966
116 23 46 111	0.0008080312382338383 0.06698564593301436
116 23 51 87	1.0 0.07894736842105263
116 23 51 116	0.04786392405063291 0.07416267942583732
116 24 89 109	0.05782792665726375 0.009569377990430622
116 35 80 85	2.9950133028507534e-05 0.004784688995215311
116 35 100	0.0010073747434045466 0.028708133971291867
116 35 100 8	0.004254916792738275 0.0023923444976076554
116 35 100 44	0.005309546564723372 0.0023923444976076554
116 35 100 73	0.004477166451099393 0.0023923444976076554
116 35 100 109	0.025592714711885695 0.007177033492822967
116 36 101 109	0.015318627450980392 0.009569377990430622
116 36 127 109	0.04 0.004784688995215311
116 37 71 109	0.03424657534246575 0.0023923444976076554
116 37 102 109	0.050335570469798654 0.011961722488038277
116 37 111	0.0010651822836133733 0.04066985645933014
116 37 111 44	0.02384737678855326 0.0023923444976076554
116 39 30 85	0.00034739851954784746 0.007177033492822967
116 39 52 77	0.05154639175257732 0.0023923444976076554
116 39 77 109	0.11913357400722022 0.014354066985645933
116 39 99 85	0.0003296392804445421 0.007177033492822967
116 39 104 88	0.01744186046511628 0.0023923444976076554
116 39 104 109	0.04551920341394026 0.009569377990430622
116 40 30 85	0.0002897950734837508 0.007177033492822967
116 40 77 109	0.08679245283018867 0.014354066985645933
116 41 106	0.0008637070305752289 0.0023923444976076554
116 43 14 109	0.125 0.0023923444976076554
116 43 81 109	0.04242424242424243 0.007177033492822967
116 43 108	0.004499100179964007 0.0215311004784689
116 43 108 44	0.01002004008016032 0.0023923444976076554
116 43 108 109	0.10060975609756098 0.009569377990430622
116 44	0.010362694300518135 0.0023923444976076554
116 44 1 66	0.009858882659965203 0.011961722488038277
116 44 6 102	0.010852713178294573 0.0023923444976076554
116 44 12 105	0.0014408183848425907 0.0023923444976076554
116 44 16 108	0.003990877993158495 0.009569377990430622
116 44 22 116	0.07751937984496124 0.07177033492822966
116 44 35 100	0.0009216459512399792 0.023923444976076555
116 44 36 101	0.0010125849848112252 0.007177033492822967
116 44 37 102	0.0033944331296673455 0.004784688995215311
116 44 39 105	0.0018773466833541927 0.0023923444976076554
116 44 44 109	0.05778003041054232 0.007177033492822967
116 44 45 110	0.004325775656324582 0.01674641148325359
116 44 46 111	0.0013012504342913176 0.07416267942583732
116 44 51 87	0.8617113223854796 0.08133971291866028
116 44 51 116	0.05244918166462811 0.07177033492822966
116 44 109 44	0.02149056785062294 0.0023923444976076554
116 44 109 109	0.053613604156825694 0.011961722488038277
116 45 30 85	0.0001049042748492001 0.004784688995215311
116 45 110	0.0046467339554370594 0.0215311004784689
116 45 110 44	0.010862800565770863 0.0023923444976076554
116 45 110 109	0.04466831400874358 0.007177033492822967
116 46 111	0.001026695272658582 0.08851674641148326
116 46 111 8	0.0005228031669626078 0.0023923444976076554
116 46 111 23	0.002320114157829359 0.004784688995215311
116 46 111 44	0.024555864965079742 0.004784688995215311
116 46 111 88	0.0025322128851540614 0.004784688995215311
116 46 111 109	0.02471506674506762 0.014354066985645933
116 50 36 101	0.0020161290322580645 0.0023923444976076554
116 50 46 111	0.0008586814974040523 0.04784688995215311
116 51 14	0.9375 0.0023923444976076554
116 51 56	1.0 0.0023923444976076554
116 51 87	0.9901310717039321 0.08851674641148326
116 51 116	0.07495586283328394 0.07655502392344497
116 51 116 23	0.03164091243561442 0.0023923444976076554
116 51 116 44	0.010311595256666181 0.0023923444976076554
116 51 116 88	0.033825714535442704 0.0023923444976076554
116 51 116 109	0.057394659534353486 0.011961722488038277
116 57 122 44	0.019762845849802372 0.0023923444976076554
116 57 122 109	0.029787234042553193 0.009569377990430622
116 58 46 111	0.0007779737118978113 0.0430622009569378
116 62 101 109	0.03007518796992481 0.004784688995215311
116 62 127 109	0.035398230088495575 0.004784688995215311
116 63 128 109	0.06976744186046512 0.007177033492822967
116 67 4 88	0.125 0.0023923444976076554
116 73 46 111	0.0010827901336163024 0.05502392344497608
116 79 14	0.2 0.0023923444976076554
116 79 14 109	0.1111111111111111 0.0023923444976076554
116 79 56	1.0 0.0023923444976076554
116 79 87	1.0 0.0023923444976076554
116 79 116	0.06666666666666667 0.0023923444976076554
116 88	0.02857142857142857 0.0023923444976076554
116 88 20 85	0.00019758940920766647 0.0023923444976076554
116 88 22 116	0.07751937984496124 0.07177033492822966
116 88 46 111	0.0008080312382338383 0.06698564593301436
116 88 51 87	1.0 0.07894736842105263
116 109	0.05172413793103448 0.009569377990430622
116 109 1 66	0.008760951188986232 0.0215311004784689
116 109 12 77	0.003988035892323031 0.007177033492822967
116 109 12 105	0.0007762970630094449 0.004784688995215311
116 109 20 85	0.00031337104781382463 0.004784688995215311
116 109 22 87	0.5163776493256262 0.08133971291866028
116 109 22 116	0.05585292064230859 0.07177033492822966
116 109 23 88	0.1875 0.0023923444976076554
116 109 35 100	0.0009717745212232847 0.02631578947368421
116 109 37 102	0.006596306068601583 0.007177033492822967
116 109 37 111	0.0009861932938856016 0.0023923444976076554
116 109 40 77	0.013333333333333334 0.007177033492822967
116 109 40 105	0.0014154281670205238 0.007177033492822967
116 109 43 108	0.004944375772558714 0.011961722488038277
116 109 44	0.01445966514459665 0.004784688995215311
116 109 44 44	0.01114955786236063 0.0023923444976076554
116 109 44 109	0.0540568263411632 0.014354066985645933
116 109 45 110	0.0047538945366781245 0.014354066985645933
116 109 46 111	0.0011483952620201393 0.08373205741626795
116 109 51 87	0.9689471130519165 0.08133971291866028
116 109 51 116	0.057801804107222826 0.07416267942583732
116 109 109	0.08 0.011961722488038277
116 109 109 109	0.059907834101382486 0.009569377990430622
116 115 35 100	0.0010315078769692423 0.0215311004784689
116 115 46 111	0.0007543479249746024 0.050239234449760764
116 115 51 87	1.0 0.07894736842105263
116 115 51 116	0.032985156679494226 0.07177033492822966
116 121 14	1.0 0.0023923444976076554
116 121 56	0.1111111111111111 0.0023923444976076554
116 121 87	1.0 0.0023923444976076554
116 121 116	0.06666666666666667 0.0023923444976076554
116 123 46 111	0.00024248302618816683 0.009569377990430622
128 35 80 85	0.003395585738539898 0.014354066985645933
128 35 100	0.000782983165861934 0.014354066985645933
128 46 111	0.016881827209533268 0.08133971291866028
128 46 111 44	0.19902912621359223 0.03110047846889952
128 46 111 58	0.02702702702702703 0.0023923444976076554
128 46 111 73	0.10810810810810811 0.004784688995215311
128 46 111 109	0.034482758620689655 0.009569377990430622
128 63 87	1.0 0.11244019138755981
128 63 87 50	0.5 0.004784688995215311
128 63 87 109	0.125 0.007177033492822967
