15 80 27 54	0.8181818181818182 0.022727272727272728
15 80 54	1.0 0.03409090909090909
15 80 92 54	0.8181818181818182 0.022727272727272728
15 80 95 33	0.011406844106463879 0.022727272727272728
15 80 95 54	0.2772727272727273 0.03409090909090909
15 100 40 54	1.0 0.022727272727272728
19 84 54	1.0 0.06818181818181818
27 15 80 54	0.7692307692307693 0.011363636363636364
27 27 27 54	1.0 0.022727272727272728
27 27 54	1.0 0.03409090909090909
27 27 92 54	1.0 0.022727272727272728
27 30 95 33	0.014634146341463415 0.03409090909090909
27 30 95 54	0.3076923076923077 0.03409090909090909
27 52 117 33	0.5 0.011363636363636364
27 52 117 54	0.8333333333333334 0.022727272727272728
27 92 27 54	1.0 0.022727272727272728
27 92 54	1.0 0.045454545454545456
27 92 92 54	1.0 0.022727272727272728
30 15 80 54	0.2772727272727273 0.38636363636363635
30 18 95 54	0.08232158720758069 0.4318181818181818
30 27 95 54	0.10466867469879518 0.4318181818181818
30 83 95 54	0.08232158720758069 0.4318181818181818
30 85 40 54	0.3076923076923077 0.22727272727272727
30 92 95 54	0.10466867469879518 0.4318181818181818
30 95 27 54	0.3076923076923077 0.45454545454545453
30 95 33	0.007138395645578656 0.45454545454545453
30 95 33 54	0.3617021276595745 0.3522727272727273
30 95 54	0.282427608092027 1.0
30 95 92 54	0.3076923076923077 0.45454545454545453
30 95 98 54	0.6111111111111112 0.13636363636363635
30 95 117 54	0.23076923076923078 0.2840909090909091
33 30 95 54	0.6111111111111112 0.011363636363636364
33 52 117 54	1.0 0.011363636363636364
33 54	1.0 0.011363636363636364
33 54 119 54	1.0 0.011363636363636364
33 98 33 54	1.0 0.011363636363636364
33 98 54	1.0 0.06818181818181818
49 114 54	1.0 0.022727272727272728
52 27 117 54	1.0 0.011363636363636364
52 30 95 33	0.0040650406504065045 0.011363636363636364
52 30 95 54	0.23076923076923078 0.022727272727272728
52 52 117 54	1.0 0.011363636363636364
52 92 117 54	1.0 0.011363636363636364
52 117 27 54	0.85 0.14772727272727273
52 117 33	0.14666666666666667 0.125
52 117 33 54	1.0 0.25
52 117 54	0.8666666666666667 0.5568181818181818
52 117 92 54	0.85 0.14772727272727273
52 117 98 54	1.0 0.13636363636363635
52 117 117 54	1.0 0.045454545454545456
54	1.0 1.0
54 98 33	1.0 0.45454545454545453
54 119 33 54	1.0 0.13636363636363635
54 119 54	1.0 1.0
54 119 98 54	1.0 0.13636363636363635
92 15 80 54	0.7692307692307693 0.011363636363636364
92 27 27 54	1.0 0.022727272727272728
92 27 54	1.0 0.03409090909090909
92 27 92 54	1.0 0.022727272727272728
92 30 95 33	0.014634146341463415 0.03409090909090909
92 30 95 54	0.3076923076923077 0.03409090909090909
92 52 117 33	0.5 0.011363636363636364
92 52 117 54	0.8333333333333334 0.022727272727272728
92 92 27 54	1.0 0.022727272727272728
92 92 54	1.0 0.03409090909090909
92 92 92 54	1.0 0.022727272727272728
98 30 95 33	0.005633802816901409 0.011363636363636364
98 30 95 54	0.3617021276595745 0.022727272727272728
98 33 54	1.0 0.022727272727272728
98 33 98 54	1.0 0.011363636363636364
98 52 117 54	1.0 0.022727272727272728
98 54	1.0 0.011363636363636364
98 54 119 54	1.0 0.011363636363636364
105 20 95 33	0.018292682926829267 0.011363636363636364
105 20 95 54	0.3076923076923077 0.011363636363636364
105 35 80 54	1.0 0.011363636363636364
105 40 54	1.0 0.011363636363636364
