0 26	0.7 0.006622516556291391
0 26 0 26	0.7 0.006622516556291391
0 26 32	1.0 0.006622516556291391
0 26 33	1.0 0.006622516556291391
0 26 91 26	0.3951612903225806 0.006622516556291391
0 26 97 32	1.0 0.006622516556291391
0 26 97 33	0.6 0.006622516556291391
0 26 98 32	1.0 0.006622516556291391
0 26 98 33	0.5555555555555556 0.006622516556291391
0 35 100 26	0.4375 0.006622516556291391
0 40 105 26	1.0 0.006622516556291391
0 46 111 26	0.2413793103448276 0.006622516556291391
0 49 114 26	0.036458333333333336 0.006622516556291391
0 49 114 32	1.0 0.006622516556291391
0 49 114 33	0.5714285714285714 0.006622516556291391
0 58 26	1.0 0.006622516556291391
0 58 123 26	1.0 0.006622516556291391
0 65 0 26	0.7 0.006622516556291391
0 65 32	1.0 0.006622516556291391
0 65 33	1.0 0.006622516556291391
0 65 98 32	1.0 0.006622516556291391
0 65 98 33	0.5 0.006622516556291391
0 123 26	1.0 0.006622516556291391
6 71	0.00011444266422522316 0.013245033112582781
6 71 6 71	7.020775986704037e-05 0.019867549668874173
6 71 8 10	0.018050541516245487 0.026490066225165563
6 71 10	0.025794993234100134 0.24503311258278146
6 71 10 32	0.3075 0.24503311258278146
6 71 10 33	0.38817005545286504 0.09271523178807947
6 71 10 79	0.0055248618784530384 0.006622516556291391
6 71 10 97	0.0021646656095043923 0.039735099337748346
6 71 10 98	0.018835616438356163 0.006622516556291391
6 71 12 93	0.0006075334143377885 0.013245033112582781
6 71 14	0.00816326530612245 0.006622516556291391
6 71 14 10	0.02506265664160401 0.059602649006622516
6 71 20 95	2.2202585269028725e-05 0.006622516556291391
6 71 21 95	0.0003098853424233034 0.006622516556291391
6 71 23 10	0.03125 0.026490066225165563
6 71 28 93	0.0059445178335535 0.09933774834437085
6 71 28 118	0.0004725897920604915 0.013245033112582781
6 71 29 94	0.03323943661971831 0.09933774834437085
6 71 32	0.36152219873150104 0.2913907284768212
6 71 32 32	0.3488372093023256 0.07947019867549669
6 71 32 33	0.47058823529411764 0.052980132450331126
6 71 32 97	0.002540650406504065 0.039735099337748346
6 71 32 98	0.04145077720207254 0.006622516556291391
6 71 33	0.055865921787709494 0.059602649006622516
6 71 33 97	0.0027906976744186047 0.019867549668874173
6 71 37 94	0.020933977455716585 0.059602649006622516
6 71 39 93	0.004104368220463207 0.052980132450331126
6 71 39 118	0.001122334455667789 0.013245033112582781
6 71 40 93	0.0026052974381241857 0.11258278145695365
6 71 40 118	0.0004512839027031906 0.013245033112582781
6 71 44 10	0.022377622377622378 0.052980132450331126
6 71 45 10	0.020338983050847456 0.039735099337748346
6 71 46 111	8.888683925868049e-06 0.006622516556291391
6 71 50 10	0.04782608695652174 0.06622516556291391
6 71 53 93	0.0008099789405475458 0.019867549668874173
6 71 58 10	0.019801980198019802 0.006622516556291391
6 71 73 10	0.018050541516245487 0.026490066225165563
6 71 75	0.00033400133600534405 0.006622516556291391
6 71 75 10	0.018021691266411156 0.19205298013245034
6 71 79 32	0.3107344632768362 0.11258278145695365
6 71 88 10	0.03125 0.026490066225165563
6 71 109 10	0.032175032175032175 0.0728476821192053
6 71 110 10	0.047619047619047616 0.07947019867549669
6 71 115 10	0.05339805825242718 0.06622516556291391
6 71 123 10	0.008849557522123894 0.006622516556291391
6 87 10 32	0.6666666666666666 0.013245033112582781
14	0.08 0.013245033112582781
14 1 66 10	0.02278481012658228 0.046357615894039736
14 6 71	0.0004538234626730202 0.006622516556291391
14 6 71 10	0.04653083700440529 0.06622516556291391
14 6 71 32	0.32335329341317365 0.06622516556291391
14 6 71 33	0.1891891891891892 0.039735099337748346
14 10	0.045454545454545456 0.006622516556291391
14 10 14	0.05555555555555555 0.006622516556291391
14 10 28 93	0.06976744186046512 0.013245033112582781
14 10 32	0.8421052631578947 0.08609271523178808
14 10 32 97	0.005597014925373134 0.013245033112582781
14 10 33	1.0 0.006622516556291391
14 10 75 10	0.04106280193236715 0.033112582781456956
14 10 75 79	0.024390243902439025 0.006622516556291391
14 12 93 32	0.8 0.019867549668874173
14 16 81 10	0.034482758620689655 0.006622516556291391
14 20 85	0.0008620689655172414 0.006622516556291391
14 20 85 10	0.03225806451612903 0.006622516556291391
14 20 86 10	0.07142857142857142 0.006622516556291391
14 20 118 10	0.14285714285714285 0.006622516556291391
14 28 93 32	0.46153846153846156 0.006622516556291391
14 28 118 10	0.04878048780487805 0.006622516556291391
14 29 94	0.05263157894736842 0.006622516556291391
14 29 94 32	0.42857142857142855 0.006622516556291391
14 32	0.5 0.006622516556291391
14 32 25 90	0.2 0.006622516556291391
14 32 29 94	0.09090909090909091 0.006622516556291391
14 32 75 10	0.3140794223826715 0.006622516556291391
14 32 97 32	0.5921052631578947 0.006622516556291391
14 32 98 32	1.0 0.006622516556291391
14 35 100	0.00011147029316687103 0.006622516556291391
14 35 100 10	0.058823529411764705 0.006622516556291391
14 37 111 10	0.075 0.013245033112582781
14 39 93 32	0.46153846153846156 0.006622516556291391
14 39 118 10	0.047619047619047616 0.006622516556291391
14 40 93 14	0.09090909090909091 0.006622516556291391
14 40 93 32	0.5333333333333333 0.039735099337748346
14 40 99 85	0.0008389261744966443 0.006622516556291391
14 40 105	0.0011350737797956867 0.006622516556291391
14 40 118 10	0.03333333333333333 0.013245033112582781
14 41 106 10	0.02779708130646282 0.039735099337748346
14 45 110 10	0.125 0.006622516556291391
14 46 102 43	0.0625 0.006622516556291391
14 46 111	2.9898047657487966e-05 0.006622516556291391
14 46 111 10	0.024568050054531887 0.12582781456953643
14 46 111 43	0.003041426324069219 0.006622516556291391
14 53 93 32	0.46153846153846156 0.006622516556291391
14 53 118 10	0.04878048780487805 0.006622516556291391
14 67 2 10	0.1111111111111111 0.006622516556291391
14 75 10	0.044642857142857144 0.013245033112582781
14 75 10 32	0.49049429657794674 0.006622516556291391
14 75 109 10	0.0625 0.006622516556291391
14 79 14	0.05128205128205128 0.013245033112582781
14 79 25 90	0.2 0.006622516556291391
14 79 32	0.9310344827586207 0.17218543046357615
14 79 33	1.0 0.006622516556291391
14 79 75	0.0029585798816568047 0.006622516556291391
14 79 75 10	0.033707865168539325 0.052980132450331126
14 97 14	1.0 0.013245033112582781
14 97 32	0.3 0.019867549668874173
14 97 32 32	0.5454545454545454 0.006622516556291391
14 97 75	0.017241379310344827 0.006622516556291391
14 108 43	0.5714285714285714 0.006622516556291391
17 82	0.006944444444444444 0.033112582781456956
17 82 17 82	0.006944444444444444 0.033112582781456956
17 82 25 90	0.014014014014014014 0.06622516556291391
17 82 28 93	0.0043859649122807015 0.026490066225165563
17 82 28 118	0.0054466230936819175 0.019867549668874173
17 82 28 124	0.009259259259259259 0.006622516556291391
17 82 30 95	0.0003370145693990771 0.033112582781456956
17 82 32	0.20987654320987653 0.11920529801324503
17 82 32 32	0.2222222222222222 0.052980132450331126
17 82 32 97	0.0045351473922902496 0.013245033112582781
17 82 53 93	0.005477308294209703 0.019867549668874173
17 82 53 118	0.005555555555555556 0.019867549668874173
17 82 59 93	0.013888888888888888 0.006622516556291391
17 82 59 124	0.010582010582010581 0.033112582781456956
17 82 97 32	0.04861111111111111 0.033112582781456956
25 90	0.015625 0.059602649006622516
25 90 17 82	0.007160804020100503 0.033112582781456956
25 90 25 90	0.014608728017121058 0.059602649006622516
25 90 28 93	0.005470459518599562 0.026490066225165563
25 90 28 118	0.0044742729306487695 0.019867549668874173
25 90 29 94	0.0016722408026755853 0.006622516556291391
25 90 30 95	0.0002616088947024199 0.026490066225165563
25 90 32	0.16097560975609757 0.12582781456953643
25 90 32 32	0.2222222222222222 0.026490066225165563
25 90 53 118	0.004259850905218318 0.026490066225165563
25 90 59 124	0.013257575757575758 0.033112582781456956
25 90 97	0.0038314176245210726 0.006622516556291391
25 90 97 32	0.1724137931034483 0.059602649006622516
28 15 100	0.0002501250625312656 0.006622516556291391
28 15 100 10	0.02702702702702703 0.013245033112582781
28 15 100 43	0.006688963210702341 0.006622516556291391
28 27 27 93	0.024390243902439025 0.006622516556291391
28 27 27 118	0.015151515151515152 0.006622516556291391
28 27 92 93	0.03759398496240601 0.033112582781456956
28 27 92 118	0.03305785123966942 0.013245033112582781
28 30 34 105	0.00011204481792717087 0.006622516556291391
28 30 85	5.618608832453085e-05 0.006622516556291391
28 30 85 43	0.0037921880925293893 0.026490066225165563
28 30 86	0.0016286644951140066 0.006622516556291391
28 30 95	0.003527336860670194 0.026490066225165563
28 30 95 32	0.37037037037037035 0.046357615894039736
28 30 95 93	0.0049979175343606835 0.019867549668874173
28 30 95 118	0.004963600264725348 0.026490066225165563
28 30 117 93	0.006782945736434108 0.019867549668874173
28 30 117 118	0.00937207122774133 0.026490066225165563
28 34 93 32	0.46153846153846156 0.006622516556291391
28 34 118 10	0.04878048780487805 0.006622516556291391
28 52 34 93	0.005913272010512484 0.019867549668874173
28 52 85	0.0001927153594141453 0.006622516556291391
28 52 85 43	0.006776379477250726 0.006622516556291391
28 52 86	0.004672897196261682 0.006622516556291391
28 52 93 32	0.5 0.039735099337748346
28 52 95	0.005141388174807198 0.013245033112582781
28 52 95 32	0.3125 0.026490066225165563
28 52 95 118	0.00825082508250825 0.026490066225165563
28 52 117 93	0.007339449541284404 0.026490066225165563
28 52 117 118	0.009505703422053232 0.033112582781456956
28 52 117 124	0.1 0.013245033112582781
28 52 118 10	0.05263157894736842 0.039735099337748346
28 52 118 32	0.5 0.006622516556291391
28 56 93	0.2 0.006622516556291391
28 56 118 32	0.6666666666666666 0.006622516556291391
28 56 121 124	0.16666666666666666 0.006622516556291391
28 77 6 71	5.9479907687183267e-05 0.006622516556291391
28 77 10	0.029787234042553193 0.046357615894039736
28 77 10 32	0.44036697247706424 0.10596026490066225
28 77 12 93	0.00369563971810004 0.052980132450331126
28 77 12 105	6.280390447043023e-05 0.006622516556291391
28 77 12 118	0.0029561174410929025 0.026490066225165563
28 77 20 85	6.818429761082221e-05 0.006622516556291391
28 77 20 95	0.0022956521739130433 0.026490066225165563
28 77 35 100	2.1551724137931033e-05 0.006622516556291391
28 77 40 93	0.0062056737588652485 0.046357615894039736
28 77 40 118	0.0034259611724400457 0.026490066225165563
28 77 44 10	0.0196078431372549 0.026490066225165563
28 77 45 10	0.15 0.019867549668874173
28 77 79 32	0.6666666666666666 0.026490066225165563
28 85 79 32	1.0 0.006622516556291391
28 86 10	0.16666666666666666 0.006622516556291391
28 86 10 32	1.0 0.006622516556291391
28 92 27 93	0.022222222222222223 0.006622516556291391
28 92 27 118	0.0136986301369863 0.006622516556291391
28 92 92 93	0.024390243902439025 0.006622516556291391
28 92 92 118	0.015151515151515152 0.006622516556291391
28 93	0.012678288431061807 0.052980132450331126
28 93 6 71	0.00010982825606457901 0.019867549668874173
28 93 14	0.017241379310344827 0.006622516556291391
28 93 14 10	0.00819672131147541 0.006622516556291391
28 93 25 90	0.018556701030927835 0.052980132450331126
28 93 28 93	0.0045265540291594296 0.052980132450331126
28 93 28 118	0.003131302409510668 0.026490066225165563
28 93 28 124	0.028169014084507043 0.013245033112582781
28 93 29 94	0.027131782945736434 0.0728476821192053
28 93 30 85	0.00027562948911263516 0.006622516556291391
28 93 32	0.453781512605042 0.36423841059602646
28 93 32 32	0.2857142857142857 0.07947019867549669
28 93 32 97	0.0018978333069745374 0.019867549668874173
28 93 33	0.6 0.019867549668874173
28 93 33 32	1.0 0.006622516556291391
28 93 53 93	0.005029337803855826 0.019867549668874173
28 93 53 118	0.004846526655896607 0.019867549668874173
28 93 59 124	0.056338028169014086 0.026490066225165563
28 93 75	0.00016056518946692356 0.006622516556291391
28 93 75 10	0.045965927354548373 0.15894039735099338
28 93 79 32	0.5 0.039735099337748346
28 93 97 32	0.5016611295681063 0.12582781456953643
28 93 110 43	0.0019442644199611147 0.006622516556291391
28 99 34 118	0.005792163543441226 0.019867549668874173
28 99 85	2.4288941245051127e-05 0.006622516556291391
28 99 85 10	0.06666666666666667 0.07947019867549669
28 99 85 43	0.0015845070422535212 0.019867549668874173
28 99 86	0.0002295684113865932 0.006622516556291391
28 99 95	0.0012809564474807857 0.019867549668874173
28 99 95 32	0.15384615384615385 0.0728476821192053
28 99 95 124	0.022222222222222223 0.013245033112582781
28 99 117 118	0.0059445178335535 0.019867549668874173
28 104 1 95	0.004694835680751174 0.006622516556291391
28 104 6 71	1.7042888428730903e-05 0.006622516556291391
28 104 10	0.01932367149758454 0.013245033112582781
28 104 10 32	0.3333333333333333 0.11258278145695365
28 104 10 33	0.5 0.039735099337748346
28 104 12 93	0.0030314513073133762 0.019867549668874173
28 104 12 118	0.002895403546869345 0.019867549668874173
28 104 20 85	0.0001250538782333987 0.006622516556291391
28 104 20 86	0.0005984338132202578 0.006622516556291391
28 104 20 95	0.0027567004416252545 0.026490066225165563
28 104 35 100	4.917570569381088e-05 0.006622516556291391
28 104 39 93	0.006316165913740422 0.052980132450331126
28 104 39 105	0.00023983806535650065 0.006622516556291391
28 104 39 118	0.005639118306623639 0.026490066225165563
28 104 40 93	0.006347336736029316 0.033112582781456956
28 104 40 105	0.0002528853996272788 0.006622516556291391
28 104 40 118	0.006217959318670415 0.026490066225165563
28 104 43	0.007611798287345386 0.013245033112582781
28 104 43 32	0.375 0.059602649006622516
28 104 46 111	6.069801854208851e-07 0.006622516556291391
28 104 57 93	0.0026913875598086126 0.013245033112582781
28 104 57 118	0.0029542097488921715 0.019867549668874173
28 104 79 32	0.5 0.039735099337748346
28 104 109 10	0.06666666666666667 0.013245033112582781
28 105	0.00013166556945358788 0.006622516556291391
28 105 6 71	6.0982692531072134e-05 0.019867549668874173
28 105 8 10	0.029411764705882353 0.013245033112582781
28 105 10	0.026058631921824105 0.07947019867549669
28 105 10 32	0.4189189189189189 0.17218543046357615
28 105 10 33	0.4375 0.046357615894039736
28 105 12 118	0.0038412291933418692 0.026490066225165563
28 105 20 85	0.00013272978628780645 0.006622516556291391
28 105 20 86	0.0004034005169502921 0.006622516556291391
28 105 20 95	0.0025102018900343645 0.026490066225165563
28 105 35 100	4.836004558305155e-05 0.006622516556291391
28 105 39 93	0.006382208770602362 0.033112582781456956
28 105 39 105	0.0002696537500091099 0.006622516556291391
28 105 39 118	0.006384134745992936 0.026490066225165563
28 105 40 93	0.0049023461888883235 0.052980132450331126
28 105 40 105	0.00013030893240744597 0.006622516556291391
28 105 40 118	0.0042929127060832685 0.026490066225165563
28 105 43	0.004228329809725159 0.006622516556291391
28 105 46 111	1.0594136352703e-06 0.006622516556291391
28 105 57 118	0.05555555555555555 0.006622516556291391
28 105 73 10	0.029411764705882353 0.013245033112582781
28 105 79 32	0.5 0.052980132450331126
28 117 30 85	0.0002957943422609444 0.006622516556291391
28 117 52 93	0.006109979633401222 0.033112582781456956
28 117 52 105	0.0002593567951480329 0.006622516556291391
28 117 52 118	0.005781865965834429 0.019867549668874173
28 117 93 32	0.46153846153846156 0.006622516556291391
28 117 110 43	0.0045662100456621 0.006622516556291391
28 118	0.0065252854812398045 0.026490066225165563
28 118 6 71	5.365190643107518e-05 0.006622516556291391
28 118 10	0.0397456279809221 0.09933774834437085
28 118 10 32	0.38461538461538464 0.09271523178807947
28 118 10 33	0.42857142857142855 0.039735099337748346
28 118 17 82	0.008333333333333333 0.013245033112582781
28 118 21 85	0.00015289350967051448 0.006622516556291391
28 118 21 95	0.004093567251461989 0.013245033112582781
28 118 29 94	0.034334763948497854 0.052980132450331126
28 118 30 85	0.00021639752224837026 0.006622516556291391
28 118 32	0.41379310344827586 0.07947019867549669
28 118 53 93	0.0032994374729554306 0.033112582781456956
28 118 53 118	0.002844415821392154 0.026490066225165563
28 118 59 124	0.06382978723404255 0.013245033112582781
28 118 75 10	0.07042772861356932 0.06622516556291391
28 118 79 32	0.5 0.039735099337748346
28 118 97 32	0.17307692307692307 0.08609271523178808
28 118 110 10	0.09424083769633508 0.0728476821192053
28 121 56 118	0.003992015968063872 0.013245033112582781
28 121 124	0.02702702702702703 0.006622516556291391
28 121 124 32	0.07692307692307693 0.006622516556291391
28 122 39 93	0.0026938042502244837 0.013245033112582781
28 122 39 118	0.0030175015087507543 0.019867549668874173
28 122 40 118	0.07692307692307693 0.006622516556291391
28 122 57 93	0.0027021810461300907 0.013245033112582781
28 122 57 118	0.002910360884749709 0.019867549668874173
28 124	0.09090909090909091 0.006622516556291391
28 124 25 90	0.015267175572519083 0.013245033112582781
28 124 28 93	0.029850746268656716 0.013245033112582781
28 124 32	0.6 0.013245033112582781
28 124 32 32	1.0 0.013245033112582781
28 124 53 105	0.000856898029134533 0.006622516556291391
28 124 53 118	0.04 0.013245033112582781
28 124 59 124	0.09259259259259259 0.006622516556291391
28 124 97 32	0.25 0.006622516556291391
28 124 107 42	0.125 0.006622516556291391
28 126 61 93	0.0027447894746472946 0.033112582781456956
28 126 61 118	0.002326288853497486 0.026490066225165563
29 94	0.03278688524590164 0.026490066225165563
29 94 6 71	6.0960741282614e-05 0.006622516556291391
29 94 25 90	0.015384615384615385 0.039735099337748346
29 94 29 94	0.03426661094860008 0.026490066225165563
29 94 32	0.37209302325581395 0.052980132450331126
29 94 75 10	0.07988787666433077 0.046357615894039736
29 94 79 32	0.5 0.019867549668874173
29 94 97 32	0.4019607843137255 0.039735099337748346
29 94 98 32	0.5 0.019867549668874173
29 94 98 33	0.5 0.019867549668874173
29 102 10	0.2222222222222222 0.033112582781456956
29 102 10 32	0.5 0.019867549668874173
29 102 10 33	0.5 0.019867549668874173
29 102 37 94	0.02247191011235955 0.026490066225165563
29 102 109 10	0.05555555555555555 0.019867549668874173
30 1 66 95	0.014742014742014743 0.033112582781456956
30 3 68 95	0.004545454545454545 0.019867549668874173
30 15 80 95	0.0011310389400549362 0.046357615894039736
30 15 100	2.4478605698619405e-05 0.006622516556291391
30 15 100 10	0.013108614232209739 0.026490066225165563
30 15 100 43	0.0008935219657483246 0.006622516556291391
30 18 18 85	1.3246768536018496e-05 0.006622516556291391
30 18 18 95	0.0005836572522877386 0.07947019867549669
30 18 27 95	0.000338487749564197 0.07947019867549669
30 18 77 10	0.10344827586206896 0.019867549668874173
30 18 83 85	1.1868028460153724e-05 0.006622516556291391
30 18 83 95	0.000591178662691516 0.07947019867549669
30 18 85 10	0.017406659939455095 0.039735099337748346
30 18 85 43	0.00011599133931333127 0.019867549668874173
30 18 85 125	0.020618556701030927 0.013245033112582781
30 18 86 10	0.010731707317073172 0.033112582781456956
30 18 92 95	0.00032860687116967617 0.07947019867549669
30 18 95 32	0.032586558044806514 0.052980132450331126
30 27 18 95	0.0007091233373206599 0.07947019867549669
30 27 27 95	0.0016458053618606263 0.07947019867549669
30 27 83 86	7.865407152801264e-06 0.006622516556291391
30 27 83 95	0.0007082456968708418 0.07947019867549669
30 27 85 10	0.016181229773462782 0.019867549668874173
30 27 85 43	0.00018811136192626034 0.006622516556291391
30 27 86 10	0.00558659217877095 0.006622516556291391
30 27 92 95	0.001655488581373631 0.07947019867549669
30 27 95 32	0.021052631578947368 0.013245033112582781
30 33 98 95	0.011135857461024499 0.026490066225165563
30 34 15 100	4.262211235188816e-05 0.006622516556291391
30 34 30 95	0.00278473962684489 0.059602649006622516
30 34 52 85	0.00014949917775452235 0.006622516556291391
30 34 77 10	0.013888888888888888 0.006622516556291391
30 34 93	0.01 0.019867549668874173
30 34 93 32	0.16666666666666666 0.059602649006622516
30 34 104 43	0.006398537477148081 0.006622516556291391
30 34 105	0.00019964064683569574 0.006622516556291391
30 34 105 10	0.010050251256281407 0.013245033112582781
30 34 105 43	0.004592422502870264 0.006622516556291391
30 34 118	0.013888888888888888 0.026490066225165563
30 34 118 10	0.011406844106463879 0.013245033112582781
30 34 118 32	0.2777777777777778 0.033112582781456956
30 45 110 95	0.00039367021631997803 0.07947019867549669
30 66 20 95	0.004379562043795621 0.019867549668874173
30 77 12 95	0.0030376226028399943 0.0728476821192053
30 77 20 95	0.0031693628260151866 0.06622516556291391
30 77 43 32	0.4666666666666667 0.026490066225165563
30 83 18 85	1.5048081524452988e-05 0.006622516556291391
30 83 18 95	0.0005082058722898948 0.07947019867549669
30 83 27 95	0.00042148616020086825 0.07947019867549669
30 83 77 10	0.10344827586206896 0.019867549668874173
30 83 83 85	1.7427203294162274e-05 0.006622516556291391
30 83 83 95	0.00047129233550053154 0.07947019867549669
30 83 85 10	0.017406659939455095 0.039735099337748346
30 83 85 43	0.00011585695527921527 0.019867549668874173
30 83 85 125	0.020618556701030927 0.013245033112582781
30 83 86 10	0.010731707317073172 0.033112582781456956
30 83 92 95	0.0004110176209125766 0.07947019867549669
30 83 95 32	0.032586558044806514 0.052980132450331126
30 85	4.382505039880796e-05 0.006622516556291391
30 85 6 71	6.918994716194369e-06 0.006622516556291391
30 85 10	0.023474178403755867 0.033112582781456956
30 85 10 32	0.1762295081967213 0.052980132450331126
30 85 12 95	0.0023287405394915583 0.06622516556291391
30 85 12 118	0.011452879581151832 0.026490066225165563
30 85 20 85	2.9163140888500656e-05 0.006622516556291391
30 85 20 86	6.375526420621178e-06 0.006622516556291391
30 85 20 95	0.002522948632463618 0.07947019867549669
30 85 35 100	3.513231318328934e-05 0.006622516556291391
30 85 39 93	0.021444830478016055 0.033112582781456956
30 85 39 95	0.0010122448979591836 0.06622516556291391
30 85 39 105	0.0004169707078077765 0.006622516556291391
30 85 39 118	0.028639618138424822 0.026490066225165563
30 85 40 93	0.0212104940165695 0.033112582781456956
30 85 40 95	0.004498106060606061 0.052980132450331126
30 85 40 105	0.00035186595582635186 0.006622516556291391
30 85 40 118	0.02680253054522625 0.026490066225165563
30 85 43	0.0034965034965034965 0.046357615894039736
30 85 43 32	0.35714285714285715 0.046357615894039736
30 85 46 111	1.015799449126418e-06 0.006622516556291391
30 85 121 124	0.15 0.019867549668874173
30 85 125	0.2857142857142857 0.013245033112582781
30 86 2 10	0.017167381974248927 0.013245033112582781
30 86 10 32	0.32558139534883723 0.033112582781456956
30 86 21 85	5.298637384748014e-06 0.006622516556291391
30 86 21 95	0.0030038276268294422 0.07947019867549669
30 86 30 95	0.005262635289444941 0.06622516556291391
30 86 53 118	0.01606425702811245 0.013245033112582781
30 86 61 95	0.002078909131552476 0.06622516556291391
30 92 18 95	0.0007086482881280569 0.07947019867549669
30 92 27 95	0.0015017771029051043 0.07947019867549669
30 92 83 95	0.0007062978222483814 0.07947019867549669
30 92 85 10	0.01579778830963665 0.019867549668874173
30 92 85 43	0.00018515089798185522 0.006622516556291391
30 92 86 10	0.00558659217877095 0.006622516556291391
30 92 92 85	4.107558280650786e-05 0.006622516556291391
30 92 92 95	0.001680190148348496 0.07947019867549669
30 92 95 32	0.021052631578947368 0.013245033112582781
30 93 30 95	0.02857142857142857 0.006622516556291391
30 95	0.003084832904884319 0.07947019867549669
30 95 10 32	0.1 0.006622516556291391
30 95 14	0.021739130434782608 0.006622516556291391
30 95 17 82	0.00853658536585366 0.039735099337748346
30 95 21 95	0.005381256980404102 0.06622516556291391
30 95 25 90	0.009105960264900662 0.026490066225165563
30 95 27 93	0.17894736842105263 0.006622516556291391
30 95 27 118	0.018779342723004695 0.006622516556291391
30 95 28 93	0.02562574493444577 0.039735099337748346
30 95 30 85	1.5035208859168586e-05 0.006622516556291391
30 95 30 86	2.4297859358590508e-05 0.006622516556291391
30 95 30 95	0.0006428458531613884 0.07947019867549669
30 95 32	0.46153846153846156 0.17218543046357615
30 95 32 32	0.22727272727272727 0.013245033112582781
30 95 52 105	0.0003089540501067296 0.006622516556291391
30 95 52 118	0.12283464566929134 0.026490066225165563
30 95 53 93	0.020935960591133004 0.019867549668874173
30 95 56 95	0.007692307692307693 0.019867549668874173
30 95 59 124	0.15135135135135136 0.059602649006622516
30 95 60 43	0.4444444444444444 0.013245033112582781
30 95 60 125	0.4444444444444444 0.013245033112582781
30 95 75	0.004291845493562232 0.006622516556291391
30 95 75 10	0.013404825737265416 0.019867549668874173
30 95 92 93	0.20987654320987653 0.006622516556291391
30 95 93	0.033783783783783786 0.033112582781456956
30 95 93 32	0.38461538461538464 0.052980132450331126
30 95 97 32	0.5476190476190477 0.08609271523178808
30 95 99 95	0.0028926815157651145 0.059602649006622516
30 95 104 43	0.006244424620874219 0.006622516556291391
30 95 105	0.00017908309455587392 0.006622516556291391
30 95 105 43	0.0037174721189591076 0.006622516556291391
30 95 108 125	0.2857142857142857 0.013245033112582781
30 95 110 43	0.0017985611510791368 0.006622516556291391
30 95 118	0.02666666666666667 0.026490066225165563
30 95 118 32	0.2222222222222222 0.033112582781456956
30 95 121 124	0.11764705882352941 0.026490066225165563
30 95 124	0.15384615384615385 0.059602649006622516
30 95 124 32	0.43902439024390244 0.0728476821192053
30 104 20 95	0.001466275659824047 0.06622516556291391
30 104 39 95	0.002753525856279382 0.07947019867549669
30 105 10 32	1.0 0.006622516556291391
30 105 20 95	0.0030904359141184124 0.052980132450331126
30 105 40 95	0.004509837082135408 0.0728476821192053
30 117 30 95	0.004726160689463442 0.039735099337748346
30 117 52 95	0.005023640661938535 0.039735099337748346
30 117 77 10	0.5 0.006622516556291391
30 117 93	0.033707865168539325 0.019867549668874173
30 117 93 32	0.3125 0.033112582781456956
30 117 99 86	0.003676470588235294 0.006622516556291391
30 117 104 43	0.009421265141318977 0.006622516556291391
30 117 105	0.0005274261603375527 0.006622516556291391
30 117 105 10	0.06896551724137931 0.013245033112582781
30 117 105 43	0.007380073800738007 0.006622516556291391
30 117 118	0.04477611940298507 0.019867549668874173
30 117 118 10	0.025 0.006622516556291391
30 118 53 95	0.003278688524590164 0.006622516556291391
30 121 32	0.4 0.013245033112582781
30 122 57 95	0.006269592476489028 0.039735099337748346
30 126 21 95	0.0036855036855036856 0.06622516556291391
30 126 61 95	0.0030302473783768895 0.07947019867549669
32	1.0 1.0
32 6 71	0.0032258064516129032 0.033112582781456956
32 6 71 10	0.020618556701030927 0.019867549668874173
32 6 71 32	0.02702702702702703 0.013245033112582781
32 10 14	1.0 0.006622516556291391
32 10 32	1.0 0.006622516556291391
32 10 75	1.0 0.006622516556291391
32 14	0.3333333333333333 0.006622516556291391
32 14 10	0.3333333333333333 0.006622516556291391
32 14 75 10	0.5225225225225225 0.006622516556291391
32 14 79	0.75 0.019867549668874173
32 17 82	0.025 0.052980132450331126
32 17 82 32	0.04861111111111111 0.033112582781456956
32 20 85	0.0009191176470588235 0.006622516556291391
32 21 86	0.2 0.006622516556291391
32 25 90	0.08861940298507463 0.6026490066225165
32 25 90 32	0.1724137931034483 0.09933774834437085
32 25 90 97	0.0014121444422029454 0.026490066225165563
32 28 30 95	0.009735744089012517 0.046357615894039736
32 28 52 95	0.011673151750972763 0.019867549668874173
32 28 52 118	0.014492753623188406 0.006622516556291391
32 28 77 10	0.05442176870748299 0.052980132450331126
32 28 93	0.10885341074020319 0.48344370860927155
32 28 93 32	0.5992063492063492 0.3576158940397351
32 28 93 33	0.9565217391304348 0.2913907284768212
32 28 93 97	0.0019851116625310174 0.026490066225165563
32 28 93 98	0.018867924528301886 0.006622516556291391
32 28 99 95	0.0035285815102328866 0.033112582781456956
32 28 104 43	0.006105006105006105 0.033112582781456956
32 28 105 10	0.08949416342412451 0.3443708609271523
32 28 117	0.009433962264150943 0.006622516556291391
32 28 118	0.024456521739130436 0.059602649006622516
32 28 118 10	0.053763440860215055 0.052980132450331126
32 28 121 124	0.041666666666666664 0.006622516556291391
32 28 124	0.125 0.006622516556291391
32 28 124 32	0.2 0.006622516556291391
32 29 94	0.08810172570390554 0.3443708609271523
32 29 94 32	0.38935574229691877 0.304635761589404
32 29 102 10	0.2967741935483871 0.304635761589404
32 30 34 93	0.029940119760479042 0.033112582781456956
32 30 34 118	0.03067484662576687 0.033112582781456956
32 30 85 10	0.024489795918367346 0.013245033112582781
32 30 86 10	0.13725490196078433 0.006622516556291391
32 30 95	0.006872852233676976 0.09271523178807947
32 30 95 32	0.575 0.08609271523178808
32 30 95 33	0.0035842293906810036 0.006622516556291391
32 30 95 93	0.09210526315789473 0.046357615894039736
32 30 95 118	0.06172839506172839 0.033112582781456956
32 30 95 124	0.2926829268292683 0.059602649006622516
32 30 105 10	0.3333333333333333 0.006622516556291391
32 30 118 10	0.5 0.006622516556291391
32 32	0.14814814814814814 0.026490066225165563
32 32 25 90	0.041176470588235294 0.033112582781456956
32 32 75 10	0.12533435231180742 0.09271523178807947
32 32 97	0.044797687861271675 0.1456953642384106
32 32 97 14	0.02926829268292683 0.033112582781456956
32 32 97 32	0.17082785808147175 0.0728476821192053
32 32 97 79	0.07317073170731707 0.006622516556291391
32 32 98	0.08333333333333333 0.006622516556291391
32 33 75 10	0.03529411764705882 0.006622516556291391
32 33 97	0.023255813953488372 0.006622516556291391
32 33 98	1.0 0.006622516556291391
32 35 100	0.0009132420091324201 0.006622516556291391
32 40 105	0.0029585798816568047 0.006622516556291391
32 46 111	0.0006753334458889077 0.006622516556291391
32 52 117	0.25 0.013245033112582781
32 53 30 95	0.0028216704288939053 0.033112582781456956
32 53 77 10	0.08571428571428572 0.039735099337748346
32 53 93	0.03734439834024896 0.059602649006622516
32 53 93 32	0.2465753424657534 0.0728476821192053
32 53 99 95	0.0022192632046160675 0.033112582781456956
32 53 104 10	0.2727272727272727 0.033112582781456956
32 53 104 43	0.009242144177449169 0.033112582781456956
32 53 105 10	0.1242603550295858 0.039735099337748346
32 53 117 93	0.1 0.006622516556291391
32 53 118	0.06172839506172839 0.09933774834437085
32 53 118 10	0.07627118644067797 0.046357615894039736
32 53 118 32	0.2777777777777778 0.033112582781456956
32 53 121 124	0.11764705882352941 0.013245033112582781
32 59 30 95	0.005240174672489083 0.059602649006622516
32 59 56 93	0.07692307692307693 0.006622516556291391
32 59 56 118	0.1111111111111111 0.013245033112582781
32 59 93	0.16666666666666666 0.006622516556291391
32 59 93 32	0.25 0.006622516556291391
32 59 124	0.40350877192982454 0.10596026490066225
32 59 124 32	0.4857142857142857 0.0728476821192053
32 60 20 95	0.03333333333333333 0.013245033112582781
32 60 43	0.5 0.013245033112582781
32 60 125	0.5 0.013245033112582781
32 75 6 71	1.654782943249595e-05 0.019867549668874173
32 75 8 10	0.1590909090909091 0.039735099337748346
32 75 10	0.49397796190313487 0.6423841059602649
32 75 10 32	0.48771345272802996 0.5231788079470199
32 75 10 33	0.75 0.2913907284768212
32 75 10 79	0.09484873262469337 0.006622516556291391
32 75 10 97	0.0013632301905612933 0.0728476821192053
32 75 10 98	0.0015661707126076742 0.006622516556291391
32 75 12 93	0.004610951008645533 0.046357615894039736
32 75 12 118	0.003050330452465684 0.033112582781456956
32 75 20 95	7.472538421301716e-05 0.013245033112582781
32 75 21 95	0.0014678129586915495 0.006622516556291391
32 75 33 10	0.11904761904761904 0.033112582781456956
32 75 37 94	0.03533026113671275 0.2980132450331126
32 75 39 93	0.019083969465648856 0.033112582781456956
32 75 39 118	0.01948051948051948 0.033112582781456956
32 75 40 93	0.012974802557352389 0.33774834437086093
32 75 40 95	0.016666666666666666 0.006622516556291391
32 75 40 118	0.003698485382176823 0.033112582781456956
32 75 44 10	0.05285592497868713 0.3443708609271523
32 75 45 10	0.20783132530120482 0.31125827814569534
32 75 53 93	0.002645852626008731 0.039735099337748346
32 75 53 95	0.02702702702702703 0.006622516556291391
32 75 53 118	0.0018369221349117256 0.033112582781456956
32 75 58 10	0.02127659574468085 0.006622516556291391
32 75 73 10	0.1590909090909091 0.039735099337748346
32 75 79	0.01020408163265306 0.006622516556291391
32 75 109 10	0.06526315789473684 0.33112582781456956
32 75 110 10	0.21495327102803738 0.31125827814569534
32 75 123 10	0.14285714285714285 0.006622516556291391
32 79	0.14285714285714285 0.006622516556291391
32 79 14	1.0 0.046357615894039736
32 79 14 32	0.2 0.013245033112582781
32 79 30 85	0.0009191176470588235 0.006622516556291391
32 79 32	0.42857142857142855 0.019867549668874173
32 79 32 97	0.027649769585253458 0.039735099337748346
32 79 75	0.047619047619047616 0.006622516556291391
32 81 12 93	0.009259259259259259 0.006622516556291391
32 81 16	0.6222222222222222 0.019867549668874173
32 81 43	0.05555555555555555 0.013245033112582781
32 81 44 43	0.16666666666666666 0.006622516556291391
32 81 73 16	0.2857142857142857 0.006622516556291391
32 91 26	1.0 0.019867549668874173
32 91 65 32	1.0 0.019867549668874173
32 91 65 33	1.0 0.019867549668874173
32 91 123 26	1.0 0.019867549668874173
32 97	0.0014689680499449136 0.019867549668874173
32 97 0 26	0.7 0.019867549668874173
32 97 14	0.003861003861003861 0.019867549668874173
32 97 14 32	0.5232558139534884 0.2980132450331126
32 97 17 82	0.0017857142857142857 0.033112582781456956
32 97 25 90	0.01767478397486253 0.09933774834437085
32 97 28 93	0.009299174775218622 0.3509933774834437
32 97 28 118	0.0011124157963043075 0.059602649006622516
32 97 28 124	0.021739130434782608 0.006622516556291391
32 97 29 94	0.04032492022048158 0.2980132450331126
32 97 30 95	0.0007858411917452508 0.07947019867549669
32 97 32	0.9090608465608465 1.0
32 97 32 32	0.48872180451127817 0.46357615894039733
32 97 32 97	0.0011350249791482153 0.052980132450331126
32 97 33	0.90625 0.3443708609271523
32 97 33 32	1.0 0.019867549668874173
32 97 33 33	1.0 0.019867549668874173
32 97 45	1.0 0.013245033112582781
32 97 52 93	0.08695652173913043 0.019867549668874173
32 97 59 93	0.041666666666666664 0.006622516556291391
32 97 59 124	0.09239130434782608 0.06622516556291391
32 97 60 125	0.5 0.013245033112582781
32 97 75 10	0.033018934229206785 0.5231788079470199
32 97 79 32	0.6617647058823529 0.2847682119205298
32 97 81 43	0.25 0.006622516556291391
32 97 97 32	0.1253616200578592 0.48344370860927155
32 97 97 45	1.0 0.013245033112582781
32 97 98 32	1.0 0.019867549668874173
32 97 98 33	0.10909090909090909 0.019867549668874173
32 98 0 26	0.7 0.019867549668874173
32 98 28 93	0.14473684210526316 0.2913907284768212
32 98 30 95	0.02702702702702703 0.006622516556291391
32 98 32	1.0 0.3443708609271523
32 98 32 97	0.0010559662090813093 0.013245033112582781
32 98 33	0.9076923076923077 0.3509933774834437
32 98 33 32	0.8571428571428571 0.019867549668874173
32 98 75 10	0.05069124423963134 0.31125827814569534
32 98 81 43	0.25 0.006622516556291391
32 98 98 32	1.0 0.019867549668874173
32 98 98 33	0.5 0.019867549668874173
32 107 42	0.25 0.006622516556291391
32 108 39 93	0.015060240963855422 0.033112582781456956
32 108 39 118	0.016556291390728478 0.033112582781456956
32 108 43	0.6578947368421053 0.1390728476821192
32 108 109 16	0.14285714285714285 0.006622516556291391
32 108 125	0.5 0.013245033112582781
32 110 32	0.75 0.019867549668874173
32 110 32 32	1.0 0.013245033112582781
32 110 45	1.0 0.013245033112582781
33	0.7777777777777778 0.046357615894039736
33 0 26	0.7 0.013245033112582781
33 0 26 32	1.0 0.013245033112582781
33 0 26 33	1.0 0.013245033112582781
33 0 65 32	1.0 0.013245033112582781
33 0 65 33	1.0 0.013245033112582781
33 0 123 26	1.0 0.013245033112582781
33 25 90	0.2 0.006622516556291391
33 29 94	0.09090909090909091 0.006622516556291391
33 32	1.0 0.013245033112582781
33 32 91 26	1.0 0.013245033112582781
33 32 97 32	1.0 0.013245033112582781
33 32 97 33	0.6 0.013245033112582781
33 32 98 32	1.0 0.013245033112582781
33 32 98 33	0.6 0.013245033112582781
33 33	1.0 0.013245033112582781
33 33 91 26	1.0 0.013245033112582781
33 33 97 32	1.0 0.013245033112582781
33 33 97 33	0.6 0.013245033112582781
33 33 98 32	1.0 0.013245033112582781
33 33 98 33	0.6 0.013245033112582781
33 49 114 26	0.036458333333333336 0.013245033112582781
33 49 114 32	1.0 0.013245033112582781
33 49 114 33	0.5714285714285714 0.013245033112582781
33 75 10	0.5 0.006622516556291391
33 75 10 32	0.7058823529411765 0.006622516556291391
33 75 110 10	0.25 0.006622516556291391
33 81 8 16	0.2857142857142857 0.006622516556291391
33 81 16	0.6135458167330677 0.013245033112582781
33 81 43	0.058823529411764705 0.013245033112582781
33 81 44 43	0.16666666666666666 0.006622516556291391
33 91 26	0.29577464788732394 0.019867549668874173
33 91 26 32	1.0 0.013245033112582781
33 91 26 33	1.0 0.013245033112582781
33 91 58 26	1.0 0.019867549668874173
33 91 65 32	1.0 0.019867549668874173
33 91 65 33	1.0 0.019867549668874173
33 91 123 26	1.0 0.019867549668874173
33 97 0 26	0.7 0.019867549668874173
33 97 32	0.9354838709677419 0.046357615894039736
33 97 33	0.6842105263157895 0.046357615894039736
33 97 33 32	1.0 0.019867549668874173
33 97 33 33	1.0 0.019867549668874173
33 97 75 10	0.028548770816812053 0.006622516556291391
33 97 98 32	1.0 0.019867549668874173
33 97 98 33	0.46153846153846156 0.019867549668874173
33 98 0 26	0.7 0.019867549668874173
33 98 32	1.0 0.046357615894039736
33 98 33	0.696969696969697 0.046357615894039736
33 98 33 32	1.0 0.019867549668874173
33 98 33 33	1.0 0.019867549668874173
33 98 98 32	1.0 0.019867549668874173
33 98 98 33	0.5 0.019867549668874173
33 108 16	0.0379746835443038 0.013245033112582781
33 108 43	0.5853658536585366 0.013245033112582781
45	1.0 0.006622516556291391
45 28 93	0.16666666666666666 0.006622516556291391
45 97	0.5 0.006622516556291391
45 110 32	1.0 0.013245033112582781
45 110 32 97	0.3333333333333333 0.006622516556291391
45 110 52 93	0.16666666666666666 0.006622516556291391
45 110 52 117	0.3333333333333333 0.006622516556291391
49 114 0 26	0.7 0.019867549668874173
49 114 26	0.036458333333333336 0.019867549668874173
49 114 26 32	1.0 0.019867549668874173
49 114 26 33	1.0 0.019867549668874173
49 114 32	1.0 0.019867549668874173
49 114 33	0.5714285714285714 0.019867549668874173
49 114 33 32	1.0 0.019867549668874173
49 114 33 33	1.0 0.019867549668874173
49 114 58 26	1.0 0.019867549668874173
49 114 65 32	1.0 0.019867549668874173
49 114 65 33	1.0 0.019867549668874173
49 114 98 32	1.0 0.019867549668874173
49 114 98 33	0.5 0.019867549668874173
49 114 123 26	1.0 0.019867549668874173
52 27 27 93	0.14285714285714285 0.013245033112582781
52 27 92 93	0.16129032258064516 0.013245033112582781
52 30 34 93	0.02631578947368421 0.006622516556291391
52 30 95 93	0.024844720496894408 0.006622516556291391
52 52 34 93	0.02631578947368421 0.006622516556291391
52 52 95 93	0.02564102564102564 0.006622516556291391
52 52 117 93	0.02631578947368421 0.006622516556291391
52 77 12 93	0.0383461153717906 0.019867549668874173
52 77 12 117	0.031335149863760216 0.006622516556291391
52 77 16	0.01 0.006622516556291391
52 77 39 93	0.03167420814479638 0.019867549668874173
52 77 40 93	0.0888030888030888 0.019867549668874173
52 77 40 117	0.0970873786407767 0.006622516556291391
52 77 57 93	0.02564102564102564 0.006622516556291391
52 92 92 93	0.16666666666666666 0.013245033112582781
52 93	0.058823529411764705 0.019867549668874173
52 93 28 93	0.032701111837802485 0.019867549668874173
52 93 28 117	0.0196078431372549 0.006622516556291391
52 93 81 16	0.2978723404255319 0.006622516556291391
52 93 97 32	0.375 0.026490066225165563
52 93 97 45	1.0 0.013245033112582781
52 99 95 93	0.024539877300613498 0.006622516556291391
52 99 117 93	0.02608695652173913 0.006622516556291391
52 104 12 93	0.03286384976525822 0.019867549668874173
52 104 39 93	0.03690871809375663 0.019867549668874173
52 104 39 117	0.030189959294436908 0.006622516556291391
52 104 40 93	0.025310410697230182 0.019867549668874173
52 104 40 117	0.0020408163265306124 0.006622516556291391
52 104 45 32	0.7 0.019867549668874173
52 104 45 45	0.7368421052631579 0.013245033112582781
52 104 57 93	0.026022304832713755 0.006622516556291391
52 105 12 93	0.08487084870848709 0.019867549668874173
52 105 12 117	0.08771929824561403 0.006622516556291391
52 105 16	0.010526315789473684 0.006622516556291391
52 105 16 32	0.75 0.006622516556291391
52 105 39 93	0.026460309535696454 0.019867549668874173
52 105 39 117	0.0025 0.006622516556291391
52 105 40 93	0.03427101000058483 0.019867549668874173
52 105 40 117	0.023269175524274634 0.006622516556291391
52 117	0.06666666666666667 0.006622516556291391
52 117 32	0.875 0.033112582781456956
52 117 45	1.0 0.013245033112582781
52 117 52 93	0.04276315789473684 0.019867549668874173
52 117 97 32	0.75 0.019867549668874173
52 118 53 93	0.02972972972972973 0.019867549668874173
52 118 53 117	0.01056338028169014 0.006622516556291391
52 121 28 93	0.16666666666666666 0.013245033112582781
52 121 28 117	0.16666666666666666 0.006622516556291391
52 121 56 93	0.10465116279069768 0.019867549668874173
52 122 16	0.2857142857142857 0.006622516556291391
52 122 39 93	0.025547445255474453 0.006622516556291391
52 122 57 93	0.02558139534883721 0.006622516556291391
52 126 61 93	0.03474903474903475 0.019867549668874173
52 126 61 117	0.026227303295225286 0.006622516556291391
53 30 34 93	0.008875739644970414 0.006622516556291391
53 30 34 118	0.014619883040935672 0.013245033112582781
53 30 85 43	0.0050991501416430595 0.019867549668874173
53 30 95	0.0005221932114882506 0.006622516556291391
53 30 95 32	0.2 0.033112582781456956
53 30 95 118	0.026246719160104987 0.013245033112582781
53 30 117 118	0.017241379310344827 0.013245033112582781
53 52 34 118	0.020134228187919462 0.013245033112582781
53 52 95	0.012195121951219513 0.006622516556291391
53 52 95 118	0.017094017094017096 0.013245033112582781
53 52 117 118	0.02926829268292683 0.013245033112582781
53 52 121 32	1.0 0.006622516556291391
53 77 10	0.08695652173913043 0.013245033112582781
53 77 10 32	0.7857142857142857 0.026490066225165563
53 77 12 118	0.00842548709847288 0.013245033112582781
53 93	0.012658227848101266 0.006622516556291391
53 93 28 93	0.00878099173553719 0.006622516556291391
53 93 30 95	0.012648809523809524 0.006622516556291391
53 93 32	0.6666666666666666 0.033112582781456956
53 93 52 93	0.02564102564102564 0.006622516556291391
53 99 34 118	0.018691588785046728 0.013245033112582781
53 99 85 10	0.09333333333333334 0.013245033112582781
53 99 95	0.000683526999316473 0.006622516556291391
53 99 95 32	0.35714285714285715 0.026490066225165563
53 99 95 118	0.0176678445229682 0.013245033112582781
53 104 20 95	0.0029878526645768025 0.006622516556291391
53 104 39 93	0.024312627291242363 0.006622516556291391
53 104 39 118	0.02788379506982174 0.013245033112582781
53 104 40 93	0.025934579439252335 0.006622516556291391
53 104 40 118	0.029179030662710187 0.013245033112582781
53 105 10	0.03296703296703297 0.013245033112582781
53 105 10 32	0.6578947368421053 0.026490066225165563
53 105 12 118	0.009324009324009324 0.013245033112582781
53 105 20 95	0.0027775105809926897 0.006622516556291391
53 105 39 93	0.02629107981220657 0.013245033112582781
53 105 39 118	0.029685534591194968 0.013245033112582781
53 105 40 93	0.013881473571809931 0.006622516556291391
53 105 40 118	0.015446958754614026 0.013245033112582781
53 117 30 95	6.944839037571579e-05 0.006622516556291391
53 117 52 118	0.012601260126012601 0.013245033112582781
53 117 93 32	0.5 0.006622516556291391
53 118	0.018691588785046728 0.013245033112582781
53 118 10	0.03896103896103896 0.013245033112582781
53 118 10 32	0.7407407407407407 0.013245033112582781
53 118 25 90	0.0071090047393364926 0.013245033112582781
53 118 32	0.84 0.12582781456953643
53 118 32 32	0.6666666666666666 0.013245033112582781
53 118 53 118	0.0077108433734939755 0.013245033112582781
53 118 59 124	0.07936507936507936 0.013245033112582781
53 118 75 10	0.045454545454545456 0.019867549668874173
53 118 97 32	0.29411764705882354 0.026490066225165563
53 121 56 118	0.030303030303030304 0.006622516556291391
53 121 93 32	0.6666666666666666 0.013245033112582781
53 121 124	0.0625 0.006622516556291391
53 121 124 32	0.5 0.019867549668874173
53 126 61 118	0.0015340364333652923 0.006622516556291391
56 18 18 95	0.0009729814214283778 0.006622516556291391
56 18 83 95	0.0008605892188302675 0.006622516556291391
56 27 92 95	0.0096051227321238 0.006622516556291391
56 34 30 95	0.010869565217391304 0.006622516556291391
56 34 93	0.058823529411764705 0.006622516556291391
56 34 118	0.07692307692307693 0.006622516556291391
56 66 39 93	0.058823529411764705 0.006622516556291391
56 77 12 95	0.014084507042253521 0.006622516556291391
56 83 18 95	0.0008729277218949571 0.006622516556291391
56 83 83 95	0.0008694091142296199 0.006622516556291391
56 85 12 93	0.04065040650406504 0.006622516556291391
56 85 12 118	0.04792332268370607 0.006622516556291391
56 85 20 95	0.01326198515340265 0.006622516556291391
56 85 39 93	0.05801236329053733 0.006622516556291391
56 85 39 118	0.07544836116264687 0.006622516556291391
56 85 40 93	0.057692307692307696 0.006622516556291391
56 85 40 118	0.07531790022823606 0.006622516556291391
56 86 21 95	0.011811023622047244 0.006622516556291391
56 92 18 95	0.0012819018762382007 0.006622516556291391
56 95	0.014084507042253521 0.006622516556291391
56 95 30 95	0.013645973476840285 0.006622516556291391
56 95 32	0.4 0.006622516556291391
56 95 53 93	0.057971014492753624 0.006622516556291391
56 95 56 95	0.014084507042253521 0.006622516556291391
56 95 93	0.05 0.006622516556291391
56 95 118	0.058823529411764705 0.006622516556291391
56 95 124	0.14285714285714285 0.006622516556291391
56 117 93	0.058823529411764705 0.006622516556291391
56 117 118	0.07692307692307693 0.006622516556291391
56 121 32	1.0 0.006622516556291391
59 30 85 43	0.0028929604628736743 0.033112582781456956
59 30 95	0.002904162633107454 0.039735099337748346
59 30 95 32	0.43902439024390244 0.059602649006622516
59 30 117 93	0.058823529411764705 0.006622516556291391
59 56 93 32	0.07142857142857142 0.006622516556291391
59 56 118	0.04081632653061224 0.013245033112582781
59 56 118 32	0.45454545454545453 0.019867549668874173
59 56 121 124	0.14705882352941177 0.026490066225165563
59 93	0.16666666666666666 0.006622516556291391
59 93 25 90	0.02564102564102564 0.013245033112582781
59 93 28 93	0.08695652173913043 0.013245033112582781
59 93 28 124	0.10526315789473684 0.013245033112582781
59 93 32	0.6 0.019867549668874173
59 93 32 97	0.05714285714285714 0.013245033112582781
59 93 59 93	0.09523809523809523 0.013245033112582781
59 93 59 124	0.125 0.006622516556291391
59 93 97 32	0.125 0.006622516556291391
59 118 28 93	0.05714285714285714 0.006622516556291391
59 124	0.16071428571428573 0.059602649006622516
59 124 17 82	0.0078125 0.019867549668874173
59 124 25 90	0.014705882352941176 0.046357615894039736
59 124 28 93	0.06896551724137931 0.026490066225165563
59 124 28 118	0.037037037037037035 0.013245033112582781
59 124 28 124	0.2222222222222222 0.013245033112582781
59 124 30 95	0.004447079750963534 0.039735099337748346
59 124 32	0.6744186046511628 0.1390728476821192
59 124 32 32	0.4375 0.026490066225165563
59 124 32 97	0.04827586206896552 0.039735099337748346
59 124 33	1.0 0.013245033112582781
59 124 53 93	0.023529411764705882 0.006622516556291391
59 124 53 118	0.05384615384615385 0.026490066225165563
59 124 59 93	0.07407407407407407 0.006622516556291391
59 124 59 124	0.14222222222222222 0.06622516556291391
59 124 60 43	0.5 0.006622516556291391
59 124 60 125	0.5 0.006622516556291391
59 124 97 32	0.4594594594594595 0.06622516556291391
59 124 107 42	0.05 0.006622516556291391
59 124 108 43	0.21052631578947367 0.026490066225165563
60 20 83 95	0.0004170141784820684 0.006622516556291391
60 20 85 43	0.045454545454545456 0.006622516556291391
60 20 95	0.03333333333333333 0.006622516556291391
60 20 95 32	0.6666666666666666 0.006622516556291391
60 43	0.5 0.006622516556291391
60 43 60 43	0.5 0.006622516556291391
60 43 60 125	0.5 0.006622516556291391
60 43 108 125	0.5 0.006622516556291391
60 45 110 43	0.16666666666666666 0.006622516556291391
60 46 111 125	0.5 0.006622516556291391
60 125	0.5 0.006622516556291391
60 125 32	1.0 0.006622516556291391
60 125 59 124	0.3333333333333333 0.006622516556291391
60 125 60 125	0.5 0.006622516556291391
60 125 108 125	0.5 0.006622516556291391
75	0.0010427528675703858 0.006622516556291391
75 1 66 10	0.01753128258602711 0.2119205298013245
75 6 71	1.0705186305925677e-05 0.013245033112582781
75 6 71 10	0.05287841128769049 0.5033112582781457
75 6 71 32	0.33157689305230287 0.423841059602649
75 6 71 33	0.0683068017366136 0.2119205298013245
75 6 71 79	0.0014938751120406335 0.006622516556291391
75 8 10	0.03571428571428571 0.006622516556291391
75 8 10 32	0.782608695652174 0.039735099337748346
75 10	0.03690415171706817 0.19205298013245034
75 10 10 32	1.0 0.006622516556291391
75 10 14	0.038461538461538464 0.013245033112582781
75 10 14 10	0.030927835051546393 0.019867549668874173
75 10 25 90	0.13131313131313133 0.1986754966887417
75 10 28 93	0.008325709057639524 0.2052980132450331
75 10 28 118	0.0005318377411400667 0.026490066225165563
75 10 29 94	0.051007207540195894 0.2052980132450331
75 10 30 95	0.001184834123222749 0.006622516556291391
75 10 32	0.8300536672629696 0.5695364238410596
75 10 32 14	0.4 0.013245033112582781
75 10 32 32	0.4251207729468599 0.13245033112582782
75 10 32 79	0.13953488372093023 0.006622516556291391
75 10 32 97	0.0032178039836053786 0.052980132450331126
75 10 33	0.927710843373494 0.09933774834437085
75 10 33 32	1.0 0.006622516556291391
75 10 75	1.1564437043204737e-05 0.006622516556291391
75 10 75 10	0.05495520567493472 0.40397350993377484
75 10 75 79	0.0029282576866764276 0.006622516556291391
75 10 79	0.005747126436781609 0.006622516556291391
75 10 79 32	0.8958333333333334 0.07947019867549669
75 10 97	0.0013713658804168952 0.026490066225165563
75 10 97 32	0.6419523729099814 0.304635761589404
75 10 97 33	0.9 0.09933774834437085
75 10 98 32	0.9 0.09933774834437085
75 10 98 33	0.6666666666666666 0.09933774834437085
75 12 77 10	0.037037037037037035 0.07947019867549669
75 12 93	0.0033003300330033004 0.006622516556291391
75 12 93 32	0.4948453608247423 0.08609271523178808
75 12 105 10	0.022189349112426034 0.0728476821192053
75 12 118 10	0.05185185185185185 0.0728476821192053
75 16 81 10	0.028192371475953566 0.08609271523178808
75 20 85	1.3483812682874209e-05 0.006622516556291391
75 20 85 10	0.1000629326620516 0.11920529801324503
75 20 86 10	0.04184100418410042 0.046357615894039736
75 20 95	0.0003084832904884319 0.006622516556291391
75 20 95 32	0.2087378640776699 0.08609271523178808
75 20 95 93	0.006787330316742082 0.006622516556291391
75 21 95	0.0013908205841446453 0.006622516556291391
75 21 95 32	0.3888888888888889 0.046357615894039736
75 21 95 93	0.008620689655172414 0.006622516556291391
75 22 71 10	0.015748031496062992 0.013245033112582781
75 23 23 10	0.0625 0.033112582781456956
75 23 88 10	0.056818181818181816 0.033112582781456956
75 30 85 10	0.1935483870967742 0.026490066225165563
75 30 86 10	0.05555555555555555 0.006622516556291391
75 30 95 32	0.1 0.006622516556291391
75 35 80 95	4.337516627147071e-05 0.006622516556291391
75 35 100	3.5367432253683517e-06 0.006622516556291391
75 35 100 10	0.08168373151308304 0.18543046357615894
75 35 103 10	0.11650485436893204 0.006622516556291391
75 36 101 10	0.009300595238095238 0.06622516556291391
75 37 94	0.043478260869565216 0.013245033112582781
75 37 102 10	0.044346214173677456 0.2119205298013245
75 37 111 10	0.025220116400537233 0.039735099337748346
75 39 77 10	0.013966480446927373 0.019867549668874173
75 39 93 32	0.4186046511627907 0.0728476821192053
75 39 104 10	0.004966887417218543 0.013245033112582781
75 39 105 10	0.017980636237897647 0.052980132450331126
75 39 118 10	0.04419889502762431 0.052980132450331126
75 39 118 32	0.6470588235294118 0.046357615894039736
75 40 30 95	0.00019149751053236308 0.006622516556291391
75 40 77 10	0.03361344537815126 0.09271523178807947
75 40 93	0.003629764065335753 0.019867549668874173
75 40 93 32	0.46686746987951805 0.17218543046357615
75 40 105	4.9419322955275514e-05 0.006622516556291391
75 40 105 10	0.020918070889018012 0.18543046357615894
75 40 118 10	0.05142857142857143 0.17218543046357615
75 40 118 32	0.5102040816326531 0.08609271523178808
75 41 106 10	0.041202658236015224 0.3509933774834437
75 43 32	1.0 0.013245033112582781
75 44 10	0.04878048780487805 0.026490066225165563
75 44 10 32	0.6037735849056604 0.06622516556291391
75 44 10 33	1.0 0.019867549668874173
75 44 37 94	0.041666666666666664 0.019867549668874173
75 44 109 10	0.07920792079207921 0.052980132450331126
75 45 10	0.060240963855421686 0.026490066225165563
75 45 10 32	0.8043478260869565 0.07947019867549669
75 45 110 10	0.03592814371257485 0.046357615894039736
75 46 102 10	0.01166063530357861 0.026490066225165563
75 46 111	5.895610261250704e-07 0.006622516556291391
75 46 111 10	0.030106705254250438 0.5033112582781457
75 46 111 43	4.2276683986014875e-06 0.006622516556291391
75 46 111 79	0.00018876828692779613 0.006622516556291391
75 49 114 10	0.06557377049180328 0.026490066225165563
75 50 50 10	0.11627906976744186 0.033112582781456956
75 51 116 10	0.016219588271990017 0.07947019867549669
75 53 77 10	0.030534351145038167 0.052980132450331126
75 53 86 10	0.08695652173913043 0.013245033112582781
75 53 93 32	0.4198473282442748 0.12582781456953643
75 53 95 32	1.0 0.006622516556291391
75 53 105 10	0.017400204708290685 0.06622516556291391
75 53 118 10	0.04699093157460841 0.1390728476821192
75 53 118 32	0.5 0.08609271523178808
75 67 2 10	0.04633920296570899 0.10596026490066225
75 73 10	0.03571428571428571 0.006622516556291391
75 73 10 32	0.782608695652174 0.039735099337748346
75 79 14	0.034482758620689655 0.006622516556291391
75 79 28 118	0.005649717514124294 0.006622516556291391
75 79 32	0.8421052631578947 0.10596026490066225
75 79 32 32	0.6 0.019867549668874173
75 79 75	0.007142857142857143 0.006622516556291391
75 79 75 10	0.02710027100271003 0.033112582781456956
75 88 88 10	0.0625 0.033112582781456956
75 97 14	1.0 0.006622516556291391
75 97 30 85	0.0009191176470588235 0.006622516556291391
75 97 32	1.0 0.006622516556291391
75 97 75	1.0 0.006622516556291391
75 109 10	0.044642857142857144 0.033112582781456956
75 109 10 32	0.5925925925925926 0.09271523178807947
75 109 37 94	0.041666666666666664 0.013245033112582781
75 109 40 93	0.0425531914893617 0.013245033112582781
75 110 10	0.060240963855421686 0.033112582781456956
75 110 10 32	0.7872340425531915 0.0728476821192053
75 110 45 10	0.026923076923076925 0.046357615894039736
79 14 32	1.0 0.026490066225165563
79 14 75 10	0.060810810810810814 0.026490066225165563
79 32	1.0 0.006622516556291391
79 32 97 32	0.9574468085106383 0.013245033112582781
79 75 10	0.1 0.006622516556291391
81 1 66 16	0.02598752598752599 0.013245033112582781
81 1 66 43	0.04081632653061224 0.006622516556291391
81 8 16	0.25 0.006622516556291391
81 12 77 43	0.03571428571428571 0.006622516556291391
81 12 104 16	0.016 0.013245033112582781
81 12 104 43	0.053763440860215055 0.006622516556291391
81 12 105 16	0.03278688524590164 0.013245033112582781
81 12 105 43	0.05154639175257732 0.013245033112582781
81 16 32	1.0 0.019867549668874173
81 16 33	1.0 0.013245033112582781
81 16 52 93	0.025974025974025976 0.006622516556291391
81 16 81 16	0.00425531914893617 0.006622516556291391
81 16 81 43	0.19122257053291536 0.006622516556291391
81 16 108 16	0.0411522633744856 0.013245033112582781
81 16 108 43	0.022321428571428572 0.013245033112582781
81 20 85 43	0.009708737864077669 0.006622516556291391
81 24 89 16	0.019363762102351315 0.006622516556291391
81 40 77 16	0.026936026936026935 0.013245033112582781
81 40 77 43	0.015384615384615385 0.006622516556291391
81 40 93	0.016042780748663103 0.006622516556291391
81 40 104 16	0.010736196319018405 0.013245033112582781
81 40 104 43	0.02127659574468085 0.006622516556291391
81 40 105 16	0.026563838903170524 0.019867549668874173
81 40 105 43	0.029166666666666667 0.013245033112582781
81 40 117 32	0.75 0.006622516556291391
81 43	0.25 0.006622516556291391
81 43 81 16	0.2559912854030501 0.006622516556291391
81 43 81 43	0.03759398496240601 0.006622516556291391
81 43 97 32	1.0 0.006622516556291391
81 43 108 16	0.024096385542168676 0.006622516556291391
81 43 108 43	0.25066666666666665 0.006622516556291391
81 45 110 16	0.01020408163265306 0.006622516556291391
81 45 110 43	0.033185840707964605 0.006622516556291391
81 46 111 16	0.0163980891531689 0.019867549668874173
81 46 111 43	0.03277682298060398 0.013245033112582781
81 51 87 16	0.04 0.006622516556291391
81 51 116 16	0.014792899408284023 0.013245033112582781
81 51 116 43	0.03533026113671275 0.006622516556291391
81 67 2 16	0.018575851393188854 0.006622516556291391
81 67 2 43	0.4 0.006622516556291391
81 115 12 93	0.02631578947368421 0.006622516556291391
91 26 0 26	0.7 0.006622516556291391
91 26 32	1.0 0.006622516556291391
91 26 33	1.0 0.006622516556291391
91 26 98 32	1.0 0.006622516556291391
91 26 98 33	0.5 0.006622516556291391
91 35 100 26	0.2896551724137931 0.006622516556291391
91 46 111 26	0.011363636363636364 0.006622516556291391
91 49 114 26	0.03637713437268003 0.006622516556291391
91 49 114 32	1.0 0.006622516556291391
91 49 114 33	0.5714285714285714 0.006622516556291391
91 65 0 26	0.7 0.006622516556291391
91 65 32	1.0 0.006622516556291391
91 65 33	1.0 0.006622516556291391
91 65 98 32	1.0 0.006622516556291391
91 65 98 33	0.5 0.006622516556291391
97 6 71 10	0.04439855446566856 0.039735099337748346
97 6 71 32	0.37037037037037035 0.033112582781456956
97 17 82 32	0.2222222222222222 0.013245033112582781
97 25 90	0.021739130434782608 0.006622516556291391
97 25 90 32	0.25 0.006622516556291391
97 28 93 32	0.36363636363636365 0.026490066225165563
97 30 85 43	0.0029940119760479044 0.013245033112582781
97 30 95 32	0.19230769230769232 0.019867549668874173
97 32	0.12903225806451613 0.026490066225165563
97 32 25 90	0.05303030303030303 0.033112582781456956
97 32 28 93	0.012779552715654952 0.026490066225165563
97 32 29 94	0.06329113924050633 0.019867549668874173
97 32 32	0.96875 0.11258278145695365
97 32 33	1.0 0.006622516556291391
97 32 75 10	0.1531279178338002 0.052980132450331126
97 32 79 32	1.0 0.013245033112582781
97 32 97 32	0.6897810218978102 0.033112582781456956
97 32 97 33	1.0 0.013245033112582781
97 32 97 45	1.0 0.006622516556291391
97 32 98 32	1.0 0.013245033112582781
97 45	1.0 0.006622516556291391
97 45 110 45	1.0 0.006622516556291391
97 52 93	0.16666666666666666 0.006622516556291391
97 52 117 32	0.6666666666666666 0.006622516556291391
97 52 117 45	1.0 0.006622516556291391
97 53 118 32	0.6666666666666666 0.006622516556291391
97 59 93 32	1.0 0.013245033112582781
97 59 124 32	0.3684210526315789 0.026490066225165563
97 75 10	0.022935779816513763 0.026490066225165563
97 75 10 32	0.5034246575342466 0.046357615894039736
97 75 10 33	1.0 0.013245033112582781
97 110 39 93	0.05343511450381679 0.006622516556291391
97 110 45 32	0.5 0.006622516556291391
97 110 45 45	0.7794117647058824 0.006622516556291391
98 32	1.0 0.006622516556291391
98 32 91 26	1.0 0.006622516556291391
98 32 97 32	1.0 0.006622516556291391
98 32 98 32	1.0 0.006622516556291391
98 32 98 33	0.6 0.006622516556291391
98 33	0.4 0.006622516556291391
98 33 0 26	0.7 0.006622516556291391
98 33 32	1.0 0.013245033112582781
98 33 33	1.0 0.006622516556291391
98 33 91 26	0.21875 0.006622516556291391
98 33 97 32	0.8571428571428571 0.006622516556291391
98 33 97 33	0.6 0.006622516556291391
98 33 98 32	1.0 0.006622516556291391
98 33 98 33	0.64 0.006622516556291391
98 49 114 26	0.036458333333333336 0.006622516556291391
98 49 114 32	1.0 0.006622516556291391
98 49 114 33	0.5714285714285714 0.006622516556291391
98 75 10 32	1.0 0.006622516556291391
107 42 25 90	0.023529411764705882 0.006622516556291391
107 42 32	1.0 0.006622516556291391
108 10 32	1.0 0.013245033112582781
108 12 85 43	0.0033444816053511705 0.013245033112582781
108 12 95	0.007692307692307693 0.013245033112582781
108 20 85 43	0.002277904328018223 0.019867549668874173
108 20 95	0.0035460992907801418 0.013245033112582781
108 20 95 32	0.37037037037037035 0.039735099337748346
108 20 95 124	0.17391304347826086 0.013245033112582781
108 43 30 95	0.0049382716049382715 0.013245033112582781
108 43 32	0.9285714285714286 0.0728476821192053
108 43 33	1.0 0.006622516556291391
108 43 59 124	0.2 0.013245033112582781
108 45 110 16	0.01011804384485666 0.006622516556291391
108 46 111 10	0.025349650349650348 0.019867549668874173
108 46 111 16	0.0035251164547400226 0.006622516556291391
108 46 111 43	0.0040906230333543105 0.026490066225165563
110 39 92 117	0.3333333333333333 0.006622516556291391
110 39 93	0.05343511450381679 0.006622516556291391
110 39 93 97	0.1044776119402985 0.006622516556291391
110 39 117	0.11475409836065574 0.006622516556291391
110 39 117 32	0.9545454545454546 0.013245033112582781
110 39 117 45	1.0 0.006622516556291391
110 44 45 32	1.0 0.013245033112582781
110 45 32	1.0 0.013245033112582781
110 45 32 32	1.0 0.006622516556291391
110 45 32 97	0.3333333333333333 0.006622516556291391
110 45 45	0.7794117647058824 0.006622516556291391
110 45 45 97	0.5 0.006622516556291391
110 45 52 93	0.09426411738550466 0.006622516556291391
110 45 52 117	0.15576781778104334 0.006622516556291391
