71	1.0 0.018518518518518517
71 2 67	0.32 0.037037037037037035
71 4 69	0.16666666666666666 0.018518518518518517
71 6 71	0.007022471910112359 0.037037037037037035
71 6 82	1.0 0.037037037037037035
71 17 71	1.0 0.018518518518518517
71 17 82	1.0 0.037037037037037035
71 61 126	0.02564102564102564 0.018518518518518517
82	1.0 1.0
82 2 12 126	0.0087527352297593 0.018518518518518517
82 2 20 86	0.011142061281337047 0.037037037037037035
82 2 20 126	0.01744186046511628 0.018518518518518517
82 2 40 126	0.027210884353741496 0.037037037037037035
82 2 67	0.23411978221415608 0.25925925925925924
82 2 69	0.9 0.05555555555555555
82 4 20 86	0.3333333333333333 0.037037037037037035
82 4 67	1.0 0.05555555555555555
82 4 69	0.6666666666666666 0.07407407407407407
82 6 71	0.018221407288562915 0.25925925925925924
82 6 82	1.0 0.037037037037037035
82 14 20 95	0.42857142857142855 0.05555555555555555
82 14 79	1.0 0.037037037037037035
82 14 121	1.0 0.018518518518518517
82 17 71	1.0 0.018518518518518517
82 17 82	1.0 1.0
82 17 82 32	0.2777777777777778 0.07407407407407407
82 17 82 97	0.625 0.09259259259259259
82 21 18 126	0.004901960784313725 0.018518518518518517
82 21 34 93	0.024390243902439025 0.018518518518518517
82 21 34 118	0.02564102564102564 0.018518518518518517
82 21 83 126	0.004878048780487805 0.018518518518518517
82 21 85 67	0.0440771349862259 0.07407407407407407
82 21 85 69	0.10714285714285714 0.05555555555555555
82 21 86	0.01694915254237288 0.07407407407407407
82 21 95 93	0.2 0.018518518518518517
82 21 95 118	0.2 0.018518518518518517
82 21 117 93	0.3333333333333333 0.018518518518518517
82 21 117 118	1.0 0.018518518518518517
82 25 90	0.3567567567567568 0.2962962962962963
82 25 90 32	0.2864321608040201 0.09259259259259259
82 25 90 97	0.5490196078431373 0.18518518518518517
82 28 30 86	0.0014104372355430183 0.018518518518518517
82 28 30 95	0.02444987775061125 0.2222222222222222
82 28 30 121	0.6 0.018518518518518517
82 28 52 86	0.008771929824561403 0.018518518518518517
82 28 52 95	0.04390243902439024 0.09259259259259259
82 28 52 121	0.6666666666666666 0.018518518518518517
82 28 93	0.2631578947368421 0.3333333333333333
82 28 93 32	0.21428571428571427 0.037037037037037035
82 28 93 97	0.6666666666666666 0.07407407407407407
82 28 93 124	1.0 0.018518518518518517
82 28 99 86	0.002932551319648094 0.018518518518518517
82 28 99 95	0.0379746835443038 0.2037037037037037
82 28 99 121	0.6666666666666666 0.018518518518518517
82 28 118	0.23529411764705882 0.16666666666666666
82 28 118 32	1.0 0.018518518518518517
82 28 118 97	0.8333333333333334 0.05555555555555555
82 28 121 124	0.75 0.05555555555555555
82 28 124	0.5 0.05555555555555555
82 28 124 32	0.5 0.018518518518518517
82 28 124 97	1.0 0.018518518518518517
82 30 18 95	0.012497096478882861 0.3888888888888889
82 30 18 121	0.6265865063460254 0.018518518518518517
82 30 27 95	0.006451065274594686 0.18518518518518517
82 30 34 93	0.11450381679389313 0.12962962962962962
82 30 34 118	0.1896551724137931 0.16666666666666666
82 30 83 95	0.012485559785474295 0.3888888888888889
82 30 83 121	0.6265865063460254 0.018518518518518517
82 30 85 43	0.002857142857142857 0.037037037037037035
82 30 85 79	0.10714285714285714 0.018518518518518517
82 30 85 121	0.2727272727272727 0.018518518518518517
82 30 85 125	0.3333333333333333 0.018518518518518517
82 30 92 95	0.006234107128209335 0.18518518518518517
82 30 95	0.021931871208586095 0.3888888888888889
82 30 95 32	0.3333333333333333 0.09259259259259259
82 30 95 93	0.17857142857142858 0.16666666666666666
82 30 95 97	0.7222222222222222 0.09259259259259259
82 30 95 118	0.25274725274725274 0.18518518518518517
82 30 95 124	0.6071428571428571 0.2037037037037037
82 30 117 93	0.1267605633802817 0.05555555555555555
82 30 117 118	0.24528301886792453 0.07407407407407407
82 30 121	0.8 0.018518518518518517
82 30 121 32	1.0 0.018518518518518517
82 32	0.2777777777777778 0.07407407407407407
82 32 17 82	1.0 0.7407407407407407
82 32 25 90	0.358974358974359 0.25925925925925924
82 32 28 93	0.15789473684210525 0.07407407407407407
82 32 28 118	0.25925925925925924 0.07407407407407407
82 32 28 124	0.5 0.037037037037037035
82 32 30 95	0.03225806451612903 0.16666666666666666
82 32 30 121	1.0 0.018518518518518517
82 32 32 97	0.5333333333333333 0.14814814814814814
82 32 53 93	0.10869565217391304 0.05555555555555555
82 32 53 118	0.1590909090909091 0.07407407407407407
82 32 59 93	0.3333333333333333 0.018518518518518517
82 32 59 124	0.4444444444444444 0.1111111111111111
82 32 97	0.6938775510204082 0.3333333333333333
82 32 97 32	0.07526881720430108 0.07407407407407407
82 32 97 97	0.42105263157894735 0.037037037037037035
82 53 30 86	0.001392757660167131 0.018518518518518517
82 53 30 95	0.011831275720164609 0.2777777777777778
82 53 30 121	0.75 0.018518518518518517
82 53 52 86	0.006097560975609756 0.018518518518518517
82 53 52 95	0.04693140794223827 0.09259259259259259
82 53 52 121	0.75 0.018518518518518517
82 53 93	0.16901408450704225 0.14814814814814814
82 53 93 32	0.3333333333333333 0.037037037037037035
82 53 93 97	0.875 0.05555555555555555
82 53 99 86	0.002369668246445498 0.018518518518518517
82 53 99 95	0.013048635824436536 0.25925925925925924
82 53 99 121	0.75 0.018518518518518517
82 53 118	0.3 0.2777777777777778
82 53 118 32	0.3 0.018518518518518517
82 53 118 97	0.7 0.05555555555555555
82 53 121 124	0.42857142857142855 0.05555555555555555
82 56 18 95	0.00872885979268958 0.2962962962962963
82 56 20 95	0.42857142857142855 0.05555555555555555
82 56 34 93	0.11764705882352941 0.037037037037037035
82 56 34 118	0.23076923076923078 0.05555555555555555
82 56 79	1.0 0.018518518518518517
82 56 83 95	0.008724100327153763 0.2962962962962963
82 56 95	0.056338028169014086 0.07407407407407407
82 56 95 32	0.4 0.018518518518518517
82 56 95 93	0.15 0.05555555555555555
82 56 95 97	1.0 0.037037037037037035
82 56 95 118	0.17647058823529413 0.05555555555555555
82 56 95 124	0.7142857142857143 0.05555555555555555
82 56 117 93	0.11764705882352941 0.037037037037037035
82 56 117 118	0.23076923076923078 0.05555555555555555
82 56 121	1.0 0.037037037037037035
82 56 121 32	1.0 0.018518518518518517
82 59 28 93	0.5 0.018518518518518517
82 59 30 95	0.017346938775510204 0.24074074074074073
82 59 30 121	1.0 0.018518518518518517
82 59 56 93	0.05555555555555555 0.05555555555555555
82 59 56 118	0.06 0.05555555555555555
82 59 93	0.375 0.037037037037037035
82 59 93 97	0.6666666666666666 0.018518518518518517
82 59 124	0.6904761904761905 0.3333333333333333
82 59 124 32	0.3125 0.05555555555555555
82 59 124 97	0.6153846153846154 0.09259259259259259
82 60 20 95	0.42857142857142855 0.05555555555555555
82 60 43	1.0 0.018518518518518517
82 60 125	1.0 0.018518518518518517
82 61 18 86	0.00390625 0.037037037037037035
82 61 34 126	0.009009009009009009 0.018518518518518517
82 61 77 67	0.029411764705882353 0.037037037037037035
82 61 83 86	0.0038910505836575876 0.037037037037037035
82 61 85 67	0.010238907849829351 0.05555555555555555
82 61 99 126	0.011111111111111112 0.018518518518518517
82 61 105 67	0.008714596949891068 0.037037037037037035
82 61 126	0.04040404040404041 0.12962962962962962
82 97	0.625 0.09259259259259259
82 97 17 82	1.0 0.7407407407407407
82 97 25 90	0.36075949367088606 0.2777777777777778
82 97 28 93	0.15 0.05555555555555555
82 97 28 118	0.2857142857142857 0.07407407407407407
82 97 30 95	0.009108653220559532 0.18518518518518517
82 97 30 121	0.6666666666666666 0.018518518518518517
82 97 32	1.0 0.12962962962962962
82 97 32 97	0.7 0.09259259259259259
82 97 53 93	0.11764705882352941 0.037037037037037035
82 97 53 118	0.23076923076923078 0.05555555555555555
82 97 56 95	0.056338028169014086 0.07407407407407407
82 97 56 121	1.0 0.018518518518518517
82 97 59 93	0.5 0.018518518518518517
82 97 59 124	0.8333333333333334 0.09259259259259259
82 107 42	0.25 0.018518518518518517
82 108 20 95	0.16216216216216217 0.05555555555555555
82 108 43	0.6666666666666666 0.037037037037037035
82 108 125	0.3333333333333333 0.018518518518518517
