1 66 8 36	0.37272727272727274 0.02247191011235955
1 66 8 62	0.625 0.018726591760299626
1 66 23 36	0.03125 0.003745318352059925
1 66 23 62	0.25 0.003745318352059925
1 66 36	0.04604200323101777 0.0898876404494382
1 66 36 129	0.00625 0.003745318352059925
1 66 44 36	0.07307692307692308 0.03745318352059925
1 66 44 62	0.24242424242424243 0.033707865168539325
1 66 50 36	0.05 0.003745318352059925
1 66 58 62	0.16666666666666666 0.00749063670411985
1 66 62	0.42138364779874216 0.1348314606741573
1 66 73 36	0.37272727272727274 0.02247191011235955
1 66 73 62	0.625 0.018726591760299626
1 66 77 36	0.6666666666666666 0.00749063670411985
1 66 85 36	0.020278833967046894 0.026217228464419477
1 66 85 62	0.21568627450980393 0.026217228464419477
1 66 88 36	0.03125 0.003745318352059925
1 66 88 62	0.25 0.003745318352059925
1 66 109 36	0.02356902356902357 0.018726591760299626
1 66 109 62	0.13333333333333333 0.026217228464419477
1 66 115 36	0.05 0.003745318352059925
1 66 120 62	1.0 0.003745318352059925
1 121 85 62	0.42857142857142855 0.00749063670411985
6 71 2 62	0.2857142857142857 0.00749063670411985
6 71 23 62	0.4444444444444444 0.011235955056179775
6 71 36	0.0367816091954023 0.07865168539325842
6 71 44 36	0.030303030303030304 0.00749063670411985
6 71 44 62	0.12962962962962962 0.0149812734082397
6 71 55 62	0.25 0.003745318352059925
6 71 58 62	0.3333333333333333 0.00749063670411985
6 71 62	0.5847953216374269 0.18726591760299627
6 71 75 36	0.006622516556291391 0.003745318352059925
6 71 75 62	0.17647058823529413 0.0149812734082397
6 71 88 36	0.02 0.003745318352059925
6 71 88 62	0.4444444444444444 0.011235955056179775
6 71 109 36	0.018867924528301886 0.00749063670411985
6 71 109 62	0.35 0.018726591760299626
6 71 110 62	0.25 0.003745318352059925
6 87 36	0.21428571428571427 0.00749063670411985
6 87 62	0.6 0.00749063670411985
6 102 8 36	0.5 0.003745318352059925
6 102 62	1.0 0.003745318352059925
8 6 71 36	0.0707070707070707 0.00749063670411985
8 8 8 62	1.0 0.0149812734082397
8 8 36	0.5555555555555556 0.0149812734082397
8 8 62	1.0 0.04119850187265917
8 8 73 62	1.0 0.018726591760299626
8 16 81 62	0.5 0.00749063670411985
8 20 85 36	0.09178743961352658 0.011235955056179775
8 24 89 62	0.3076923076923077 0.00749063670411985
8 35 100 62	0.125 0.003745318352059925
8 36	0.5 0.00749063670411985
8 36 101 36	0.38295880149812733 0.011235955056179775
8 36 101 62	0.9327731092436975 0.0149812734082397
8 36 127 36	0.9322033898305084 0.00749063670411985
8 36 127 62	0.991869918699187 0.00749063670411985
8 37 71 62	1.0 0.003745318352059925
8 37 102 36	0.14705882352941177 0.00749063670411985
8 39 104 36	0.03333333333333333 0.003745318352059925
8 39 105 36	0.045454545454545456 0.003745318352059925
8 39 105 62	1.0 0.00749063670411985
8 40 104 36	0.043478260869565216 0.003745318352059925
8 40 105 36	0.037037037037037035 0.003745318352059925
8 40 105 62	0.7142857142857143 0.011235955056179775
8 45 110 62	0.2631578947368421 0.00749063670411985
8 46 111 36	0.020443154840411502 0.02247191011235955
8 46 111 62	0.21313868613138687 0.026217228464419477
8 51 116 36	0.06451612903225806 0.00749063670411985
8 51 116 62	0.4583333333333333 0.0149812734082397
8 62	1.0 0.00749063670411985
8 62 101 36	0.9444444444444444 0.00749063670411985
8 62 101 62	1.0 0.00749063670411985
8 62 127 36	0.9322033898305084 0.00749063670411985
8 62 127 62	1.0 0.00749063670411985
8 73 8 62	1.0 0.018726591760299626
8 73 36	0.5555555555555556 0.0149812734082397
8 73 62	1.0 0.04119850187265917
8 73 73 62	1.0 0.018726591760299626
10 6 71 36	0.007142857142857143 0.011235955056179775
10 6 71 62	0.16216216216216217 0.02247191011235955
10 28 77 36	0.02 0.00749063670411985
10 28 77 62	0.1 0.00749063670411985
10 28 104 36	0.002152852529601722 0.00749063670411985
10 28 104 62	0.025 0.00749063670411985
10 28 105 62	1.0 0.003745318352059925
10 32 75 62	0.125 0.011235955056179775
10 75 36	0.02696078431372549 0.03745318352059925
10 75 36 129	0.021739130434782608 0.003745318352059925
10 75 62	0.5175438596491229 0.11235955056179775
10 75 88 62	0.3333333333333333 0.003745318352059925
10 75 109 62	0.5 0.003745318352059925
10 75 110 62	0.3333333333333333 0.00749063670411985
10 97 75 62	0.11363636363636363 0.00749063670411985
12 18 77 62	1.0 0.003745318352059925
12 18 85 36	0.0032727272727272726 0.011235955056179775
12 18 85 62	0.051643192488262914 0.011235955056179775
12 18 105 36	0.07407407407407407 0.003745318352059925
12 27 77 62	1.0 0.003745318352059925
12 27 85 36	0.012012012012012012 0.003745318352059925
12 27 85 62	0.1875 0.00749063670411985
12 30 85 36	0.047775947281713346 0.018726591760299626
12 30 85 62	0.3275862068965517 0.018726591760299626
12 34 77 36	0.09090909090909091 0.003745318352059925
12 34 104 36	0.04081632653061224 0.003745318352059925
12 52 85 36	0.0603448275862069 0.0149812734082397
12 52 85 62	0.391304347826087 0.0149812734082397
12 77 23 62	1.0 0.003745318352059925
12 77 36	0.24358974358974358 0.033707865168539325
12 77 62	0.7916666666666666 0.07865168539325842
12 83 77 62	1.0 0.003745318352059925
12 83 85 36	0.0032269630692004303 0.011235955056179775
12 83 85 62	0.051643192488262914 0.011235955056179775
12 83 105 36	0.07407407407407407 0.003745318352059925
12 85 44 62	1.0 0.003745318352059925
12 85 62	0.16666666666666666 0.003745318352059925
12 92 77 62	1.0 0.003745318352059925
12 92 85 36	0.012012012012012012 0.003745318352059925
12 92 85 62	0.1875 0.00749063670411985
12 93 75 36	0.02054794520547945 0.003745318352059925
12 93 75 62	0.08333333333333333 0.003745318352059925
12 93 110 36	0.034482758620689655 0.003745318352059925
12 93 110 62	0.3333333333333333 0.003745318352059925
12 99 85 36	0.030430220356768102 0.0149812734082397
12 99 85 62	0.20689655172413793 0.0149812734082397
12 104 36	0.040498442367601244 0.018726591760299626
12 104 62	0.2692307692307692 0.0149812734082397
12 104 109 62	0.375 0.011235955056179775
12 105 36	0.035555555555555556 0.026217228464419477
12 105 37 78	0.047619047619047616 0.003745318352059925
12 105 58 62	1.0 0.00749063670411985
12 105 62	0.8333333333333334 0.033707865168539325
12 117 104 62	0.4444444444444444 0.003745318352059925
12 118 110 62	1.0 0.003745318352059925
12 126 2 62	0.14814814814814814 0.011235955056179775
16 28 104 36	0.34615384615384615 0.003745318352059925
16 28 105 36	0.2 0.003745318352059925
16 30 85 36	0.04129793510324484 0.00749063670411985
16 30 85 62	0.10714285714285714 0.00749063670411985
16 52 104 36	0.1232876712328767 0.003745318352059925
16 52 105 36	0.0641025641025641 0.003745318352059925
16 81 8 36	0.05 0.00749063670411985
16 81 23 62	0.2857142857142857 0.00749063670411985
16 81 36	0.07642487046632124 0.1647940074906367
16 81 44 36	0.01282051282051282 0.003745318352059925
16 81 44 62	0.06666666666666667 0.003745318352059925
16 81 62	0.6792452830188679 0.352059925093633
16 81 73 36	0.05 0.00749063670411985
16 81 73 62	0.6 0.011235955056179775
16 81 88 62	0.2857142857142857 0.00749063670411985
16 81 109 36	0.03225806451612903 0.00749063670411985
16 81 109 62	0.16666666666666666 0.00749063670411985
16 108 36	0.02857142857142857 0.018726591760299626
16 108 44 36	0.019801980198019802 0.00749063670411985
16 108 44 62	0.0967741935483871 0.011235955056179775
16 108 62	0.23076923076923078 0.033707865168539325
16 108 109 62	0.5 0.003745318352059925
16 110 44 36	1.0 0.003745318352059925
20 1 66 36	0.04225352112676056 0.0149812734082397
20 1 66 62	0.19642857142857142 0.02247191011235955
20 15 100 36	0.026874886508080623 0.0599250936329588
20 15 100 62	0.18976545842217485 0.10486891385767791
20 18 14 36	0.05084745762711865 0.011235955056179775
20 18 77 36	0.02666666666666667 0.07116104868913857
20 18 77 62	0.05806451612903226 0.02247191011235955
20 18 85 36	0.014546133931192784 0.1647940074906367
20 18 85 62	0.11267605633802817 0.1947565543071161
20 18 104 36	0.027259684361549498 0.07116104868913857
20 18 105 36	0.004866180048661801 0.00749063670411985
20 27 77 36	0.03977272727272727 0.026217228464419477
20 27 77 62	0.1875 0.018726591760299626
20 27 85 36	0.016397150288363676 0.10112359550561797
20 27 85 62	0.08497723823975721 0.09737827715355805
20 27 104 36	0.15384615384615385 0.03745318352059925
20 30 85 36	0.031292517006802724 0.00749063670411985
20 30 85 62	0.2028985507246377 0.011235955056179775
20 34 77 36	0.04318181818181818 0.06741573033707865
20 34 77 62	0.20689655172413793 0.06367041198501873
20 34 104 36	0.030303030303030304 0.13108614232209737
20 34 104 62	0.22160664819944598 0.12359550561797752
20 34 105 36	0.017148014440433214 0.0599250936329588
20 34 105 62	0.2909090909090909 0.056179775280898875
20 34 122 36	0.019736842105263157 0.011235955056179775
20 34 122 62	0.14705882352941177 0.018726591760299626
20 45 108 62	0.15384615384615385 0.03745318352059925
20 52 85 36	0.009615384615384616 0.003745318352059925
20 52 85 62	0.1111111111111111 0.003745318352059925
20 56 66 62	0.3 0.011235955056179775
20 77 36	0.011904761904761904 0.003745318352059925
20 77 44 36	0.21311475409836064 0.026217228464419477
20 77 62	0.16666666666666666 0.003745318352059925
20 83 77 36	0.025974025974025976 0.07116104868913857
20 83 77 62	0.05806451612903226 0.02247191011235955
20 83 85 36	0.01451852638284319 0.1647940074906367
20 83 85 62	0.11267605633802817 0.1947565543071161
20 83 104 36	0.027417027417027416 0.07116104868913857
20 83 105 36	0.004866180048661801 0.00749063670411985
20 85 8 36	0.05394736842105263 0.026217228464419477
20 85 8 62	0.328125 0.018726591760299626
20 85 23 36	0.03389830508474576 0.0149812734082397
20 85 23 62	0.6 0.011235955056179775
20 85 36	0.036345912825511764 0.18726591760299627
20 85 36 129	0.002304147465437788 0.011235955056179775
20 85 37 78	0.016042780748663103 0.00749063670411985
20 85 44 36	0.077733860342556 0.0749063670411985
20 85 44 62	0.25 0.07865168539325842
20 85 50 36	0.08433734939759036 0.026217228464419477
20 85 50 62	0.31343283582089554 0.026217228464419477
20 85 58 36	0.05263157894736842 0.03745318352059925
20 85 58 62	0.3333333333333333 0.026217228464419477
20 85 62	0.2744186046511628 0.32209737827715357
20 85 73 36	0.05394736842105263 0.026217228464419477
20 85 73 62	0.328125 0.018726591760299626
20 85 88 36	0.03389830508474576 0.0149812734082397
20 85 88 62	0.6 0.011235955056179775
20 85 109 36	0.02207911683532659 0.07116104868913857
20 85 109 62	0.12686567164179105 0.0599250936329588
20 85 115 36	0.08433734939759036 0.026217228464419477
20 85 115 62	0.29577464788732394 0.026217228464419477
20 85 123 36	0.012919896640826873 0.00749063670411985
20 86 2 36	0.009538344143456695 0.02247191011235955
20 86 2 62	0.04 0.0149812734082397
20 86 4 36	0.030254777070063694 0.018726591760299626
20 86 4 62	0.10526315789473684 0.00749063670411985
20 92 77 36	0.040229885057471264 0.026217228464419477
20 92 77 62	0.1875 0.018726591760299626
20 92 85 36	0.016161844484629293 0.09737827715355805
20 92 85 62	0.08497723823975721 0.09737827715355805
20 92 104 36	0.14285714285714285 0.033707865168539325
20 95 77 36	0.058823529411764705 0.04119850187265917
20 95 77 62	0.3275862068965517 0.04119850187265917
20 95 81 36	0.0228310502283105 0.0149812734082397
20 95 81 62	0.1 0.011235955056179775
20 95 85 36	0.10743801652892562 0.026217228464419477
20 95 85 62	0.2028985507246377 0.0299625468164794
20 95 91 62	1.0 0.003745318352059925
20 95 104 36	0.025680337293982367 0.10861423220973783
20 95 104 62	0.3021978021978022 0.10486891385767791
20 95 105 36	0.016931216931216932 0.0599250936329588
20 95 105 62	0.23880597014925373 0.04868913857677903
20 95 108 36	0.013157894736842105 0.003745318352059925
20 95 110 36	0.037800687285223365 0.0449438202247191
20 95 110 62	0.22727272727272727 0.052434456928838954
20 95 116 36	0.02702702702702703 0.003745318352059925
20 95 116 62	0.25 0.003745318352059925
20 95 122 36	0.019867549668874173 0.011235955056179775
20 95 122 62	0.2 0.011235955056179775
20 98 105 62	0.5 0.003745318352059925
20 104 36	0.03125 0.003745318352059925
20 117 77 36	0.08888888888888889 0.026217228464419477
20 117 77 62	0.391304347826087 0.0299625468164794
20 117 85 36	0.05555555555555555 0.003745318352059925
20 117 85 62	0.1111111111111111 0.003745318352059925
20 117 104 36	0.014 0.02247191011235955
20 117 104 62	0.17142857142857143 0.018726591760299626
20 117 105 36	0.030303030303030304 0.018726591760299626
20 117 105 62	0.625 0.0149812734082397
20 126 2 36	0.013513513513513514 0.02247191011235955
20 126 2 62	0.08333333333333333 0.018726591760299626
22 71 36	0.047619047619047616 0.00749063670411985
22 71 62	0.6 0.00749063670411985
22 87 8 36	1.0 0.00749063670411985
22 87 36	0.20253164556962025 0.02247191011235955
22 87 44 36	0.275 0.018726591760299626
22 87 44 62	0.5 0.018726591760299626
22 87 62	0.8823529411764706 0.04119850187265917
22 87 73 62	1.0 0.00749063670411985
22 87 109 62	0.3333333333333333 0.011235955056179775
22 87 115 36	0.5 0.00749063670411985
22 87 115 62	1.0 0.00749063670411985
22 116 62	0.2 0.003745318352059925
23 6 71 36	0.014705882352941176 0.003745318352059925
23 6 71 62	0.4 0.011235955056179775
23 10 75 62	0.25 0.003745318352059925
23 12 77 62	1.0 0.003745318352059925
23 12 104 36	0.14285714285714285 0.003745318352059925
23 12 104 62	1.0 0.003745318352059925
23 16 81 62	0.2857142857142857 0.00749063670411985
23 20 85 36	0.029411764705882353 0.003745318352059925
23 20 85 62	0.5555555555555556 0.011235955056179775
23 23 23 62	1.0 0.0149812734082397
23 23 36	0.5 0.02247191011235955
23 23 62	1.0 0.056179775280898875
23 23 88 62	1.0 0.0149812734082397
23 24 89 36	0.015463917525773196 0.003745318352059925
23 24 89 62	0.18181818181818182 0.00749063670411985
23 35 100 36	0.05112474437627812 0.00749063670411985
23 35 100 62	0.30303030303030304 0.00749063670411985
23 36 101 36	0.0011123470522803114 0.003745318352059925
23 36 101 62	0.38461538461538464 0.00749063670411985
23 39 104 62	1.0 0.00749063670411985
23 39 105 62	0.5 0.003745318352059925
23 40 104 36	0.02040816326530612 0.003745318352059925
23 40 104 62	0.5 0.00749063670411985
23 40 105 62	0.6666666666666666 0.00749063670411985
23 45 110 36	0.00851063829787234 0.003745318352059925
23 45 110 62	0.1794871794871795 0.00749063670411985
23 46 111 36	0.008541954136277022 0.03745318352059925
23 46 111 62	0.11844938980617373 0.04868913857677903
23 51 116 36	0.02830188679245283 0.003745318352059925
23 51 116 62	0.5 0.011235955056179775
23 57 122 36	0.047619047619047616 0.003745318352059925
23 57 122 62	0.5 0.003745318352059925
23 62	1.0 0.0149812734082397
23 62 13 78	0.07407407407407407 0.00749063670411985
23 62 64 129	0.13513513513513514 0.00749063670411985
23 62 101 36	1.0 0.00749063670411985
23 62 127 62	1.0 0.0149812734082397
23 67 2 62	0.8333333333333334 0.011235955056179775
23 88 23 62	1.0 0.0149812734082397
23 88 36	0.42857142857142855 0.02247191011235955
23 88 62	1.0 0.0599250936329588
23 88 88 62	1.0 0.0149812734082397
24 89 8 36	0.023809523809523808 0.011235955056179775
24 89 8 62	0.16666666666666666 0.0149812734082397
24 89 23 62	0.2 0.0149812734082397
24 89 36	0.039598997493734335 0.0749063670411985
24 89 36 129	0.002136752136752137 0.003745318352059925
24 89 44 36	0.014084507042253521 0.003745318352059925
24 89 50 62	0.23076923076923078 0.011235955056179775
24 89 62	0.23255813953488372 0.15730337078651685
24 89 73 36	0.022388059701492536 0.011235955056179775
24 89 73 62	0.16666666666666666 0.0149812734082397
24 89 88 36	0.03076923076923077 0.00749063670411985
24 89 88 62	0.2 0.0149812734082397
24 89 109 36	0.08108108108108109 0.003745318352059925
24 89 109 62	0.05 0.003745318352059925
24 89 115 62	0.23076923076923078 0.011235955056179775
24 89 123 36	0.024390243902439025 0.00749063670411985
24 89 123 62	0.2 0.011235955056179775
26 30 85 62	1.0 0.003745318352059925
26 49 114 62	0.5 0.003745318352059925
26 91 62	1.0 0.00749063670411985
35 80 77 36	0.02456140350877193 0.026217228464419477
35 80 85 36	0.024425934263845116 0.13857677902621723
35 80 85 62	0.1905781584582441 0.149812734082397
35 80 104 36	0.02365374937091092 0.08239700374531835
35 80 104 62	0.1746031746031746 0.04119850187265917
35 80 105 36	0.026244343891402715 0.07865168539325842
35 80 105 62	0.0684931506849315 0.018726591760299626
35 100 8 36	0.0018159806295399517 0.011235955056179775
35 100 8 62	0.125 0.0149812734082397
35 100 23 36	0.020958083832335328 0.056179775280898875
35 100 23 62	0.3333333333333333 0.03745318352059925
35 100 36	0.02455795677799607 0.149812734082397
35 100 36 64	0.00029069767441860465 0.003745318352059925
35 100 36 129	0.0020668274199104374 0.02247191011235955
35 100 37 78	0.05 0.011235955056179775
35 100 44 36	0.07988787666433077 0.09363295880149813
35 100 44 62	0.26557377049180325 0.0749063670411985
35 100 50 36	0.09448818897637795 0.04119850187265917
35 100 50 62	0.24444444444444444 0.03745318352059925
35 100 56 36	0.15 0.033707865168539325
35 100 56 62	0.3 0.033707865168539325
35 100 58 36	0.01282051282051282 0.018726591760299626
35 100 62	0.17585089141004862 0.24719101123595505
35 100 73 36	0.0018159806295399517 0.011235955056179775
35 100 73 62	0.125 0.0149812734082397
35 100 88 36	0.020958083832335328 0.056179775280898875
35 100 88 62	0.3333333333333333 0.03745318352059925
35 100 109 36	0.030957943925233645 0.09363295880149813
35 100 109 62	0.17543859649122806 0.0749063670411985
35 100 115 36	0.09448818897637795 0.04119850187265917
35 100 115 62	0.09923664122137404 0.0449438202247191
35 100 123 36	0.015873015873015872 0.018726591760299626
35 100 123 62	0.1 0.011235955056179775
36	0.7169811320754716 0.42696629213483145
36 13 78	0.11641221374045801 0.19101123595505617
36 64 129	0.04619565217391304 0.0299625468164794
36 101 8 36	0.6566951566951567 0.24344569288389514
36 101 8 62	0.9174917491749175 0.20973782771535582
36 101 23 62	0.38461538461538464 0.018726591760299626
36 101 36	0.5844058007407873 0.4419475655430712
36 101 44 36	0.017241379310344827 0.026217228464419477
36 101 44 62	0.1111111111111111 0.011235955056179775
36 101 58 36	0.01818181818181818 0.00749063670411985
36 101 62	0.9792766373411534 0.5805243445692884
36 101 73 36	0.6557610241820768 0.24344569288389514
36 101 73 62	0.9174917491749175 0.20973782771535582
36 101 88 62	0.38461538461538464 0.018726591760299626
36 101 109 36	0.010869565217391304 0.0299625468164794
36 101 109 62	0.0707070707070707 0.02247191011235955
36 101 123 36	0.017964071856287425 0.011235955056179775
36 127 8 36	0.7913669064748201 0.20599250936329588
36 127 8 62	1.0 0.20599250936329588
36 127 36	0.8745139625309296 0.42696629213483145
36 127 44 62	1.0 0.003745318352059925
36 127 62	0.9908147644157169 0.4307116104868914
36 127 73 36	0.7913669064748201 0.20599250936329588
36 127 73 62	1.0 0.20599250936329588
36 127 109 62	0.01639344262295082 0.003745318352059925
36 129 13 78	0.015384615384615385 0.011235955056179775
36 129 64 129	0.0045871559633027525 0.003745318352059925
37 71 36	0.058823529411764705 0.003745318352059925
37 102 8 36	0.5 0.011235955056179775
37 102 8 62	0.42857142857142855 0.00749063670411985
37 102 36	0.16455696202531644 0.02247191011235955
37 102 44 36	0.05555555555555555 0.003745318352059925
37 102 44 62	0.3076923076923077 0.011235955056179775
37 102 62	0.6571428571428571 0.052434456928838954
37 102 73 36	0.5 0.011235955056179775
37 102 73 62	0.42857142857142855 0.00749063670411985
39 15 100 36	0.01607142857142857 0.011235955056179775
39 15 100 62	0.171875 0.02247191011235955
39 30 77 36	0.1 0.003745318352059925
39 30 85 36	0.03595080416272469 0.07116104868913857
39 30 85 62	0.3021978021978022 0.08239700374531835
39 30 104 36	0.18181818181818182 0.00749063670411985
39 52 77 36	0.25 0.018726591760299626
39 52 77 62	0.4444444444444444 0.0149812734082397
39 52 85 36	0.016713091922005572 0.00749063670411985
39 52 85 62	0.17142857142857143 0.0149812734082397
39 77 23 36	0.25 0.003745318352059925
39 77 23 62	1.0 0.003745318352059925
39 77 36	0.043478260869565216 0.02247191011235955
39 77 44 36	0.0967741935483871 0.02247191011235955
39 77 44 62	0.22727272727272727 0.018726591760299626
39 77 88 36	0.25 0.003745318352059925
39 77 88 62	1.0 0.003745318352059925
39 77 109 36	0.007352941176470588 0.003745318352059925
39 77 109 62	0.1 0.003745318352059925
39 93 75 36	0.005263157894736842 0.003745318352059925
39 93 75 62	0.020833333333333332 0.003745318352059925
39 93 81 36	0.024390243902439025 0.003745318352059925
39 93 110 36	0.034013605442176874 0.011235955056179775
39 93 110 62	0.25 0.0149812734082397
39 99 77 36	0.09803921568627451 0.018726591760299626
39 99 77 62	0.4444444444444444 0.0149812734082397
39 99 85 36	0.028365264991291366 0.0599250936329588
39 99 85 62	0.22160664819944598 0.07116104868913857
39 104 23 36	0.03333333333333333 0.003745318352059925
39 104 23 62	1.0 0.00749063670411985
39 104 36	0.051766639276910435 0.18352059925093633
39 104 44 36	0.05263157894736842 0.00749063670411985
39 104 44 62	0.4 0.00749063670411985
39 104 50 36	0.21052631578947367 0.0149812734082397
39 104 50 62	0.4444444444444444 0.0149812734082397
39 104 62	0.5971223021582733 0.25842696629213485
39 104 88 62	1.0 0.00749063670411985
39 104 109 36	0.05181347150259067 0.018726591760299626
39 104 109 62	0.21428571428571427 0.018726591760299626
39 104 115 36	0.2 0.0149812734082397
39 104 115 62	0.4444444444444444 0.0149812734082397
39 105 23 36	0.013513513513513514 0.003745318352059925
39 105 23 62	0.5 0.00749063670411985
39 105 36	0.009188361408882083 0.018726591760299626
39 105 37 78	0.011904761904761904 0.003745318352059925
39 105 44 36	0.06818181818181818 0.011235955056179775
39 105 44 62	0.3333333333333333 0.00749063670411985
39 105 50 62	0.2 0.003745318352059925
39 105 62	0.3157894736842105 0.02247191011235955
39 105 88 36	0.0136986301369863 0.003745318352059925
39 105 88 62	0.5 0.00749063670411985
39 105 109 36	0.022222222222222223 0.003745318352059925
39 105 109 62	0.3333333333333333 0.003745318352059925
39 105 115 62	0.2 0.003745318352059925
39 105 123 36	0.009259259259259259 0.003745318352059925
39 105 123 62	1.0 0.003745318352059925
39 117 110 36	0.02857142857142857 0.003745318352059925
39 117 110 62	0.2857142857142857 0.00749063670411985
39 122 62	0.3333333333333333 0.011235955056179775
39 126 2 36	0.018648018648018648 0.0149812734082397
39 126 2 62	0.16666666666666666 0.02247191011235955
40 15 100 36	0.0023446658851113715 0.00749063670411985
40 15 100 62	0.0684931506849315 0.018726591760299626
40 27 105 62	1.0 0.003745318352059925
40 30 85 36	0.02395964691046658 0.026217228464419477
40 30 85 62	0.23880597014925373 0.04119850187265917
40 33 85 62	0.5 0.003745318352059925
40 52 85 36	0.08421052631578947 0.011235955056179775
40 52 85 62	0.625 0.011235955056179775
40 77 36	0.1282051282051282 0.018726591760299626
40 77 58 62	1.0 0.003745318352059925
40 77 62	0.8333333333333334 0.03745318352059925
40 92 104 36	0.1 0.003745318352059925
40 92 105 62	1.0 0.003745318352059925
40 93 75 62	1.0 0.00749063670411985
40 99 85 36	0.0358814352574103 0.02247191011235955
40 99 85 62	0.2909090909090909 0.0299625468164794
40 104 8 36	0.058823529411764705 0.003745318352059925
40 104 8 62	0.6666666666666666 0.00749063670411985
40 104 23 62	0.5 0.003745318352059925
40 104 36	0.02122641509433962 0.0299625468164794
40 104 44 36	0.08695652173913043 0.003745318352059925
40 104 44 62	0.125 0.003745318352059925
40 104 58 36	0.1111111111111111 0.003745318352059925
40 104 58 62	0.3333333333333333 0.003745318352059925
40 104 62	0.3157894736842105 0.02247191011235955
40 104 73 36	0.0625 0.003745318352059925
40 104 73 62	0.6666666666666666 0.00749063670411985
40 104 88 62	0.5 0.003745318352059925
40 105 8 36	0.02564102564102564 0.003745318352059925
40 105 8 62	0.5555555555555556 0.011235955056179775
40 105 23 62	0.6666666666666666 0.00749063670411985
40 105 36	0.08240534521158129 0.12734082397003746
40 105 37 78	0.047619047619047616 0.003745318352059925
40 105 44 36	0.06451612903225806 0.003745318352059925
40 105 44 62	0.2222222222222222 0.00749063670411985
40 105 62	0.8067226890756303 0.3445692883895131
40 105 73 36	0.02564102564102564 0.003745318352059925
40 105 73 62	0.5555555555555556 0.011235955056179775
40 105 88 62	0.6666666666666666 0.00749063670411985
40 105 109 36	0.047619047619047616 0.003745318352059925
40 118 109 62	1.0 0.003745318352059925
40 118 110 62	1.0 0.00749063670411985
40 122 58 62	0.5 0.00749063670411985
40 126 2 62	0.14285714285714285 0.011235955056179775
41 106 36	0.007077140835102618 0.026217228464419477
41 106 36 129	0.012145748987854251 0.011235955056179775
41 106 44 62	0.07017543859649122 0.003745318352059925
41 106 62	0.18857142857142858 0.0749063670411985
43 81 8 36	0.2857142857142857 0.00749063670411985
43 81 36	0.033210332103321034 0.026217228464419477
43 81 44 36	0.0625 0.003745318352059925
43 81 62	0.225 0.033707865168539325
43 81 73 36	0.2857142857142857 0.00749063670411985
43 81 109 36	0.2222222222222222 0.003745318352059925
43 108 36	0.1171875 0.04868913857677903
43 108 44 36	0.01639344262295082 0.003745318352059925
43 108 44 62	0.1 0.00749063670411985
43 108 62	0.6491228070175439 0.09737827715355805
43 108 109 62	0.25 0.003745318352059925
43 110 85 36	0.0011614401858304297 0.003745318352059925
43 110 85 62	0.15384615384615385 0.003745318352059925
44 1 66 36	0.019801980198019802 0.011235955056179775
44 1 66 62	0.13157894736842105 0.02247191011235955
44 6 71 36	0.016666666666666666 0.00749063670411985
44 6 71 62	0.3142857142857143 0.0149812734082397
44 10 75 62	0.5 0.003745318352059925
44 12 104 36	0.0078125 0.003745318352059925
44 12 104 62	0.1 0.003745318352059925
44 16 81 36	0.016260162601626018 0.003745318352059925
44 16 81 62	0.16666666666666666 0.00749063670411985
44 20 85 36	0.017158544955387784 0.018726591760299626
44 20 85 62	0.12686567164179105 0.02247191011235955
44 22 87 36	0.08653846153846154 0.00749063670411985
44 22 87 62	0.3333333333333333 0.00749063670411985
44 24 89 62	0.045454545454545456 0.003745318352059925
44 35 100 36	0.021015761821366025 0.0149812734082397
44 35 100 62	0.17094017094017094 0.0149812734082397
44 36 101 62	0.06930693069306931 0.0149812734082397
44 39 77 62	0.3333333333333333 0.011235955056179775
44 39 104 36	0.020761245674740483 0.00749063670411985
44 39 104 62	0.21428571428571427 0.00749063670411985
44 43 81 62	0.5 0.003745318352059925
44 43 108 62	0.25 0.003745318352059925
44 43 110 62	1.0 0.003745318352059925
44 44 36	0.15384615384615385 0.003745318352059925
44 44 62	0.4 0.00749063670411985
44 44 109 62	0.47058823529411764 0.011235955056179775
44 45 110 36	0.0375 0.00749063670411985
44 45 110 62	0.18181818181818182 0.00749063670411985
44 46 111 36	0.013897691263014938 0.03745318352059925
44 46 111 62	0.14644970414201183 0.0449438202247191
44 51 116 36	0.0075046904315197 0.0149812734082397
44 51 116 62	0.07547169811320754 0.0299625468164794
44 53 105 62	1.0 0.003745318352059925
44 62	0.25 0.003745318352059925
44 62 101 36	0.03125 0.003745318352059925
44 62 127 36	0.014084507042253521 0.003745318352059925
44 62 127 62	0.10227272727272728 0.003745318352059925
44 69 2 62	0.3333333333333333 0.003745318352059925
44 109 36	0.3018867924528302 0.02247191011235955
44 109 44 36	0.05993690851735016 0.00749063670411985
44 109 44 62	0.31521739130434784 0.018726591760299626
44 109 62	0.9047619047619048 0.04868913857677903
44 109 109 62	0.4 0.011235955056179775
45 6 71 62	0.2 0.003745318352059925
45 10 75 62	0.2857142857142857 0.00749063670411985
45 28 77 36	0.030303030303030304 0.003745318352059925
45 28 77 62	0.3333333333333333 0.003745318352059925
45 28 104 36	0.01048951048951049 0.011235955056179775
45 28 104 62	0.25 0.0149812734082397
45 28 105 36	0.006329113924050633 0.003745318352059925
45 30 77 36	0.15384615384615385 0.003745318352059925
45 30 85 36	0.017241379310344827 0.011235955056179775
45 30 85 62	0.22727272727272727 0.026217228464419477
45 52 104 36	0.01607717041800643 0.00749063670411985
45 52 104 62	0.2857142857142857 0.00749063670411985
45 52 105 36	0.02054794520547945 0.011235955056179775
45 53 77 62	1.0 0.003745318352059925
45 53 105 62	1.0 0.003745318352059925
45 108 44 36	0.3333333333333333 0.003745318352059925
45 110 8 36	0.007874015748031496 0.003745318352059925
45 110 8 62	0.18421052631578946 0.018726591760299626
45 110 23 36	0.023952095808383235 0.0149812734082397
45 110 23 62	0.1891891891891892 0.02247191011235955
45 110 36	0.02697708795269771 0.0749063670411985
45 110 36 129	0.008902077151335312 0.011235955056179775
45 110 37 78	0.08333333333333333 0.003745318352059925
45 110 44 36	0.055627425614489 0.033707865168539325
45 110 44 62	0.11290322580645161 0.033707865168539325
45 110 50 62	0.16666666666666666 0.011235955056179775
45 110 58 36	0.023809523809523808 0.003745318352059925
45 110 62	0.23678646934460887 0.15730337078651685
45 110 73 36	0.007874015748031496 0.003745318352059925
45 110 73 62	0.18421052631578946 0.018726591760299626
45 110 88 36	0.021621621621621623 0.0149812734082397
45 110 88 62	0.1891891891891892 0.02247191011235955
45 110 108 36	0.2 0.003745318352059925
45 110 109 36	0.020737327188940093 0.02247191011235955
45 110 109 62	0.19047619047619047 0.0149812734082397
45 110 115 62	0.16666666666666666 0.011235955056179775
45 110 123 36	0.037037037037037035 0.003745318352059925
46 102 36	0.00992063492063492 0.018726591760299626
46 102 88 36	0.03773584905660377 0.00749063670411985
46 111 8 36	0.02503898009722095 0.149812734082397
46 111 8 62	0.18896164639850327 0.16853932584269662
46 111 23 36	0.011528259538869618 0.1947565543071161
46 111 23 62	0.13126188966391883 0.250936329588015
46 111 36	0.018886626000424084 0.6217228464419475
46 111 36 64	5.4043829545761616e-05 0.003745318352059925
46 111 36 129	0.0036709938284741435 0.10861423220973783
46 111 37 78	0.03819444444444445 0.04119850187265917
46 111 43 36	0.016304347826086956 0.011235955056179775
46 111 44 36	0.06768372516650538 0.2546816479400749
46 111 44 62	0.2028985507246377 0.30711610486891383
46 111 50 36	0.018536585365853658 0.1198501872659176
46 111 50 62	0.1284796573875803 0.16853932584269662
46 111 56 36	0.05405405405405406 0.0449438202247191
46 111 56 62	0.10810810810810811 0.0449438202247191
46 111 58 36	0.015829318651066758 0.08239700374531835
46 111 58 62	0.08214285714285714 0.052434456928838954
46 111 62	0.18159914831624363 0.947565543071161
46 111 73 36	0.025057365764111977 0.149812734082397
46 111 73 62	0.18896164639850327 0.16853932584269662
46 111 88 36	0.01152473227944926 0.1947565543071161
46 111 88 62	0.13126188966391883 0.250936329588015
46 111 108 36	0.039473684210526314 0.011235955056179775
46 111 109 36	0.028270472307169555 0.3295880149812734
46 111 109 62	0.1439736733854381 0.36329588014981273
46 111 115 36	0.017703591299949417 0.11610486891385768
46 111 115 62	0.07044830741079597 0.1797752808988764
46 111 120 62	0.22695035460992907 0.09737827715355805
46 111 123 36	0.012010113780025285 0.19850187265917604
46 111 123 62	0.13353115727002968 0.149812734082397
49 114 8 36	0.6666666666666666 0.003745318352059925
49 114 36	0.023255813953488372 0.00749063670411985
49 114 36 129	0.10344827586206896 0.00749063670411985
49 114 62	0.7142857142857143 0.052434456928838954
49 114 73 36	0.6666666666666666 0.003745318352059925
49 114 91 62	0.5 0.003745318352059925
50 1 66 62	0.1111111111111111 0.003745318352059925
50 20 85 36	0.034031413612565446 0.00749063670411985
50 20 85 62	0.26666666666666666 0.00749063670411985
50 22 87 36	0.29411764705882354 0.003745318352059925
50 22 87 62	1.0 0.003745318352059925
50 24 89 62	0.21428571428571427 0.00749063670411985
50 35 100 36	0.022939677145284623 0.00749063670411985
50 35 100 62	0.13793103448275862 0.011235955056179775
50 40 104 62	0.2 0.003745318352059925
50 45 110 62	0.15789473684210525 0.003745318352059925
50 46 111 36	0.005323758821344559 0.00749063670411985
50 46 111 62	0.09478021978021978 0.0299625468164794
50 50 36	0.5 0.00749063670411985
50 50 62	1.0 0.018726591760299626
50 51 116 36	0.0410958904109589 0.003745318352059925
50 67 2 62	1.0 0.00749063670411985
50 69 2 62	1.0 0.003745318352059925
50 109 109 62	1.0 0.003745318352059925
50 115 62	1.0 0.033707865168539325
50 120 2 62	1.0 0.003745318352059925
51 0 58 62	1.0 0.003745318352059925
51 14 36 129	0.029411764705882353 0.003745318352059925
51 15 100 36	0.02 0.003745318352059925
51 30 85 36	0.0625 0.00749063670411985
51 30 85 62	0.25 0.003745318352059925
51 30 104 36	0.08333333333333333 0.003745318352059925
51 51 116 62	0.1111111111111111 0.003745318352059925
51 87 44 36	0.058823529411764705 0.0149812734082397
51 87 44 62	0.09090909090909091 0.0149812734082397
51 87 62	0.2 0.00749063670411985
51 116 8 36	0.1273209549071618 0.02247191011235955
51 116 8 62	0.32653061224489793 0.033707865168539325
51 116 23 36	0.013605442176870748 0.00749063670411985
51 116 23 62	0.5 0.018726591760299626
51 116 36	0.03480372318899231 0.11235955056179775
51 116 36 129	0.0029585798816568047 0.003745318352059925
51 116 44 36	0.06912442396313365 0.0449438202247191
51 116 44 62	0.2159090909090909 0.04868913857677903
51 116 58 36	0.007751937984496124 0.003745318352059925
51 116 58 62	0.15 0.011235955056179775
51 116 62	0.3259668508287293 0.22846441947565543
51 116 73 36	0.12532637075718014 0.02247191011235955
51 116 73 62	0.32653061224489793 0.033707865168539325
51 116 88 62	0.5 0.018726591760299626
51 116 109 36	0.007470651013874066 0.0149812734082397
51 116 109 62	0.07741935483870968 0.04119850187265917
51 116 116 62	0.1111111111111111 0.003745318352059925
51 116 120 62	0.25 0.003745318352059925
51 116 123 36	0.016304347826086956 0.011235955056179775
51 116 123 62	0.5 0.011235955056179775
55 1 66 36	0.3333333333333333 0.003745318352059925
55 1 66 62	1.0 0.003745318352059925
55 46 111 36	0.018711018711018712 0.003745318352059925
55 46 111 62	0.22377622377622378 0.003745318352059925
55 51 116 62	0.25 0.003745318352059925
55 120 62	1.0 0.003745318352059925
57 30 85 36	0.034722222222222224 0.00749063670411985
57 30 85 62	0.2 0.00749063670411985
57 99 85 36	0.023255813953488372 0.003745318352059925
57 99 85 62	0.14705882352941177 0.003745318352059925
57 104 36	0.02631578947368421 0.00749063670411985
57 104 62	0.3333333333333333 0.00749063670411985
57 122 23 62	0.5 0.003745318352059925
57 122 36	0.09956709956709957 0.07116104868913857
57 122 44 36	0.13043478260869565 0.003745318352059925
57 122 44 62	0.3333333333333333 0.003745318352059925
57 122 58 36	0.125 0.003745318352059925
57 122 58 62	1.0 0.003745318352059925
57 122 62	0.6363636363636364 0.10112359550561797
57 122 88 36	0.07142857142857142 0.003745318352059925
57 122 88 62	0.5 0.003745318352059925
58 20 85 36	0.16097560975609757 0.003745318352059925
58 24 89 36	0.014492753623188406 0.003745318352059925
58 24 89 62	0.1875 0.00749063670411985
58 35 100 36	0.008368200836820083 0.003745318352059925
58 35 100 62	0.1 0.003745318352059925
58 40 104 36	0.038461538461538464 0.003745318352059925
58 40 104 62	1.0 0.003745318352059925
58 46 111 36	0.03938730853391685 0.0149812734082397
58 46 111 62	0.12893982808022922 0.018726591760299626
58 51 116 36	0.05 0.003745318352059925
58 51 116 62	0.5 0.003745318352059925
58 67 2 36	0.14285714285714285 0.003745318352059925
58 69 2 36	0.3333333333333333 0.003745318352059925
58 69 2 62	1.0 0.003745318352059925
58 123 36	0.625 0.018726591760299626
58 123 62	1.0 0.03745318352059925
62	1.0 1.0
62 5 70	0.47058823529411764 0.003745318352059925
62 13 78	0.09852216748768473 0.44569288389513106
62 64 129	0.12545587162654998 0.16104868913857678
62 101 8 36	0.8125 0.2883895131086142
62 101 8 62	0.9902597402597403 0.22846441947565543
62 101 23 36	0.11764705882352941 0.0149812734082397
62 101 36	0.9583007743127087 0.7715355805243446
62 101 44 36	0.026615969581749048 0.03745318352059925
62 101 58 36	0.0963855421686747 0.0299625468164794
62 101 62	0.9926721199727335 0.6142322097378277
62 101 73 36	0.8125 0.2883895131086142
62 101 73 62	0.9902597402597403 0.22846441947565543
62 101 88 36	0.11538461538461539 0.0149812734082397
62 101 109 36	0.015521064301552107 0.03745318352059925
62 101 123 36	0.05128205128205128 0.026217228464419477
62 127 8 36	0.6666666666666666 0.22846441947565543
62 127 8 62	1.0 0.22846441947565543
62 127 23 62	1.0 0.13857677902621723
62 127 36	0.8423716558206796 0.6142322097378277
62 127 44 62	0.13043478260869565 0.033707865168539325
62 127 62	0.9936071978217118 1.0
62 127 73 36	0.6666666666666666 0.22846441947565543
62 127 73 62	1.0 0.22846441947565543
62 127 88 62	1.0 0.13857677902621723
62 127 109 62	0.10843373493975904 0.033707865168539325
62 129 64	0.21739130434782608 0.018726591760299626
63 128 36	0.061224489795918366 0.0149812734082397
63 128 62	0.5714285714285714 0.02247191011235955
67 2 23 62	0.9166666666666666 0.011235955056179775
67 2 36	0.22857142857142856 0.03745318352059925
67 2 50 62	1.0 0.011235955056179775
67 2 62	0.875 0.1647940074906367
67 2 88 62	0.9166666666666666 0.011235955056179775
67 2 115 62	1.0 0.011235955056179775
67 4 50 62	1.0 0.011235955056179775
67 4 62	1.0 0.003745318352059925
67 4 109 36	0.5 0.003745318352059925
67 4 109 62	0.3333333333333333 0.003745318352059925
67 4 115 62	1.0 0.011235955056179775
67 4 123 36	1.0 0.003745318352059925
67 4 123 62	1.0 0.003745318352059925
67 6 71 36	0.01 0.003745318352059925
67 6 71 62	0.2857142857142857 0.00749063670411985
67 21 85 36	0.004803843074459567 0.00749063670411985
67 21 85 62	0.04 0.011235955056179775
67 55 50 62	1.0 0.00749063670411985
67 55 115 62	1.0 0.00749063670411985
67 61 77 36	0.0392156862745098 0.011235955056179775
67 61 77 62	0.13333333333333333 0.00749063670411985
67 61 85 36	0.009244992295839754 0.0149812734082397
67 61 85 62	0.08333333333333333 0.011235955056179775
67 61 104 36	0.026232948583420776 0.02247191011235955
67 61 104 62	0.16666666666666666 0.011235955056179775
67 61 105 36	0.012718600953895072 0.0149812734082397
67 61 105 62	0.13793103448275862 0.011235955056179775
69 2 62	1.0 0.003745318352059925
69 4 36	1.0 0.0149812734082397
69 4 62	1.0 0.018726591760299626
69 21 85 36	0.014634146341463415 0.003745318352059925
69 21 85 62	0.10526315789473684 0.003745318352059925
73 6 71 36	0.0707070707070707 0.00749063670411985
73 6 102 62	1.0 0.00749063670411985
73 8 8 62	1.0 0.0149812734082397
73 8 36	0.5882352941176471 0.0149812734082397
73 8 62	1.0 0.04119850187265917
73 8 73 36	0.3076923076923077 0.00749063670411985
73 8 73 62	1.0 0.018726591760299626
73 16 81 62	0.5 0.00749063670411985
73 20 85 36	0.09178743961352658 0.011235955056179775
73 24 89 62	0.3076923076923077 0.00749063670411985
73 35 100 62	0.125 0.003745318352059925
73 36	0.5 0.00749063670411985
73 36 101 36	0.38295880149812733 0.011235955056179775
73 36 101 62	0.9327731092436975 0.0149812734082397
73 36 127 36	0.9322033898305084 0.00749063670411985
73 36 127 62	0.991869918699187 0.00749063670411985
73 39 104 36	0.03333333333333333 0.003745318352059925
73 39 105 62	1.0 0.00749063670411985
73 40 105 36	0.037037037037037035 0.003745318352059925
73 40 105 62	0.7142857142857143 0.011235955056179775
73 45 110 62	0.2631578947368421 0.00749063670411985
73 46 111 36	0.020443154840411502 0.02247191011235955
73 46 111 62	0.21313868613138687 0.026217228464419477
73 51 116 36	0.06451612903225806 0.00749063670411985
73 51 116 62	0.4583333333333333 0.0149812734082397
73 62	1.0 0.00749063670411985
73 62 101 36	0.9444444444444444 0.00749063670411985
73 62 101 62	1.0 0.00749063670411985
73 62 127 36	0.9322033898305084 0.00749063670411985
73 62 127 62	1.0 0.00749063670411985
73 73 8 62	1.0 0.0149812734082397
73 73 36	0.5882352941176471 0.0149812734082397
73 73 62	1.0 0.04119850187265917
73 73 73 62	1.0 0.0149812734082397
73 109 44 62	0.65 0.00749063670411985
79 14 62	1.0 0.003745318352059925
88 6 71 62	0.4 0.011235955056179775
88 12 77 62	1.0 0.003745318352059925
88 12 104 36	0.14285714285714285 0.003745318352059925
88 12 104 62	1.0 0.003745318352059925
88 16 81 62	0.2857142857142857 0.00749063670411985
88 20 85 36	0.029411764705882353 0.003745318352059925
88 20 85 62	0.5555555555555556 0.011235955056179775
88 23 23 62	1.0 0.0149812734082397
88 23 36	0.5 0.02247191011235955
88 23 62	1.0 0.056179775280898875
88 23 88 62	1.0 0.0149812734082397
88 24 89 36	0.015463917525773196 0.003745318352059925
88 24 89 62	0.18181818181818182 0.00749063670411985
88 35 100 36	0.05112474437627812 0.00749063670411985
88 35 100 62	0.30303030303030304 0.00749063670411985
88 36 101 36	0.0011123470522803114 0.003745318352059925
88 36 101 62	0.38461538461538464 0.00749063670411985
88 39 104 62	1.0 0.00749063670411985
88 39 105 62	0.5 0.003745318352059925
88 40 104 36	0.02040816326530612 0.003745318352059925
88 40 104 62	0.5 0.00749063670411985
88 40 105 62	0.6666666666666666 0.00749063670411985
88 45 110 36	0.00851063829787234 0.003745318352059925
88 45 110 62	0.1794871794871795 0.00749063670411985
88 46 111 36	0.008541954136277022 0.03745318352059925
88 46 111 62	0.11844938980617373 0.04868913857677903
88 51 116 36	0.02830188679245283 0.003745318352059925
88 51 116 62	0.5 0.011235955056179775
88 57 122 36	0.047619047619047616 0.003745318352059925
88 57 122 62	0.5 0.003745318352059925
88 62	1.0 0.0149812734082397
88 62 13 78	0.07407407407407407 0.00749063670411985
88 62 64 129	0.13513513513513514 0.00749063670411985
88 62 101 36	1.0 0.00749063670411985
88 62 127 62	1.0 0.0149812734082397
88 67 2 62	0.8333333333333334 0.011235955056179775
88 69 2 62	0.5 0.003745318352059925
88 88 23 62	1.0 0.0149812734082397
88 88 36	0.5 0.02247191011235955
88 88 62	1.0 0.056179775280898875
88 88 88 62	1.0 0.0149812734082397
96 31 62	1.0 0.00749063670411985
96 55 62	1.0 0.003745318352059925
109 1 66 36	0.028680688336520075 0.018726591760299626
109 1 66 62	0.23529411764705882 0.02247191011235955
109 6 71 36	0.02333931777378815 0.011235955056179775
109 6 71 62	0.12962962962962962 0.018726591760299626
109 12 77 62	0.05263157894736842 0.003745318352059925
109 12 104 36	0.013513513513513514 0.003745318352059925
109 12 104 62	0.22727272727272727 0.003745318352059925
109 16 81 62	0.058823529411764705 0.003745318352059925
109 20 77 62	1.0 0.003745318352059925
109 20 85 36	0.03199343724364233 0.02247191011235955
109 20 85 62	0.25 0.026217228464419477
109 22 87 36	0.11494252873563218 0.011235955056179775
109 22 87 62	0.5 0.0149812734082397
109 22 116 36	0.010610079575596816 0.00749063670411985
109 22 116 62	0.09090909090909091 0.00749063670411985
109 24 89 36	0.0291005291005291 0.003745318352059925
109 24 89 62	0.03125 0.003745318352059925
109 35 100 36	0.03549107142857143 0.026217228464419477
109 35 100 62	0.2533783783783784 0.02247191011235955
109 36 101 62	0.1111111111111111 0.0149812734082397
109 37 102 36	0.039603960396039604 0.00749063670411985
109 37 102 62	0.36363636363636365 0.011235955056179775
109 39 105 36	0.008771929824561403 0.003745318352059925
109 40 104 36	0.018957345971563982 0.011235955056179775
109 40 105 62	0.2222222222222222 0.00749063670411985
109 41 106 62	0.06779661016949153 0.003745318352059925
109 43 81 36	0.007692307692307693 0.00749063670411985
109 43 81 62	0.08108108108108109 0.011235955056179775
109 43 108 62	0.1 0.00749063670411985
109 43 110 36	0.125 0.003745318352059925
109 43 110 62	1.0 0.003745318352059925
109 44 8 36	0.5714285714285714 0.00749063670411985
109 44 36	0.31097560975609756 0.04868913857677903
109 44 44 36	0.21761658031088082 0.0149812734082397
109 44 44 62	0.5471698113207547 0.026217228464419477
109 44 50 36	0.5 0.003745318352059925
109 44 50 62	1.0 0.003745318352059925
109 44 62	0.7954545454545454 0.08239700374531835
109 44 73 36	0.5714285714285714 0.00749063670411985
109 44 109 36	0.02702702702702703 0.018726591760299626
109 44 109 62	0.3263157894736842 0.02247191011235955
109 44 115 62	1.0 0.003745318352059925
109 45 110 36	0.010710460549803642 0.026217228464419477
109 45 110 62	0.10091743119266056 0.0299625468164794
109 46 102 36	0.01834862385321101 0.003745318352059925
109 46 111 36	0.029056083110137163 0.056179775280898875
109 46 111 62	0.2153987167736022 0.08239700374531835
109 51 116 36	0.021323127392017496 0.0149812734082397
109 51 116 62	0.200836820083682 0.026217228464419477
109 57 122 36	0.03278688524590164 0.00749063670411985
109 57 122 62	0.3333333333333333 0.00749063670411985
109 62	0.25 0.003745318352059925
109 62 101 36	0.5789473684210527 0.003745318352059925
109 62 127 36	0.1111111111111111 0.003745318352059925
109 62 127 62	0.1232876712328767 0.003745318352059925
109 109 44 36	0.15816326530612246 0.02247191011235955
109 109 44 62	0.543859649122807 0.026217228464419477
109 109 62	0.4 0.00749063670411985
115 1 66 36	0.10714285714285714 0.003745318352059925
115 20 85 36	0.03857566765578635 0.00749063670411985
115 20 85 62	0.2857142857142857 0.00749063670411985
115 22 87 36	0.29411764705882354 0.003745318352059925
115 24 89 62	0.21428571428571427 0.00749063670411985
115 35 100 36	0.04208754208754209 0.003745318352059925
115 35 100 62	0.22727272727272727 0.00749063670411985
115 40 104 62	0.2 0.003745318352059925
115 45 110 62	0.15789473684210525 0.003745318352059925
115 46 111 36	0.008595988538681949 0.003745318352059925
115 46 111 62	0.12590799031476999 0.0149812734082397
115 50 36	0.5 0.00749063670411985
115 50 62	1.0 0.018726591760299626
115 51 116 36	0.0410958904109589 0.003745318352059925
115 67 2 62	1.0 0.00749063670411985
115 69 2 62	1.0 0.003745318352059925
115 109 44 36	0.5 0.003745318352059925
115 115 36	0.5 0.00749063670411985
115 115 62	1.0 0.018726591760299626
115 120 2 62	1.0 0.003745318352059925
120 6 71 62	0.25 0.003745318352059925
120 31 62	1.0 0.003745318352059925
120 55 62	1.0 0.00749063670411985
121 35 100 36	0.0502092050209205 0.003745318352059925
121 35 100 62	0.3 0.003745318352059925
121 46 111 36	0.013219284603421462 0.003745318352059925
121 46 111 62	0.10714285714285714 0.003745318352059925
121 56 36	0.5 0.003745318352059925
121 56 62	1.0 0.003745318352059925
123 1 66 62	0.2857142857142857 0.00749063670411985
123 6 71 62	0.5 0.00749063670411985
123 12 105 62	1.0 0.003745318352059925
123 20 85 36	0.04954954954954955 0.003745318352059925
123 20 85 62	0.3333333333333333 0.00749063670411985
123 39 105 36	0.125 0.003745318352059925
123 39 105 62	0.5 0.003745318352059925
123 40 77 62	1.0 0.00749063670411985
123 46 102 36	0.1111111111111111 0.003745318352059925
123 46 111 36	0.026036131774707757 0.0149812734082397
123 46 111 62	0.08949416342412451 0.02247191011235955
123 51 116 36	0.03676470588235294 0.00749063670411985
123 51 116 62	0.13636363636363635 0.011235955056179775
123 57 105 62	0.6666666666666666 0.00749063670411985
123 57 122 36	0.25 0.003745318352059925
123 57 122 62	1.0 0.003745318352059925
123 58 36	0.6666666666666666 0.00749063670411985
123 58 62	1.0 0.026217228464419477
123 65 116 62	1.0 0.003745318352059925
