1 66 6 71	6.854009595613434e-06 0.0016051364365971107
1 66 20 86	0.006412274258799389 0.025682182985553772
1 66 20 126	0.005389452072372642 0.0032102728731942215
1 66 44 67	0.020618556701030927 0.0032102728731942215
1 66 58 67	0.09375 0.004815409309791332
1 66 67	0.016885553470919325 0.025682182985553772
1 66 69	0.40963855421686746 0.052969502407704656
1 66 83 86	0.0032258064516129032 0.02086677367576244
1 66 86	0.011560693641618497 0.0032102728731942215
1 66 120	0.10526315789473684 0.0032102728731942215
1 85 20 86	0.012066365007541479 0.012841091492776886
6 71	0.0022304832713754648 0.014446227929373997
6 71 2 67	0.007411688709074219 0.01765650080256822
6 71 2 69	0.059541984732824425 0.016051364365971106
6 71 4 67	0.02823920265780731 0.008025682182985553
6 71 4 69	0.021892655367231638 0.016051364365971106
6 71 6 71	0.0017872572563216835 0.01765650080256822
6 71 6 87	0.0006854009595613434 0.0016051364365971107
6 71 12 126	0.0013882461823229986 0.004815409309791332
6 71 20 86	0.0008989033379277282 0.009630818619582664
6 71 20 126	0.0030917874396135265 0.009630818619582664
6 71 21 86	0.0008255675777096754 0.006420545746388443
6 71 23 67	0.005235602094240838 0.0016051364365971107
6 71 23 69	0.25 0.0016051364365971107
6 71 39 126	0.0037970314118053157 0.006420545746388443
6 71 40 126	0.003798219584569733 0.004815409309791332
6 71 44 67	0.034482758620689655 0.0016051364365971107
6 71 44 69	0.125 0.0016051364365971107
6 71 53 126	0.0005268703898840885 0.0016051364365971107
6 71 55 67	0.1111111111111111 0.0016051364365971107
6 71 55 69	0.013513513513513514 0.0016051364365971107
6 71 61 86	0.0012793858947705101 0.004815409309791332
6 71 61 126	0.0037975982756851072 0.01765650080256822
6 71 67	0.01380952380952381 0.030497592295345103
6 71 69	0.5979381443298969 0.06581059390048154
6 71 88 67	0.006060606060606061 0.0016051364365971107
6 71 88 69	0.25 0.0016051364365971107
6 71 109 67	0.6666666666666666 0.0016051364365971107
6 71 109 69	0.6666666666666666 0.0016051364365971107
6 87	0.013888888888888888 0.0016051364365971107
6 87 2 67	0.03076923076923077 0.0032102728731942215
6 87 2 69	0.08 0.0032102728731942215
6 87 4 67	0.05263157894736842 0.0016051364365971107
6 87 4 69	0.045454545454545456 0.0032102728731942215
6 87 6 71	0.0007078572150874709 0.0016051364365971107
6 87 20 86	0.00186219739292365 0.004815409309791332
6 87 22 87	0.016229712858926344 0.0016051364365971107
6 87 67	0.6666666666666666 0.004815409309791332
6 87 69	0.5454545454545454 0.009630818619582664
8 8 67	0.22727272727272727 0.008025682182985553
8 8 69	1.0 0.016051364365971106
8 8 88 67	0.25 0.0016051364365971107
8 20 18 86	0.001160092807424594 0.006420545746388443
8 20 86	0.0023837902264600714 0.0032102728731942215
8 40 105 67	0.01694915254237288 0.0032102728731942215
8 40 105 69	0.25 0.006420545746388443
8 43 108 69	0.13636363636363635 0.004815409309791332
8 46 111 67	0.0014870538838348496 0.012841091492776886
8 46 111 69	0.006830601092896175 0.008025682182985553
8 67	0.09523809523809523 0.0032102728731942215
8 67 2 67	0.05308775731310943 0.008025682182985553
8 67 2 69	0.12 0.004815409309791332
8 67 4 67	0.21052631578947367 0.0032102728731942215
8 67 4 69	0.35294117647058826 0.004815409309791332
8 67 6 71	0.0019049753473778575 0.004815409309791332
8 67 61 126	0.005208333333333333 0.0016051364365971107
8 73 8 67	0.09523809523809523 0.0032102728731942215
8 73 20 86	0.004739336492890996 0.004815409309791332
8 73 67	0.28 0.011235955056179775
8 73 69	1.0 0.02086677367576244
8 123 58 67	0.09090909090909091 0.0032102728731942215
10 75 67	0.03333333333333333 0.0032102728731942215
10 75 69	1.0 0.004815409309791332
12 15 100 67	0.00646551724137931 0.004815409309791332
12 15 100 69	0.09375 0.009630818619582664
12 30 85 67	0.011406844106463879 0.004815409309791332
12 30 86	0.007905138339920948 0.0032102728731942215
12 77 12 86	0.005063291139240506 0.0032102728731942215
12 77 20 86	0.004012483281319661 0.009630818619582664
12 77 23 67	0.041666666666666664 0.0016051364365971107
12 77 39 126	0.0009478672985781991 0.0016051364365971107
12 77 40 126	0.00202020202020202 0.0032102728731942215
12 77 67	0.06372549019607843 0.01765650080256822
12 77 69	0.9069767441860465 0.0593900481540931
12 85 20 86	0.00442796828338997 0.0016051364365971107
12 85 69	0.07692307692307693 0.0016051364365971107
12 99 85 67	0.004761904761904762 0.004815409309791332
12 99 86	0.004885993485342019 0.004815409309791332
12 104 6 71	5.873715124816446e-05 0.0032102728731942215
12 104 20 86	0.006740786133239954 0.009630818619582664
12 104 57 86	0.008888888888888889 0.0032102728731942215
12 104 58 67	0.25 0.0032102728731942215
12 104 69	0.04225352112676056 0.004815409309791332
12 105 20 86	0.00608813060022094 0.008025682182985553
12 105 50 67	0.022727272727272728 0.0016051364365971107
12 105 67	0.004761904761904762 0.0032102728731942215
12 105 69	0.14814814814814814 0.006420545746388443
12 105 73 67	0.04 0.0016051364365971107
12 105 115 67	0.023255813953488372 0.0016051364365971107
12 117 81 67	0.009009009009009009 0.0032102728731942215
12 121 56 67	0.5 0.0016051364365971107
12 126 2 67	0.0036706869428421605 0.011235955056179775
12 126 2 69	0.017094017094017096 0.0016051364365971107
12 126 6 71	0.000882324994230952 0.024077046548956663
12 126 21 86	0.0035236938031591738 0.008025682182985553
12 126 61 126	0.0006490696668109044 0.008025682182985553
16 14 20 86	0.004524886877828055 0.004815409309791332
16 28 52 86	0.012 0.004815409309791332
16 28 77 69	0.2 0.004815409309791332
16 28 99 86	0.012 0.004815409309791332
16 28 104 69	0.06666666666666667 0.0016051364365971107
16 28 105 67	0.03333333333333333 0.0032102728731942215
16 30 18 86	0.0003604253018561903 0.004815409309791332
16 30 27 86	0.0009685230024213075 0.0032102728731942215
16 30 27 126	0.0037313432835820895 0.0016051364365971107
16 30 83 86	0.0003602954422626554 0.004815409309791332
16 30 85 67	0.010869565217391304 0.012841091492776886
16 30 85 69	0.06299212598425197 0.025682182985553772
16 30 86	0.006586826347305389 0.01765650080256822
16 30 92 86	0.0009685230024213075 0.0032102728731942215
16 30 92 126	0.0037313432835820895 0.0016051364365971107
16 30 126	0.009009009009009009 0.0032102728731942215
16 32 81 67	0.0029154518950437317 0.0016051364365971107
16 32 108 69	0.14285714285714285 0.0032102728731942215
16 33 81 67	0.002890173410404624 0.0016051364365971107
16 33 81 69	0.034482758620689655 0.0016051364365971107
16 33 108 67	0.017857142857142856 0.0016051364365971107
16 33 108 69	0.14285714285714285 0.0032102728731942215
16 52 52 126	0.05263157894736842 0.0016051364365971107
16 52 77 67	0.009852216748768473 0.0032102728731942215
16 52 99 126	0.008064516129032258 0.0016051364365971107
16 52 104 69	0.05434782608695652 0.008025682182985553
16 52 105 67	0.003179650238473768 0.0032102728731942215
16 52 126	0.015384615384615385 0.0032102728731942215
16 56 77 67	0.07142857142857142 0.0016051364365971107
16 56 105 67	0.015151515151515152 0.0016051364365971107
16 81 1 86	0.002967359050445104 0.0032102728731942215
16 81 6 87	0.003870967741935484 0.0016051364365971107
16 81 8 67	0.036458333333333336 0.006420545746388443
16 81 8 69	0.24 0.004815409309791332
16 81 12 126	0.002444528018051899 0.012841091492776886
16 81 20 86	0.005132598331346842 0.0593900481540931
16 81 20 126	0.0033259423503325942 0.011235955056179775
16 81 23 67	0.006756756756756757 0.004815409309791332
16 81 23 69	0.3157894736842105 0.004815409309791332
16 81 39 86	0.022727272727272728 0.0016051364365971107
16 81 39 126	0.005360878661087866 0.016051364365971106
16 81 40 86	0.0013271400132714001 0.0016051364365971107
16 81 40 126	0.0036879749664729547 0.027287319422150885
16 81 50 67	0.023148148148148147 0.008025682182985553
16 81 58 67	0.05309734513274336 0.004815409309791332
16 81 67	0.022727272727272728 0.08186195826645265
16 81 69	0.3802612481857765 0.3146067415730337
16 81 73 67	0.01910828025477707 0.0032102728731942215
16 81 73 69	0.24 0.004815409309791332
16 81 88 67	0.0029940119760479044 0.0016051364365971107
16 81 88 69	0.35294117647058826 0.004815409309791332
16 81 115 67	0.026041666666666668 0.008025682182985553
16 81 120	0.11904761904761904 0.008025682182985553
16 97 81 67	0.00390625 0.0016051364365971107
16 98 28 126	0.25 0.0016051364365971107
16 98 52 126	0.08695652173913043 0.0016051364365971107
16 98 81 67	0.00390625 0.0016051364365971107
16 98 81 69	0.02857142857142857 0.0016051364365971107
16 108 20 86	0.008107265357031494 0.025682182985553772
16 108 20 126	0.004213938411669368 0.004815409309791332
16 108 39 126	0.004457652303120356 0.006420545746388443
16 108 40 126	0.002434782608695652 0.004815409309791332
16 108 67	0.04838709677419355 0.0032102728731942215
16 108 69	0.06521739130434782 0.004815409309791332
20 1 66 86	0.015315890236119975 0.014446227929373997
20 3 68 86	0.004336909381419767 0.060995184590690206
20 14 79 126	0.16666666666666666 0.0016051364365971107
20 15 80 86	0.006906239026103243 0.06420545746388442
20 15 80 95	1.8811136192626035e-05 0.0016051364365971107
20 15 100 67	0.007071147970318638 0.052969502407704656
20 15 100 69	0.051655629139072845 0.0738362760834671
20 18 18 86	0.0019579429961890703 0.1476725521669342
20 18 18 126	0.0008052135169722719 0.028892455858747994
20 18 19 126	0.00039269585705870805 0.0016051364365971107
20 18 27 86	0.0019226709079904851 0.13162118780096307
20 18 27 126	0.0009417389572052086 0.02086677367576244
20 18 34 126	0.0004528472772557455 0.004815409309791332
20 18 83 86	0.0021526003179769227 0.1476725521669342
20 18 83 126	0.0009772666591254902 0.028892455858747994
20 18 85 67	0.0010720202709287594 0.052969502407704656
20 18 85 69	0.0029515938606847697 0.016051364365971106
20 18 86	0.0008157438564290813 0.048154093097913325
20 18 92 86	0.0018842938725963528 0.13162118780096307
20 18 92 126	0.0009466076857262484 0.019261637239165328
20 18 95 126	0.0011337868480725624 0.004815409309791332
20 18 126	0.0006554153694904145 0.011235955056179775
20 19 84 86	0.003671752459717667 0.11396468699839486
20 27 18 86	0.002154632721202003 0.1348314606741573
20 27 18 126	0.000793629798153488 0.02086677367576244
20 27 27 86	0.004335386045430779 0.13162118780096307
20 27 27 126	0.002897430944562488 0.014446227929373997
20 27 83 86	0.002155033828817321 0.1348314606741573
20 27 83 126	0.0007934618741569468 0.02086677367576244
20 27 85 67	0.0016359403510979678 0.027287319422150885
20 27 85 69	0.003345880384776244 0.006420545746388443
20 27 86	0.0014348917852445295 0.038523274478330656
20 27 92 86	0.004363776219638472 0.13162118780096307
20 27 92 126	0.0030518145027532673 0.014446227929373997
20 27 95 126	0.0019828155981493722 0.0016051364365971107
20 27 117 126	0.027777777777777776 0.0016051364365971107
20 27 126	0.0012335526315789473 0.004815409309791332
20 33 98 86	0.030821917808219176 0.011235955056179775
20 33 98 126	0.028925619834710745 0.008025682182985553
20 34 30 86	0.008265682656826569 0.06902086677367576
20 34 30 126	0.005368098159509203 0.009630818619582664
20 34 52 86	0.012135922330097087 0.008025682182985553
20 34 52 126	0.0011299435028248588 0.0032102728731942215
20 34 99 86	0.005059142083511472 0.1332263242375602
20 34 104 69	0.08858267716535433 0.04333868378812199
20 34 105 67	0.0035694157430020664 0.01765650080256822
20 34 105 69	0.07142857142857142 0.038523274478330656
20 34 105 120	0.25 0.0016051364365971107
20 34 126	0.0022087244616234127 0.011235955056179775
20 45 110 86	0.0024963918585723865 0.1476725521669342
20 45 110 126	0.0013936540595875797 0.028892455858747994
20 56 66 86	0.012121212121212121 0.0032102728731942215
20 56 121 86	0.037037037037037035 0.004815409309791332
20 77 12 86	0.0047200878155872665 0.12841091492776885
20 77 12 126	0.004291108822519739 0.01765650080256822
20 77 20 86	0.0042834611800129044 0.11556982343499198
20 77 20 126	0.004036657211433559 0.016051364365971106
20 77 40 126	0.004016064257028112 0.0016051364365971107
20 77 69	0.1 0.0016051364365971107
20 83 18 86	0.0020269988668800594 0.1476725521669342
20 83 18 126	0.0004572378941264835 0.028892455858747994
20 83 19 126	0.00038095238095238096 0.0016051364365971107
20 83 27 86	0.0022310891459886547 0.13162118780096307
20 83 27 126	0.0010994215351307465 0.02086677367576244
20 83 34 126	0.00045034902049088043 0.004815409309791332
20 83 77 67	0.0005668934240362812 0.0016051364365971107
20 83 83 86	0.002012930057693044 0.1476725521669342
20 83 83 126	0.0004887931595215976 0.028892455858747994
20 83 85 67	0.0010724906157071126 0.052969502407704656
20 83 85 69	0.0029529012254540087 0.016051364365971106
20 83 86	0.0008148631029986962 0.048154093097913325
20 83 92 86	0.002208012527730654 0.13162118780096307
20 83 92 126	0.0011313616998709542 0.019261637239165328
20 83 95 126	0.001121327651939897 0.004815409309791332
20 83 126	0.00065359477124183 0.011235955056179775
20 85 1 86	0.004328018223234624 0.060995184590690206
20 85 6 71	1.660037787378671e-05 0.025682182985553772
20 85 8 67	0.012642225031605562 0.014446227929373997
20 85 12 86	0.004223119978746988 0.08507223113964688
20 85 12 126	0.0037633819284592055 0.03210272873194221
20 85 20 86	0.004904813284075177 0.14606741573033707
20 85 20 126	0.003674736642423673 0.02086677367576244
20 85 23 69	0.06007067137809187 0.025682182985553772
20 85 39 86	0.004894578313253012 0.1187800963081862
20 85 39 126	0.007032508051529791 0.03531300160513644
20 85 40 86	0.0045536325568806026 0.08346709470304976
20 85 40 126	0.007386604993628168 0.03210272873194221
20 85 57 86	0.00473186119873817 0.06581059390048154
20 85 57 126	0.001279317697228145 0.009630818619582664
20 85 67	0.010269882971101027 0.09309791332263243
20 85 69	0.07950617283950617 0.18940609951845908
20 85 88 67	0.013325608342989572 0.025682182985553772
20 85 88 69	0.08808290155440414 0.025682182985553772
20 85 120	0.04878048780487805 0.006420545746388443
20 86	0.006379465625938156 0.1348314606741573
20 86 2 67	0.004353039026129036 0.12680577849117175
20 86 2 69	0.03153947948831054 0.07865168539325842
20 86 4 67	0.019850537132181222 0.048154093097913325
20 86 4 69	0.015852420173756064 0.14606741573033707
20 86 4 120	0.03508771929824561 0.006420545746388443
20 86 6 71	0.0005561983626333251 0.1187800963081862
20 86 17 82	0.06521739130434782 0.004815409309791332
20 86 21 86	0.004167988048490049 0.14125200642054575
20 86 21 126	0.002769476066512765 0.019261637239165328
20 86 30 86	0.004876428096799777 0.12520064205457465
20 86 30 126	0.004201680672268907 0.011235955056179775
20 86 53 86	0.007038712921065862 0.0449438202247191
20 86 61 86	0.004219525648097077 0.12520064205457465
20 86 61 126	0.0018798405895180089 0.0449438202247191
20 92 18 86	0.002181852082261381 0.1348314606741573
20 92 18 126	0.0009165383198057316 0.02086677367576244
20 92 27 86	0.004354050646212041 0.1332263242375602
20 92 27 126	0.0029212968266697217 0.016051364365971106
20 92 83 86	0.0021847226869405115 0.1348314606741573
20 92 83 126	0.0009160709057769132 0.02086677367576244
20 92 85 67	0.0016116035455278 0.027287319422150885
20 92 85 69	0.003345880384776244 0.006420545746388443
20 92 86	0.0014245014245014246 0.038523274478330656
20 92 92 86	0.00437175799035042 0.13162118780096307
20 92 92 126	0.003174388761312981 0.014446227929373997
20 92 126	0.0012335526315789473 0.004815409309791332
20 95 2 67	0.02 0.0016051364365971107
20 95 21 86	0.004899427143903175 0.12520064205457465
20 95 28 126	0.012690355329949238 0.011235955056179775
20 95 30 86	0.005467066402425124 0.13162118780096307
20 95 30 126	0.0029987933849102135 0.016051364365971106
20 95 33 86	0.004446978335233751 0.06260032102728733
20 95 52 86	0.0047678727114210985 0.06902086677367576
20 95 52 126	0.005917159763313609 0.016051364365971106
20 95 81 67	0.0205761316872428 0.014446227929373997
20 95 81 69	0.08695652173913043 0.025682182985553772
20 95 99 86	0.00967533863685229 0.07223113964686999
20 95 104 67	0.011274934952298352 0.019261637239165328
20 95 104 69	0.10355987055016182 0.0449438202247191
20 95 105 69	0.1021671826625387 0.04654895666131621
20 95 126	0.010178117048346057 0.012841091492776886
20 98 30 86	0.004446978335233751 0.06260032102728733
20 98 30 126	0.004464285714285714 0.004815409309791332
20 98 33 86	0.004446978335233751 0.06260032102728733
20 98 52 86	0.004336909381419767 0.060995184590690206
20 104 20 86	0.004729672321504432 0.1187800963081862
20 104 20 126	0.006973140495867769 0.012841091492776886
20 104 39 86	0.005278071473884542 0.12359550561797752
20 104 39 126	0.007311636201515827 0.016051364365971106
20 104 57 86	0.2 0.0016051364365971107
20 105 12 126	0.13333333333333333 0.0032102728731942215
20 105 20 86	0.004578353544441879 0.08346709470304976
20 105 20 126	0.004383780013948391 0.012841091492776886
20 105 40 86	0.005185749258953914 0.13162118780096307
20 105 40 126	0.00689506571859513 0.016051364365971106
20 105 69	0.3333333333333333 0.0016051364365971107
20 108 20 86	0.011111111111111112 0.0032102728731942215
20 117 30 86	0.004433024621639936 0.06581059390048154
20 117 52 86	0.0045686417400078476 0.07223113964686999
20 117 104 69	0.2 0.006420545746388443
20 117 105 69	0.16666666666666666 0.004815409309791332
20 117 126	0.020833333333333332 0.0016051364365971107
20 118 21 86	0.007038712921065862 0.0449438202247191
20 118 21 126	0.003003003003003003 0.0032102728731942215
20 118 53 86	0.007157207433450528 0.04654895666131621
20 121 30 126	0.041666666666666664 0.0016051364365971107
20 122 20 86	0.004771642808452625 0.06581059390048154
20 122 39 86	0.2 0.0016051364365971107
20 122 57 86	0.006308590295383527 0.11717495987158909
20 126	0.006693440428380187 0.016051364365971106
20 126 2 67	0.003268183274591477 0.07223113964686999
20 126 2 69	0.032879818594104306 0.024077046548956663
20 126 4 69	0.00977696303085854 0.04654895666131621
20 126 6 71	0.0005822250799824352 0.09791332263242375
20 126 21 86	0.0041933247378791935 0.12841091492776885
20 126 21 126	0.003281788853042608 0.019261637239165328
20 126 61 86	0.005649732641798918 0.13162118780096307
20 126 61 126	0.0033495684867128088 0.016051364365971106
22 71 20 86	0.0625 0.0016051364365971107
22 71 67	0.42857142857142855 0.004815409309791332
22 71 69	0.6 0.009630818619582664
22 87 67	0.17857142857142858 0.006420545746388443
22 87 69	0.8 0.019261637239165328
22 116 67	0.005319148936170213 0.0016051364365971107
22 116 69	0.038461538461538464 0.0016051364365971107
23 6 71 67	0.0029498525073746312 0.0016051364365971107
23 6 71 69	0.25 0.0016051364365971107
23 12 104 69	0.0625 0.0016051364365971107
23 16 14 67	0.2857142857142857 0.0032102728731942215
23 16 52 126	0.16666666666666666 0.0016051364365971107
23 16 81 69	0.3 0.004815409309791332
23 16 108 67	1.0 0.0016051364365971107
23 20 85 67	0.01885014137606032 0.016051364365971106
23 20 85 69	0.0975609756097561 0.019261637239165328
23 20 86	0.009598603839441536 0.01765650080256822
23 22 116 67	0.010638297872340425 0.0032102728731942215
23 23 20 86	0.007452574525745257 0.01765650080256822
23 23 23 67	0.21052631578947367 0.011235955056179775
23 23 35 103	0.0033222591362126247 0.0016051364365971107
23 23 39 126	0.05714285714285714 0.0032102728731942215
23 23 67	0.41509433962264153 0.028892455858747994
23 23 69	0.9375 0.06420545746388442
23 23 88 67	0.23529411764705882 0.011235955056179775
23 24 89 67	0.0058823529411764705 0.0016051364365971107
23 35 80 86	0.016786570743405275 0.011235955056179775
23 35 100 67	0.013397129186602871 0.016051364365971106
23 35 100 69	0.06884057971014493 0.024077046548956663
23 35 103	0.003745318352059925 0.0016051364365971107
23 36 101 67	0.006430868167202572 0.0032102728731942215
23 39 77 67	0.0055248618784530384 0.0016051364365971107
23 39 104 67	0.014925373134328358 0.0032102728731942215
23 39 105 67	0.005208333333333333 0.0016051364365971107
23 39 126	0.008733624454148471 0.0032102728731942215
23 40 77 67	0.009009009009009009 0.0016051364365971107
23 40 99 86	0.0034782608695652175 0.0032102728731942215
23 40 104 67	0.008547008547008548 0.0016051364365971107
23 40 104 69	0.13793103448275862 0.006420545746388443
23 40 105 67	0.035422343324250684 0.016051364365971106
23 40 105 69	0.14285714285714285 0.004815409309791332
23 40 126	0.0111731843575419 0.0032102728731942215
23 46 111 67	0.0011517091011394008 0.0449438202247191
23 46 111 69	0.007650273224043716 0.025682182985553772
23 51 87 67	0.05263157894736842 0.0016051364365971107
23 51 116 67	0.013043478260869565 0.004815409309791332
23 57 122 69	0.5 0.0016051364365971107
23 58 123 67	0.3333333333333333 0.0032102728731942215
23 58 123 69	1.0 0.0032102728731942215
23 67	0.2978723404255319 0.02247191011235955
23 67 2 67	0.10494505494505495 0.03210272873194221
23 67 2 69	0.5714285714285714 0.012841091492776886
23 67 4 69	0.6186440677966102 0.04173354735152488
23 67 4 120	0.6153846153846154 0.004815409309791332
23 67 6 71	0.005975441591700046 0.03210272873194221
23 67 55 69	0.76 0.02086677367576244
23 67 55 120	0.625 0.004815409309791332
23 67 61 126	0.013824884792626729 0.012841091492776886
23 88 20 86	0.009928295642581356 0.028892455858747994
23 88 23 67	0.2459016393442623 0.02247191011235955
23 88 39 126	0.05714285714285714 0.0032102728731942215
23 88 67	0.4107142857142857 0.030497592295345103
23 88 69	1.0 0.09149277688603531
23 88 88 67	0.24242424242424243 0.011235955056179775
23 88 120	1.0 0.004815409309791332
24 89 6 87	0.0012300123001230013 0.0016051364365971107
24 89 12 126	0.00115990057995029 0.004815409309791332
24 89 20 86	0.0034577387486278816 0.008025682182985553
24 89 20 126	0.0004017677782241864 0.0016051364365971107
24 89 39 126	0.0011001650247537131 0.004815409309791332
24 89 40 126	0.0011173184357541898 0.006420545746388443
24 89 67	0.004969918911849333 0.025682182985553772
24 89 69	0.14414414414414414 0.051364365971107544
24 89 115 67	0.0017452006980802793 0.0016051364365971107
26 91 69	1.0 0.0016051364365971107
35 80 15 103	2.5157232704402517e-05 0.0032102728731942215
35 80 18 86	0.0013590478258737487 0.08025682182985554
35 80 18 126	0.0007624857033930614 0.012841091492776886
35 80 27 86	0.001529371991564306 0.08346709470304976
35 80 27 95	2.9948099942799128e-06 0.0016051364365971107
35 80 27 126	0.0012354152367879203 0.012841091492776886
35 80 28 86	0.006802721088435374 0.0032102728731942215
35 80 28 95	0.0006435006435006435 0.0016051364365971107
35 80 30 86	0.004675635240964752 0.0593900481540931
35 80 30 95	4.1710086867095315e-08 0.0016051364365971107
35 80 34 126	0.012720156555772993 0.014446227929373997
35 80 45 86	0.006802721088435374 0.0032102728731942215
35 80 52 86	0.011801242236024845 0.012841091492776886
35 80 77 69	0.08695652173913043 0.009630818619582664
35 80 83 86	0.0013466502076085736 0.08025682182985554
35 80 83 126	0.0007243614182234084 0.012841091492776886
35 80 85 67	0.008071192052980132 0.06420545746388442
35 80 85 69	0.06310679611650485 0.0738362760834671
35 80 86	0.006245353159851301 0.06741573033707865
35 80 92 86	0.0017119991199361954 0.08346709470304976
35 80 92 126	0.001286624948827417 0.011235955056179775
35 80 95	1.2608750472828143e-05 0.0016051364365971107
35 80 95 126	0.011576626240352812 0.019261637239165328
35 80 104 67	0.006944444444444444 0.01765650080256822
35 80 104 69	0.0858085808580858 0.03531300160513644
35 80 105 67	0.006959314775160599 0.02086677367576244
35 80 105 69	0.06825938566552901 0.025682182985553772
35 80 117 126	0.014577259475218658 0.004815409309791332
35 80 126	0.006316812439261419 0.02086677367576244
35 100 1 86	0.0021420921099607284 0.019261637239165328
35 100 6 71	4.193840227268862e-06 0.025682182985553772
35 100 8 67	0.01596244131455399 0.012841091492776886
35 100 12 86	0.0012280575019865637 0.048154093097913325
35 100 12 126	0.0024122057611514263 0.03531300160513644
35 100 20 86	0.004731128685361874 0.09951845906902086
35 100 20 95	2.4860056795501927e-06 0.0016051364365971107
35 100 20 126	0.002731057144134161 0.01765650080256822
35 100 21 86	0.00847457627118644 0.004815409309791332
35 100 21 126	0.0380952380952381 0.0032102728731942215
35 100 23 67	0.008777239709443099 0.033707865168539325
35 100 23 69	0.03483309143686502 0.030497592295345103
35 100 30 126	0.03571428571428571 0.0016051364365971107
35 100 35 103	0.00019378382998514094 0.0032102728731942215
35 100 37 86	0.002976190476190476 0.0016051364365971107
35 100 39 86	0.0019707207207207205 0.0754414125200642
35 100 39 126	0.004271113100566995 0.04333868378812199
35 100 40 86	0.001291283834119692 0.038523274478330656
35 100 40 126	0.007007115584866366 0.03691813804173355
35 100 49 114	9.502180750482235e-06 0.0016051364365971107
35 100 50 67	0.004475703324808184 0.009630818619582664
35 100 50 69	0.04285714285714286 0.004815409309791332
35 100 57 126	0.0014566642388929353 0.011235955056179775
35 100 58 67	0.014271151885830785 0.016051364365971106
35 100 58 69	0.037037037037037035 0.009630818619582664
35 100 67	0.00610083132207026 0.12520064205457465
35 100 69	0.0405440082114447 0.2231139646869984
35 100 73 67	0.015439429928741092 0.012841091492776886
35 100 88 67	0.010921177587844255 0.024077046548956663
35 100 88 69	0.042328042328042326 0.030497592295345103
35 100 115 67	0.005555555555555556 0.008025682182985553
35 100 115 69	0.04285714285714286 0.004815409309791332
35 100 120	0.026881720430107527 0.008025682182985553
35 100 123 67	0.00872093023255814 0.014446227929373997
35 100 123 69	0.01893939393939394 0.004815409309791332
35 103	0.0012012012012012011 0.0032102728731942215
35 103 6 71	0.0001573300049296735 0.009630818619582664
35 103 21 86	0.006276997840172786 0.05778491171749599
35 103 21 95	0.00014260249554367202 0.0016051364365971107
35 103 30 86	0.0077425598838616015 0.04975922953451043
35 103 30 126	0.0069124423963133645 0.006420545746388443
35 103 38 103	0.0016405320792376994 0.0032102728731942215
36 101 6 71	8.810557162013812e-06 0.008025682182985553
36 101 8 67	0.0036363636363636364 0.0016051364365971107
36 101 20 86	0.0019582838712875923 0.06420545746388442
36 101 20 126	0.0012587446442836048 0.009630818619582664
36 101 23 67	0.015748031496062992 0.012841091492776886
36 101 39 126	0.0005388031139104101 0.02086677367576244
36 101 40 126	0.00045280882977218056 0.014446227929373997
36 101 49 114	1.2932762567412025e-05 0.0016051364365971107
36 101 57 126	0.00041050903119868636 0.0032102728731942215
36 101 58 67	0.004032258064516129 0.0016051364365971107
36 101 67	0.009379885356956748 0.04975922953451043
36 101 69	0.19838709677419356 0.18780096308186195
36 101 88 67	0.01056338028169014 0.004815409309791332
36 101 120	0.11764705882352941 0.0032102728731942215
36 101 123 69	0.5 0.0016051364365971107
36 127 69	0.625 0.008025682182985553
37 102 6 87	0.011764705882352941 0.0016051364365971107
37 102 40 126	0.0005704506560182544 0.0016051364365971107
37 102 67	0.048484848484848485 0.009630818619582664
37 102 69	0.6 0.02086677367576244
39 15 80 86	0.006382978723404255 0.028892455858747994
39 15 100 67	0.007962840079628402 0.02086677367576244
39 15 100 69	0.06403940886699508 0.030497592295345103
39 27 117 126	0.041666666666666664 0.0016051364365971107
39 30 27 86	0.0013204225352112676 0.009630818619582664
39 30 27 126	0.004132231404958678 0.0032102728731942215
39 30 34 126	0.008587786259541985 0.004815409309791332
39 30 83 86	0.000579614142585079 0.008025682182985553
39 30 85 67	0.011601963409192326 0.024077046548956663
39 30 85 69	0.08398950131233596 0.04012841091492777
39 30 86	0.0069821567106283944 0.028892455858747994
39 30 92 86	0.001337196344996657 0.009630818619582664
39 30 92 126	0.004291845493562232 0.0032102728731942215
39 30 95 126	0.010025062656641603 0.009630818619582664
39 30 117 126	0.006968641114982578 0.004815409309791332
39 30 126	0.004166666666666667 0.0032102728731942215
39 52 27 86	0.006060606060606061 0.0016051364365971107
39 52 27 126	0.05555555555555555 0.0016051364365971107
39 52 85 67	0.023668639053254437 0.0032102728731942215
39 52 85 69	0.15384615384615385 0.006420545746388443
39 52 86	0.018518518518518517 0.004815409309791332
39 52 92 86	0.006060606060606061 0.0016051364365971107
39 52 104 67	0.6666666666666666 0.006420545746388443
39 52 105 67	0.058823529411764705 0.0016051364365971107
39 52 126	0.006944444444444444 0.0016051364365971107
39 77 12 126	0.009479553903345725 0.011235955056179775
39 77 20 86	0.004704652378463147 0.038523274478330656
39 77 20 126	0.004146828444171402 0.008025682182985553
39 77 23 69	0.2 0.0016051364365971107
39 77 39 126	0.006296296296296296 0.009630818619582664
39 77 40 126	0.00836690424542919 0.009630818619582664
39 77 67	0.004024144869215292 0.0032102728731942215
39 77 69	0.04225352112676056 0.004815409309791332
39 77 88 69	0.2 0.0016051364365971107
39 85 20 86	0.125 0.0016051364365971107
39 93 21 86	0.007387247278382581 0.027287319422150885
39 93 28 126	0.011830201809324982 0.008025682182985553
39 93 30 86	0.005555065690856185 0.028892455858747994
39 93 56 69	0.3333333333333333 0.0016051364365971107
39 93 81 67	0.034482758620689655 0.0032102728731942215
39 93 108 69	0.3333333333333333 0.0016051364365971107
39 99 27 86	0.0011412919424788862 0.008025682182985553
39 99 30 86	0.13636363636363635 0.0032102728731942215
39 99 34 126	0.008413967185527976 0.006420545746388443
39 99 85 67	0.01153726223885251 0.02247191011235955
39 99 85 69	0.07936507936507936 0.038523274478330656
39 99 86	0.0070802427511800405 0.033707865168539325
39 99 92 86	0.0011168192986374804 0.008025682182985553
39 99 92 126	0.0041928721174004195 0.0032102728731942215
39 99 95 126	0.008339651250947688 0.008025682182985553
39 99 117 126	0.007194244604316547 0.004815409309791332
39 99 126	0.005244755244755245 0.004815409309791332
39 104 6 71	6.852776659442698e-05 0.011235955056179775
39 104 12 126	0.003945291951604419 0.006420545746388443
39 104 20 86	0.006027997808000797 0.04654895666131621
39 104 20 126	0.0027528743246625154 0.009630818619582664
39 104 23 67	0.03816793893129771 0.008025682182985553
39 104 23 69	0.10714285714285714 0.004815409309791332
39 104 39 126	0.012161055371925 0.014446227929373997
39 104 40 86	0.002600780234070221 0.0032102728731942215
39 104 40 126	0.009805701834029417 0.019261637239165328
39 104 57 86	0.006549324600900532 0.025682182985553772
39 104 67	0.02336448598130841 0.04012841091492777
39 104 69	0.2807017543859649 0.17656500802568217
39 104 88 67	0.039603960396039604 0.006420545746388443
39 104 88 69	0.2 0.004815409309791332
39 105 12 126	0.008267090620031796 0.008025682182985553
39 105 20 86	0.005922074275971586 0.0449438202247191
39 105 20 126	0.0032620715075562107 0.006420545746388443
39 105 23 69	0.04938271604938271 0.006420545746388443
39 105 39 126	0.009868528900691781 0.012841091492776886
39 105 40 126	0.012196130692523321 0.009630818619582664
39 105 57 86	0.006170300287947347 0.024077046548956663
39 105 67	0.006997900629811057 0.016051364365971106
39 105 69	0.11428571428571428 0.019261637239165328
39 105 88 69	0.15384615384615385 0.006420545746388443
39 105 123 67	0.017142857142857144 0.004815409309791332
39 105 123 69	0.013333333333333334 0.0016051364365971107
39 117 30 86	0.005993766482857828 0.028892455858747994
39 117 52 126	0.015422885572139304 0.008025682182985553
39 117 81 67	0.008464328899637243 0.011235955056179775
39 118 28 126	0.0125 0.006420545746388443
39 118 53 126	0.011196228638774307 0.008025682182985553
39 118 59 126	0.041666666666666664 0.0016051364365971107
39 121 56 67	0.125 0.0016051364365971107
39 121 56 126	0.007957559681697613 0.004815409309791332
39 122 20 86	0.0037981551817688553 0.006420545746388443
39 122 23 67	1.0 0.0016051364365971107
39 122 39 126	0.00688924218335983 0.004815409309791332
39 122 57 126	0.006995045176333431 0.008025682182985553
39 122 69	0.6 0.004815409309791332
39 122 88 67	1.0 0.0016051364365971107
39 126	0.013793103448275862 0.009630818619582664
39 126 2 67	0.004062288422477996 0.025682182985553772
39 126 2 69	0.02926829268292683 0.014446227929373997
39 126 4 67	0.01545253863134658 0.009630818619582664
39 126 4 69	0.011635027556644213 0.02247191011235955
39 126 6 71	0.00045919282511210763 0.030497592295345103
39 126 21 86	0.0037228845026382644 0.033707865168539325
39 126 21 126	0.003552123552123552 0.004815409309791332
39 126 61 126	0.0070519278322190675 0.009630818619582664
40 15 80 126	0.004024144869215292 0.0032102728731942215
40 15 100 67	0.00629458665547629 0.014446227929373997
40 15 100 69	0.06349206349206349 0.02247191011235955
40 18 83 86	1.0341777841771604e-07 0.0016051364365971107
40 18 86	0.0006849315068493151 0.0016051364365971107
40 27 86	0.002770083102493075 0.0016051364365971107
40 27 92 86	0.0015384615384615385 0.0016051364365971107
40 30 18 86	0.0008769878391019644 0.02086677367576244
40 30 18 126	0.00026219192448872575 0.0016051364365971107
40 30 27 86	0.0013011152416356876 0.009630818619582664
40 30 83 86	0.0008767827916764087 0.02086677367576244
40 30 83 126	0.00026191723415400735 0.0016051364365971107
40 30 85 67	0.010358860525342212 0.02086677367576244
40 30 85 69	0.09455587392550144 0.04333868378812199
40 30 86	0.007883817427385892 0.028892455858747994
40 30 95 126	0.002221673660824488 0.008025682182985553
40 30 117 126	0.0022675736961451248 0.004815409309791332
40 30 126	0.008403361344537815 0.004815409309791332
40 45 110 86	0.0008817786735529382 0.0016051364365971107
40 52 18 86	0.0006142506142506142 0.0016051364365971107
40 52 85 67	0.014492753623188406 0.0016051364365971107
40 52 85 69	0.1875 0.004815409309791332
40 52 104 67	0.3333333333333333 0.006420545746388443
40 52 105 67	0.04 0.0016051364365971107
40 52 117 126	0.001943634596695821 0.0032102728731942215
40 52 126	0.004901960784313725 0.0032102728731942215
40 77 12 126	0.001689788254928549 0.008025682182985553
40 77 20 86	0.004791004644341237 0.027287319422150885
40 77 39 126	0.0014416146083613647 0.0032102728731942215
40 77 40 126	0.0015659955257270694 0.006420545746388443
40 77 67	0.0065040650406504065 0.006420545746388443
40 77 69	0.10810810810810811 0.006420545746388443
40 83 86	0.0006849315068493151 0.0016051364365971107
40 85 69	0.3333333333333333 0.0016051364365971107
40 92 86	0.0027100271002710027 0.0016051364365971107
40 93 21 86	0.01097560975609756 0.012841091492776886
40 93 28 126	0.0016803006853858059 0.0016051364365971107
40 93 30 86	0.010389036251105217 0.02247191011235955
40 93 53 126	0.0013166556945358788 0.0016051364365971107
40 93 81 67	0.006042296072507553 0.0032102728731942215
40 99 18 86	0.0006779661016949153 0.011235955056179775
40 99 19 126	0.005263157894736842 0.0016051364365971107
40 99 27 86	0.0005151983513652757 0.0032102728731942215
40 99 83 86	0.0006761896712027724 0.011235955056179775
40 99 85 67	0.008141112618724558 0.014446227929373997
40 99 85 69	0.06637168141592921 0.033707865168539325
40 99 86	0.004458161865569273 0.02086677367576244
40 99 95 126	0.001591343093570974 0.0032102728731942215
40 99 126	0.0016155088852988692 0.0016051364365971107
40 104 12 126	0.001256544502617801 0.0032102728731942215
40 104 20 86	0.008097222415787492 0.04173354735152488
40 104 20 126	0.0011537352177675222 0.011235955056179775
40 104 39 126	0.001531935957395965 0.006420545746388443
40 104 40 86	0.0013986013986013986 0.0016051364365971107
40 104 40 126	0.0016640540214638852 0.009630818619582664
40 104 58 69	0.3 0.004815409309791332
40 104 67	0.0060882800608828 0.006420545746388443
40 104 69	0.10084033613445378 0.01765650080256822
40 105 6 71	8.778372431228767e-06 0.0032102728731942215
40 105 6 87	0.0006747638326585695 0.0016051364365971107
40 105 8 69	0.3333333333333333 0.006420545746388443
40 105 12 126	0.0016474464579901153 0.008025682182985553
40 105 20 86	0.007966855752029952 0.0449438202247191
40 105 20 126	0.002240446398376733 0.006420545746388443
40 105 23 67	0.023923444976076555 0.008025682182985553
40 105 23 69	0.06666666666666667 0.004815409309791332
40 105 35 103	0.0017286914765906362 0.0016051364365971107
40 105 39 126	0.0017803181147368174 0.016051364365971106
40 105 40 126	0.0016814009559663297 0.0032102728731942215
40 105 58 67	0.02127659574468085 0.0032102728731942215
40 105 67	0.021421616358325218 0.06260032102728733
40 105 69	0.6380597014925373 0.27447833065810595
40 105 88 67	0.026041666666666668 0.008025682182985553
40 105 88 69	0.10714285714285714 0.004815409309791332
40 105 120	0.17857142857142858 0.008025682182985553
40 117 30 86	0.006490787269681742 0.016051364365971106
40 118 21 86	0.013769363166953529 0.006420545746388443
40 118 30 86	0.009263547938860583 0.011235955056179775
40 118 53 126	0.0017100013153856272 0.0032102728731942215
40 121 30 86	0.011611030478955007 0.012841091492776886
40 121 56 126	0.0020470829068577278 0.0032102728731942215
40 121 81 67	0.25 0.0016051364365971107
40 122 39 126	0.0016455101081335214 0.0016051364365971107
40 122 57 126	0.0016248153618906942 0.0016051364365971107
40 126	0.002207505518763797 0.0032102728731942215
40 126 2 67	0.0010035324341682724 0.014446227929373997
40 126 4 69	0.005259203606311044 0.008025682182985553
40 126 6 71	0.0008027889720463123 0.0449438202247191
40 126 21 86	0.002345380058177609 0.024077046548956663
40 126 21 126	0.0020013342228152103 0.0032102728731942215
40 126 22 87	0.004357298474945534 0.0032102728731942215
40 126 38 103	0.004166666666666667 0.0016051364365971107
40 126 61 126	0.0014879003939960243 0.011235955056179775
41 106 20 86	0.00020446313821708144 0.0032102728731942215
41 106 20 126	0.0009673518742442564 0.0016051364365971107
41 106 40 86	0.0011534025374855825 0.0016051364365971107
41 106 67	0.019011406844106463 0.0032102728731942215
41 106 69	0.56 0.01765650080256822
43 28 104 69	0.3333333333333333 0.0016051364365971107
43 28 105 67	0.08333333333333333 0.0016051364365971107
43 30 85 67	0.04081632653061224 0.0016051364365971107
43 56 69	1.0 0.0016051364365971107
43 81 6 71	4.909180166912126e-05 0.0016051364365971107
43 81 20 86	0.0041576283441793205 0.0032102728731942215
43 81 67	0.011527377521613832 0.004815409309791332
43 81 69	0.04918032786885246 0.004815409309791332
43 97 81 69	0.11764705882352941 0.0032102728731942215
43 98 81 69	0.11764705882352941 0.0032102728731942215
43 108 8 67	0.125 0.004815409309791332
43 108 20 86	0.004494964775035657 0.030497592295345103
43 108 39 126	0.016 0.0032102728731942215
43 108 50 67	0.2 0.0032102728731942215
43 108 67	0.1271186440677966 0.02086677367576244
43 108 69	0.3850267379679144 0.09951845906902086
43 108 73 67	0.125 0.004815409309791332
43 108 73 69	0.16666666666666666 0.004815409309791332
43 108 120	0.4166666666666667 0.008025682182985553
44 6 71 67	0.30434782608695654 0.0016051364365971107
44 6 71 69	0.7777777777777778 0.0016051364365971107
44 20 85 69	0.021739130434782608 0.004815409309791332
44 20 86	0.0029498525073746312 0.004815409309791332
44 44 109 67	0.3333333333333333 0.0016051364365971107
44 44 109 69	0.6 0.0016051364365971107
44 46 111 67	0.0005553670050291567 0.008025682182985553
44 46 111 69	0.009305654974946313 0.008025682182985553
44 67 2 67	0.0021231422505307855 0.0016051364365971107
44 67 6 71	0.0003508771929824561 0.0016051364365971107
44 69 2 67	0.0015267175572519084 0.0016051364365971107
44 69 6 71	0.0005614823133071309 0.0032102728731942215
44 69 61 126	0.002398081534772182 0.0016051364365971107
44 109 44 67	0.04 0.0016051364365971107
44 109 44 69	0.02631578947368421 0.0016051364365971107
44 109 67	0.7777777777777778 0.004815409309791332
44 109 69	0.6875 0.019261637239165328
44 109 109 67	0.4 0.0016051364365971107
44 109 109 69	0.5 0.0016051364365971107
45 30 85 67	0.005847953216374269 0.0016051364365971107
45 30 86	0.0027247956403269754 0.0016051364365971107
45 52 126	0.02127659574468085 0.0016051364365971107
45 110 6 71	1.2821773080260025e-05 0.0032102728731942215
45 110 6 87	0.00017041581458759374 0.0016051364365971107
45 110 12 86	0.00037143339523889923 0.008025682182985553
45 110 12 126	0.001468563561266636 0.014446227929373997
45 110 20 86	0.0005070502593384447 0.01765650080256822
45 110 20 126	0.0007544103992571959 0.009630818619582664
45 110 39 126	0.0014571878217956439 0.014446227929373997
45 110 40 126	0.0009505465642744578 0.012841091492776886
45 110 44 67	0.020942408376963352 0.0016051364365971107
45 110 50 67	0.007832898172323759 0.004815409309791332
45 110 58 67	0.02727272727272727 0.0016051364365971107
45 110 67	0.012575177692728267 0.027287319422150885
45 110 69	0.11247443762781185 0.0738362760834671
45 110 115 67	0.012875536480686695 0.004815409309791332
45 110 121 126	0.0017094017094017094 0.0016051364365971107
46 71 6 71	9.634746750681659e-06 0.0016051364365971107
46 71 20 86	0.0004124731892426992 0.008025682182985553
46 71 39 126	0.003875968992248062 0.0032102728731942215
46 71 40 126	0.006593406593406593 0.0016051364365971107
46 102 12 126	0.002290950744558992 0.006420545746388443
46 102 20 86	0.0007225955632632415 0.012841091492776886
46 102 40 126	0.0014713094654242277 0.004815409309791332
46 102 53 126	0.0006006006006006006 0.0016051364365971107
46 111 6 71	1.4051673081913947e-05 0.18138041733547353
46 111 6 87	1.3751280588004758e-05 0.0032102728731942215
46 111 8 67	0.001705931892288756 0.052969502407704656
46 111 8 69	0.009984235417761429 0.008025682182985553
46 111 12 86	0.0010926059410448043 0.0449438202247191
46 111 12 126	0.0008882153964902722 0.12038523274478331
46 111 20 86	0.0009069801759486597 0.14285714285714285
46 111 20 95	2.718283774691002e-07 0.0016051364365971107
46 111 20 126	0.0008523836837813414 0.056179775280898875
46 111 23 67	0.0014430871879323956 0.11717495987158909
46 111 23 69	0.0036105738233397806 0.025682182985553772
46 111 35 103	1.6293535343206466e-05 0.0032102728731942215
46 111 39 86	0.0010787601734560913 0.04975922953451043
46 111 39 126	0.0010276004710326697 0.10914927768860354
46 111 40 86	0.0010485275677156222 0.0898876404494382
46 111 40 126	0.0009011199511658471 0.14285714285714285
46 111 44 67	0.0017770172436488087 0.02086677367576244
46 111 44 69	0.0014771048744460858 0.006420545746388443
46 111 49 114	2.012201992884854e-06 0.0032102728731942215
46 111 50 67	0.0014650213853792831 0.0738362760834671
46 111 50 69	0.021208907741251327 0.024077046548956663
46 111 50 120	0.019178082191780823 0.0032102728731942215
46 111 53 126	0.0011426939008713042 0.019261637239165328
46 111 57 86	0.0009658428895566321 0.07704654895666131
46 111 57 126	0.0009735913350371182 0.0449438202247191
46 111 58 67	0.003033263071307388 0.03210272873194221
46 111 58 69	0.006993006993006993 0.009630818619582664
46 111 67	0.001347723868823025 0.3258426966292135
46 111 69	0.02587406102197904 0.5537720706260032
46 111 73 67	0.0017850668005466768 0.04654895666131621
46 111 73 69	0.016681299385425813 0.008025682182985553
46 111 88 67	0.0014501444692798342 0.08667736757624397
46 111 88 69	0.007389812615465822 0.025682182985553772
46 111 109 67	0.003909569947305796 0.009630818619582664
46 111 109 69	0.012807881773399015 0.008025682182985553
46 111 115 67	0.0017243819892161782 0.060995184590690206
46 111 115 69	0.02385211687537269 0.024077046548956663
46 111 115 120	0.009735744089012517 0.0032102728731942215
46 111 120	0.005587748344370861 0.014446227929373997
46 111 123 67	0.001715076071922545 0.028892455858747994
46 111 123 69	0.007127583749109052 0.016051364365971106
49 114 6 71	0.00014098406880022558 0.0016051364365971107
49 114 20 86	0.0010399574772942618 0.0016051364365971107
49 114 69	0.6 0.004815409309791332
50 16 81 67	0.03529411764705882 0.004815409309791332
50 20 18 86	0.0024390243902439024 0.006420545746388443
50 20 83 86	0.00243605359317905 0.006420545746388443
50 20 85 67	0.010570824524312896 0.008025682182985553
50 20 86	0.0035842293906810036 0.0032102728731942215
50 35 100 67	0.01904761904761905 0.004815409309791332
50 35 100 69	0.09375 0.004815409309791332
50 40 105 67	0.057692307692307696 0.004815409309791332
50 46 111 67	0.0021178674703702196 0.028892455858747994
50 46 111 69	0.010349926071956629 0.024077046548956663
50 46 111 120	0.0071174377224199285 0.0032102728731942215
50 50 20 126	0.016129032258064516 0.0016051364365971107
50 50 50 67	0.07692307692307693 0.008025682182985553
50 50 67	0.1875 0.009630818619582664
50 50 69	1.0 0.028892455858747994
50 50 115 67	0.07692307692307693 0.008025682182985553
50 50 120	1.0 0.0032102728731942215
50 67	0.08771929824561403 0.008025682182985553
50 67 2 67	0.024890829694323144 0.012841091492776886
50 67 2 69	0.23684210526315788 0.008025682182985553
50 67 4 69	0.22666666666666666 0.011235955056179775
50 67 4 120	0.2222222222222222 0.0016051364365971107
50 67 6 71	0.0023322666377393287 0.02247191011235955
50 67 21 86	0.0038639876352395673 0.004815409309791332
50 67 55 69	0.21052631578947367 0.006420545746388443
50 67 61 126	0.00539291217257319 0.006420545746388443
50 115 50 67	0.05813953488372093 0.008025682182985553
50 115 67	0.23684210526315788 0.014446227929373997
50 115 69	1.0 0.03531300160513644
50 115 115 67	0.07692307692307693 0.008025682182985553
50 115 120	1.0 0.0032102728731942215
50 123 39 126	0.007407407407407408 0.0016051364365971107
51 87 12 126	0.0011337868480725624 0.0016051364365971107
51 87 20 86	0.0005822981366459627 0.004815409309791332
51 87 20 126	0.002304147465437788 0.0016051364365971107
51 87 67	0.0037593984962406013 0.0016051364365971107
51 87 69	0.07142857142857142 0.0016051364365971107
51 116 6 71	2.0475775110466808e-05 0.008025682182985553
51 116 12 126	0.0009217803529101923 0.012841091492776886
51 116 20 86	0.0014199799532241897 0.027287319422150885
51 116 20 126	0.0012231404958677687 0.009630818619582664
51 116 35 103	7.982120051085569e-05 0.0016051364365971107
51 116 40 86	0.010752688172043012 0.0032102728731942215
51 116 40 126	0.0005451241671714113 0.011235955056179775
51 116 50 67	0.007246376811594203 0.004815409309791332
51 116 57 126	0.0018083182640144665 0.0016051364365971107
51 116 58 67	0.008130081300813009 0.0032102728731942215
51 116 67	0.010143198090692125 0.048154093097913325
51 116 69	0.13711583924349882 0.09309791332263243
51 116 73 67	0.009259259259259259 0.0016051364365971107
51 116 115 67	0.0074211502782931356 0.006420545746388443
51 116 120	0.02027027027027027 0.004815409309791332
57 104 20 86	0.0029511583296443853 0.0016051364365971107
57 104 23 67	1.0 0.0016051364365971107
57 104 69	0.6 0.004815409309791332
57 104 88 67	1.0 0.0016051364365971107
57 105 20 86	0.0029634794735465876 0.0016051364365971107
57 122 20 86	0.009037789539815958 0.03691813804173355
57 122 20 126	0.009315273836929172 0.0016051364365971107
57 122 23 67	0.1282051282051282 0.008025682182985553
57 122 23 69	0.5 0.0016051364365971107
57 122 39 126	0.009730967372638809 0.004815409309791332
57 122 40 126	0.005007153075822604 0.004815409309791332
57 122 67	0.08391608391608392 0.019261637239165328
57 122 69	0.52 0.06260032102728733
57 122 88 67	0.14285714285714285 0.0016051364365971107
57 122 88 69	0.5 0.0016051364365971107
58 8 8 67	0.4375 0.0032102728731942215
58 8 67	0.3548387096774194 0.0032102728731942215
58 8 73 67	0.5113636363636364 0.0032102728731942215
58 8 123 67	0.16666666666666666 0.004815409309791332
58 8 123 69	1.0 0.009630818619582664
58 12 77 67	0.0967741935483871 0.004815409309791332
58 16 81 67	0.02877697841726619 0.004815409309791332
58 20 27 86	0.00141643059490085 0.0016051364365971107
58 20 85 67	0.002857142857142857 0.0016051364365971107
58 20 86	0.0022624434389140274 0.0016051364365971107
58 20 92 126	0.013888888888888888 0.0016051364365971107
58 35 100 67	0.017421602787456445 0.004815409309791332
58 35 100 69	0.013513513513513514 0.004815409309791332
58 36 101 69	0.3333333333333333 0.0016051364365971107
58 45 110 67	0.009523809523809525 0.0016051364365971107
58 46 102 67	0.16666666666666666 0.0032102728731942215
58 46 111 67	0.0025360874072892577 0.01765650080256822
58 46 111 69	0.011422044545973729 0.016051364365971106
58 50 115 67	0.05555555555555555 0.0016051364365971107
58 67	0.21212121212121213 0.008025682182985553
58 67 2 67	0.09925220938137322 0.009630818619582664
58 67 2 69	0.3902439024390244 0.014446227929373997
58 67 4 67	0.1864406779661017 0.006420545746388443
58 67 4 69	0.4722222222222222 0.014446227929373997
58 67 6 71	0.003734827264239029 0.014446227929373997
58 67 21 126	0.03125 0.0016051364365971107
58 67 61 126	0.005943536404160475 0.0032102728731942215
58 69 6 71	0.00510204081632653 0.0016051364365971107
58 73 8 67	0.4375 0.0032102728731942215
58 73 67	0.3793103448275862 0.0032102728731942215
58 73 73 67	0.4 0.0032102728731942215
58 73 123 67	0.16494845360824742 0.004815409309791332
58 73 123 69	1.0 0.009630818619582664
58 115 20 126	0.04 0.0016051364365971107
58 123 8 67	0.2857142857142857 0.0032102728731942215
58 123 23 67	0.2857142857142857 0.0032102728731942215
58 123 23 69	1.0 0.0032102728731942215
58 123 58 67	0.265625 0.008025682182985553
58 123 67	0.2857142857142857 0.012841091492776886
58 123 69	1.0 0.028892455858747994
58 123 88 67	0.2857142857142857 0.0032102728731942215
58 123 88 69	1.0 0.0032102728731942215
62 101 69	0.625 0.008025682182985553
62 127 67	0.011111111111111112 0.0016051364365971107
62 127 69	0.6666666666666666 0.009630818619582664
63 128 6 71	1.622981416862777e-05 0.0016051364365971107
63 128 40 126	0.0008928571428571428 0.0016051364365971107
63 128 58 67	0.06 0.004815409309791332
63 128 67	0.008771929824561403 0.008025682182985553
63 128 69	0.2 0.012841091492776886
67	0.3502994011976048 0.18780096308186195
67 2 6 71	0.000905245199589158 0.024077046548956663
67 2 8 67	0.06887052341597796 0.011235955056179775
67 2 8 69	0.35294117647058826 0.006420545746388443
67 2 12 126	0.0005486968449931413 0.0032102728731942215
67 2 20 86	0.008526903851808291 0.10914927768860354
67 2 20 126	0.012851600387972843 0.019261637239165328
67 2 23 67	0.13451327433628318 0.02086677367576244
67 2 23 69	0.6153846153846154 0.012841091492776886
67 2 39 126	0.012773722627737226 0.027287319422150885
67 2 40 126	0.004754700669980549 0.027287319422150885
67 2 50 67	0.05100463678516229 0.012841091492776886
67 2 50 69	0.42105263157894735 0.011235955056179775
67 2 58 67	0.16751269035532995 0.011235955056179775
67 2 58 69	0.5 0.0016051364365971107
67 2 67	0.11686811233558478 0.2504012841091493
67 2 69	0.8559670781893004 0.42536115569823435
67 2 73 67	0.12239583333333333 0.008025682182985553
67 2 88 67	0.12792792792792793 0.012841091492776886
67 2 88 69	0.5106382978723404 0.012841091492776886
67 2 115 67	0.047407407407407405 0.012841091492776886
67 2 115 69	0.38596491228070173 0.008025682182985553
67 2 115 120	0.5714285714285714 0.0016051364365971107
67 2 120	0.28888888888888886 0.008025682182985553
67 2 123 67	0.08333333333333333 0.009630818619582664
67 2 123 69	0.23529411764705882 0.014446227929373997
67 4 6 71	0.0034672649398327553 0.011235955056179775
67 4 8 67	0.13793103448275862 0.0032102728731942215
67 4 20 86	0.010274386558684878 0.06741573033707865
67 4 20 126	0.014721345951629864 0.008025682182985553
67 4 39 126	0.041176470588235294 0.009630818619582664
67 4 58 67	0.1527777777777778 0.009630818619582664
67 4 58 69	0.5 0.0016051364365971107
67 4 67	0.5153846153846153 0.18780096308186195
67 4 69	0.6412742382271468 0.3097913322632424
67 4 73 67	0.21621621621621623 0.0032102728731942215
67 4 88 67	0.3384615384615385 0.009630818619582664
67 4 115 67	0.10714285714285714 0.0032102728731942215
67 4 120	0.2631578947368421 0.004815409309791332
67 4 123 67	0.09523809523809523 0.0016051364365971107
67 6 71	0.004609269282814615 0.25842696629213485
67 6 71 67	0.009282567652611706 0.025682182985553772
67 6 71 69	0.058646616541353384 0.016051364365971106
67 17 82	0.225 0.004815409309791332
67 21 18 86	0.0027166859891678634 0.07704654895666131
67 21 18 126	0.002394002394002394 0.028892455858747994
67 21 27 86	0.005914610262436349 0.07223113964686999
67 21 27 126	0.005463059313215401 0.016051364365971106
67 21 34 126	0.006361829025844931 0.02247191011235955
67 21 83 86	0.0027115248441304985 0.07704654895666131
67 21 83 126	0.002382893334169436 0.028892455858747994
67 21 85 67	0.012400822803408757 0.08828250401284109
67 21 85 69	0.05274806344522316 0.08186195826645265
67 21 85 120	0.017699115044247787 0.0032102728731942215
67 21 86	0.008992074781548466 0.12359550561797752
67 21 92 86	0.005925984066559397 0.07223113964686999
67 21 92 126	0.005488761108207005 0.016051364365971106
67 21 95 126	0.02859778597785978 0.019261637239165328
67 21 117 126	0.027777777777777776 0.0016051364365971107
67 21 126	0.014008133755083597 0.01765650080256822
67 22 71 67	0.1111111111111111 0.0016051364365971107
67 22 71 69	0.1111111111111111 0.0032102728731942215
67 22 87	0.03260869565217391 0.011235955056179775
67 38 80 126	0.5 0.0016051364365971107
67 38 103	1.0 0.0016051364365971107
67 55 67	0.3333333333333333 0.006420545746388443
67 55 69	0.2631578947368421 0.008025682182985553
67 55 120	0.3333333333333333 0.0032102728731942215
67 61 15 103	0.008130081300813009 0.0016051364365971107
67 61 18 86	0.0006158989925652193 0.01765650080256822
67 61 18 126	0.0034782608695652175 0.01765650080256822
67 61 27 86	0.0009545628102329134 0.006420545746388443
67 61 30 86	0.02980769230769231 0.038523274478330656
67 61 30 126	0.05847953216374269 0.014446227929373997
67 61 34 126	0.005550416281221091 0.008025682182985553
67 61 52 86	0.011494252873563218 0.0032102728731942215
67 61 77 67	0.0025157232704402514 0.004815409309791332
67 61 77 69	0.025974025974025976 0.0016051364365971107
67 61 83 86	0.0006151682924685825 0.01765650080256822
67 61 83 126	0.0034688764694546155 0.01765650080256822
67 61 85 67	0.00905683947532792 0.025682182985553772
67 61 85 69	0.06473214285714286 0.019261637239165328
67 61 86	0.005991611743559017 0.02247191011235955
67 61 92 86	0.0009455370650529501 0.006420545746388443
67 61 95 126	0.023972602739726026 0.009630818619582664
67 61 99 86	0.006075564837668502 0.04173354735152488
67 61 99 126	0.00858034321372855 0.016051364365971106
67 61 104 67	0.01157613535173642 0.019261637239165328
67 61 104 69	0.09448818897637795 0.012841091492776886
67 61 105 67	0.005079658277534056 0.025682182985553772
67 61 126	0.021575514300050176 0.09470304975922954
69	1.0 1.0
69 2 6 71	0.0007976526222829958 0.051364365971107544
69 2 6 87	0.014925373134328358 0.0016051364365971107
69 2 8 67	0.06477732793522267 0.011235955056179775
69 2 8 69	0.47058823529411764 0.006420545746388443
69 2 12 126	0.006786427145708583 0.024077046548956663
69 2 20 86	0.012173270527385241 0.17495987158908508
69 2 20 126	0.01934374552228113 0.03691813804173355
69 2 23 67	0.1048252911813644 0.03531300160513644
69 2 23 69	0.5740740740740741 0.02086677367576244
69 2 39 126	0.014884042921426099 0.03210272873194221
69 2 40 86	0.07407407407407407 0.006420545746388443
69 2 40 126	0.01647177165849365 0.056179775280898875
69 2 50 67	0.05423280423280423 0.016051364365971106
69 2 50 69	0.375 0.011235955056179775
69 2 50 120	0.75 0.0016051364365971107
69 2 57 126	0.03225806451612903 0.0016051364365971107
69 2 58 67	0.10638297872340426 0.016051364365971106
69 2 58 69	0.45454545454545453 0.008025682182985553
69 2 67	0.27437992198424965 0.85553772070626
69 2 69	0.7847457627118644 0.3162118780096308
69 2 73 67	0.06910569105691057 0.008025682182985553
69 2 73 69	0.4 0.004815409309791332
69 2 88 67	0.10824742268041238 0.030497592295345103
69 2 88 69	0.5748031496062992 0.0449438202247191
69 2 88 120	0.5294117647058824 0.006420545746388443
69 2 115 67	0.061933534743202415 0.016051364365971106
69 2 115 69	0.328125 0.011235955056179775
69 2 120	0.08695652173913043 0.006420545746388443
69 2 123 67	0.14018691588785046 0.012841091492776886
69 2 123 69	0.38636363636363635 0.014446227929373997
69 4 6 71	0.003199174406604747 0.014446227929373997
69 4 8 67	0.2 0.0032102728731942215
69 4 20 86	0.00995853563454655 0.16211878009630817
69 4 20 126	0.00964727163099186 0.016051364365971106
69 4 23 67	0.2840466926070039 0.024077046548956663
69 4 35 103	0.0006422607578676942 0.0032102728731942215
69 4 39 126	0.020765027322404372 0.014446227929373997
69 4 40 126	0.0048209366391184574 0.008025682182985553
69 4 50 67	0.11486486486486487 0.008025682182985553
69 4 58 67	0.1588785046728972 0.008025682182985553
69 4 67	0.5190582959641256 0.1926163723916533
69 4 69	0.9266577361018085 1.0
69 4 73 67	0.2 0.0032102728731942215
69 4 88 67	0.2540983606557377 0.012841091492776886
69 4 115 67	0.13709677419354838 0.008025682182985553
69 4 120	0.4205607476635514 0.025682182985553772
69 4 123 67	0.3333333333333333 0.0016051364365971107
69 6 71	0.009092836803522023 0.8170144462279294
69 6 71 67	0.006397806466354392 0.027287319422150885
69 6 71 69	0.03259726603575184 0.016051364365971106
69 6 82	0.5 0.0016051364365971107
69 17 71	1.0 0.0016051364365971107
69 17 82	0.3125 0.006420545746388443
69 21 18 86	0.005381280669536683 0.12199036918138041
69 21 18 126	0.0034892809289861545 0.038523274478330656
69 21 27 86	0.011236508797003598 0.11717495987158909
69 21 27 126	0.01137408088235294 0.024077046548956663
69 21 34 126	0.011826206187333961 0.03210272873194221
69 21 83 86	0.00537371763556424 0.12199036918138041
69 21 83 126	0.003474924941621261 0.038523274478330656
69 21 85 67	0.01624352970175006 0.13643659711075443
69 21 85 69	0.04349171954805758 0.15248796147672553
69 21 85 120	0.055350553505535055 0.008025682182985553
69 21 86	0.016130405175348996 0.26003210272873195
69 21 92 86	0.011229314420803783 0.11717495987158909
69 21 92 126	0.011397651393046281 0.024077046548956663
69 21 95 126	0.04785362420830401 0.025682182985553772
69 21 105 67	0.024539877300613498 0.0032102728731942215
69 21 117 126	0.0625 0.004815409309791332
69 21 126	0.021562322678267448 0.03691813804173355
69 22 71 67	0.06666666666666667 0.0016051364365971107
69 22 71 69	0.06666666666666667 0.0032102728731942215
69 22 87	0.0595903165735568 0.03531300160513644
69 30 95	0.03225806451612903 0.0016051364365971107
69 33 98	0.5 0.0032102728731942215
69 38 80 126	0.5 0.0016051364365971107
69 38 103	0.006237006237006237 0.004815409309791332
69 49 114	0.007017543859649123 0.009630818619582664
69 55 20 86	0.015495867768595042 0.024077046548956663
69 55 23 67	0.225 0.011235955056179775
69 55 67	0.42857142857142855 0.009630818619582664
69 55 69	0.9 0.06260032102728733
69 55 120	0.9473684210526315 0.025682182985553772
69 61 15 103	0.003861003861003861 0.0016051364365971107
69 61 18 86	0.0024947135831214808 0.0738362760834671
69 61 18 126	0.0018554788166168436 0.014446227929373997
69 61 19 126	0.007692307692307693 0.004815409309791332
69 61 27 86	0.00801362315937093 0.051364365971107544
69 61 27 126	0.0007993605115907274 0.0016051364365971107
69 61 30 86	0.031257182256952426 0.051364365971107544
69 61 30 126	0.06872370266479663 0.019261637239165328
69 61 34 126	0.01722252597047567 0.03531300160513644
69 61 52 126	0.012474012474012475 0.016051364365971106
69 61 77 67	0.011132940406024885 0.02247191011235955
69 61 83 86	0.0024888003982080635 0.0738362760834671
69 61 83 126	0.0018425632101545706 0.014446227929373997
69 61 84 126	0.006437768240343348 0.0032102728731942215
69 61 85 67	0.02178473454897531 0.06420545746388442
69 61 85 69	0.03415154749199573 0.04012841091492777
69 61 85 120	0.046511627906976744 0.0032102728731942215
69 61 86	0.01667885881492319 0.07704654895666131
69 61 92 86	0.007973686833449616 0.051364365971107544
69 61 95 126	0.07357357357357357 0.02247191011235955
69 61 99 86	0.010795587890166627 0.056179775280898875
69 61 99 126	0.020601700457815567 0.028892455858747994
69 61 104 67	0.017753922378199834 0.027287319422150885
69 61 104 69	0.06713780918727916 0.02247191011235955
69 61 105 67	0.01826547685443391 0.05457463884430177
69 61 105 69	0.0171990171990172 0.009630818619582664
69 61 117 126	0.010012515644555695 0.028892455858747994
69 61 122 67	0.009615384615384616 0.0016051364365971107
69 61 126	0.04948826008428658 0.3756019261637239
73 6 71 67	0.01652892561983471 0.0032102728731942215
73 8 67	0.23684210526315788 0.014446227929373997
73 8 69	1.0 0.02247191011235955
73 8 73 67	0.08695652173913043 0.0032102728731942215
73 16 81 69	0.23076923076923078 0.004815409309791332
73 20 83 86	0.0011594202898550724 0.006420545746388443
73 20 86	0.0023837902264600714 0.0032102728731942215
73 35 80 86	0.002506265664160401 0.0016051364365971107
73 35 100 69	0.023809523809523808 0.004815409309791332
73 40 105 69	0.25 0.006420545746388443
73 46 111 67	0.0021120983085758174 0.019261637239165328
73 46 111 69	0.005500550055005501 0.008025682182985553
73 67	0.08695652173913043 0.0032102728731942215
73 67 2 67	0.046153846153846156 0.009630818619582664
73 67 2 69	0.375 0.006420545746388443
73 67 4 67	0.17777777777777778 0.006420545746388443
73 67 4 69	0.42105263157894735 0.006420545746388443
73 67 6 71	0.00181422351233672 0.006420545746388443
73 73 67	0.22727272727272727 0.008025682182985553
73 73 69	1.0 0.016051364365971106
73 123 58 69	0.5714285714285714 0.006420545746388443
79 14 67	0.2857142857142857 0.0032102728731942215
79 14 69	1.0 0.0032102728731942215
79 81 40 126	0.007556675062972292 0.0016051364365971107
79 81 88 69	1.0 0.0032102728731942215
88 6 71 67	0.002932551319648094 0.0016051364365971107
88 6 71 69	0.25 0.0016051364365971107
88 12 104 69	0.0625 0.0016051364365971107
88 16 14 69	1.0 0.0032102728731942215
88 16 28 126	0.009009009009009009 0.0016051364365971107
88 16 52 126	0.16666666666666666 0.0016051364365971107
88 16 81 67	0.011075949367088608 0.011235955056179775
88 16 81 69	0.25 0.004815409309791332
88 20 27 86	0.0019221528111484864 0.006420545746388443
88 20 85 67	0.019417475728155338 0.02086677367576244
88 20 85 69	0.08205128205128205 0.019261637239165328
88 20 86	0.008046817849305048 0.01765650080256822
88 22 116 67	0.010638297872340425 0.0032102728731942215
88 23 20 86	0.007452574525745257 0.01765650080256822
88 23 23 67	0.20512820512820512 0.011235955056179775
88 23 35 103	0.0033222591362126247 0.0016051364365971107
88 23 39 126	0.05714285714285714 0.0032102728731942215
88 23 67	0.5211267605633803 0.052969502407704656
88 23 69	0.9090909090909091 0.12038523274478331
88 23 88 67	0.21428571428571427 0.012841091492776886
88 24 89 67	0.0058823529411764705 0.0016051364365971107
88 35 100 67	0.01031636863823934 0.019261637239165328
88 35 100 69	0.049738219895287955 0.024077046548956663
88 35 103	0.0035714285714285713 0.0016051364365971107
88 36 101 67	0.00641025641025641 0.0032102728731942215
88 39 99 86	0.0014577259475218659 0.0016051364365971107
88 39 104 67	0.013888888888888888 0.0032102728731942215
88 39 104 69	0.1875 0.004815409309791332
88 39 105 67	0.005208333333333333 0.0016051364365971107
88 39 126	0.008733624454148471 0.0032102728731942215
88 40 104 67	0.005847953216374269 0.0016051364365971107
88 40 104 69	0.09090909090909091 0.006420545746388443
88 40 105 67	0.02631578947368421 0.016051364365971106
88 40 105 69	0.10344827586206896 0.004815409309791332
88 40 126	0.008583690987124463 0.0032102728731942215
88 46 102 67	0.024691358024691357 0.0032102728731942215
88 46 111 67	0.0018100185703203969 0.09470304975922954
88 46 111 69	0.005191915445948452 0.025682182985553772
88 51 116 67	0.013043478260869565 0.004815409309791332
88 57 122 69	0.5 0.0016051364365971107
88 58 123 67	0.3333333333333333 0.0032102728731942215
88 58 123 69	1.0 0.0032102728731942215
88 62 127 67	0.014705882352941176 0.0016051364365971107
88 67	0.25806451612903225 0.012841091492776886
88 67 2 67	0.08863198458574181 0.01765650080256822
88 67 2 69	0.5 0.012841091492776886
88 67 4 67	0.3793103448275862 0.011235955056179775
88 67 4 69	0.4305555555555556 0.02086677367576244
88 67 6 71	0.004488517745302714 0.01765650080256822
88 67 22 87	0.038461538461538464 0.0016051364365971107
88 67 61 126	0.01634472511144131 0.008025682182985553
88 69 21 86	0.002840909090909091 0.0016051364365971107
88 88 23 67	0.20512820512820512 0.011235955056179775
88 88 35 103	0.0033222591362126247 0.0016051364365971107
88 88 67	0.4074074074074074 0.028892455858747994
88 88 69	0.9 0.06420545746388442
88 88 88 67	0.23529411764705882 0.011235955056179775
96 6 71	0.005681818181818182 0.0016051364365971107
96 31 67	1.0 0.0016051364365971107
96 31 69	1.0 0.0016051364365971107
96 55 67	1.0 0.0016051364365971107
96 55 69	1.0 0.0016051364365971107
109 6 71 67	0.1 0.0016051364365971107
109 6 71 69	0.2 0.0016051364365971107
109 20 18 126	0.005988023952095809 0.0032102728731942215
109 20 34 126	0.0045045045045045045 0.0016051364365971107
109 20 85 67	0.0034129692832764505 0.0032102728731942215
109 20 95 126	0.25 0.0016051364365971107
109 44 67	0.6129032258064516 0.025682182985553772
109 44 69	0.6530612244897959 0.04012841091492777
109 44 109 67	0.5 0.0016051364365971107
109 44 109 69	0.11428571428571428 0.0016051364365971107
109 46 111 67	0.0024165533907264765 0.025682182985553772
109 46 111 69	0.005449591280653951 0.006420545746388443
109 69 2 67	0.006944444444444444 0.0016051364365971107
109 69 6 71	0.002113271344040575 0.008025682182985553
109 69 21 126	0.014598540145985401 0.0016051364365971107
109 69 61 126	0.014285714285714285 0.0016051364365971107
115 16 52 126	0.125 0.0016051364365971107
115 16 81 67	0.03529411764705882 0.004815409309791332
115 20 18 86	0.0024390243902439024 0.006420545746388443
115 20 83 86	0.00243605359317905 0.006420545746388443
115 20 85 67	0.010570824524312896 0.008025682182985553
115 20 86	0.0035842293906810036 0.0032102728731942215
115 20 92 86	0.003179650238473768 0.0032102728731942215
115 35 100 67	0.01904761904761905 0.004815409309791332
115 40 105 67	0.057692307692307696 0.004815409309791332
115 46 111 67	0.0020597322348094747 0.03210272873194221
115 46 111 69	0.008728179551122194 0.024077046548956663
115 46 111 120	0.005988023952095809 0.0032102728731942215
115 50 50 67	0.07692307692307693 0.008025682182985553
115 50 67	0.11290322580645161 0.011235955056179775
115 50 69	1.0 0.03210272873194221
115 50 115 67	0.05154639175257732 0.008025682182985553
115 50 120	1.0 0.0032102728731942215
115 67	0.1111111111111111 0.008025682182985553
115 67 2 67	0.03553921568627451 0.014446227929373997
115 67 2 69	0.3235294117647059 0.011235955056179775
115 67 2 120	0.06451612903225806 0.0016051364365971107
115 67 4 67	0.1935483870967742 0.004815409309791332
115 67 4 69	0.3333333333333333 0.011235955056179775
115 67 4 120	0.6666666666666666 0.0016051364365971107
115 67 6 71	0.0026104279727965926 0.02247191011235955
115 67 21 86	0.005180452426178553 0.004815409309791332
115 67 55 67	0.75 0.004815409309791332
115 67 61 86	0.0048543689320388345 0.004815409309791332
115 67 61 126	0.006072874493927126 0.004815409309791332
115 115 50 67	0.07692307692307693 0.008025682182985553
115 115 67	0.1875 0.009630818619582664
115 115 69	1.0 0.028892455858747994
115 115 115 67	0.07692307692307693 0.008025682182985553
115 115 120	1.0 0.0032102728731942215
120	0.625 0.024077046548956663
120 2 12 126	0.01818181818181818 0.006420545746388443
120 2 20 126	0.03676470588235294 0.0016051364365971107
120 2 40 126	0.02066772655007949 0.006420545746388443
120 2 50 67	0.18421052631578946 0.004815409309791332
120 2 67	0.3101851851851852 0.038523274478330656
120 2 69	0.5555555555555556 0.008025682182985553
120 2 88 69	0.7037037037037037 0.02086677367576244
120 2 115 67	0.23333333333333334 0.004815409309791332
120 2 120	0.6666666666666666 0.0032102728731942215
120 4 20 86	0.01901743264659271 0.019261637239165328
120 4 23 67	0.26666666666666666 0.009630818619582664
120 4 50 67	0.2222222222222222 0.0032102728731942215
120 4 67	0.35714285714285715 0.008025682182985553
120 4 69	0.9782608695652174 0.0593900481540931
120 4 115 67	0.2222222222222222 0.0032102728731942215
120 4 120	0.9444444444444444 0.024077046548956663
120 6 71	0.009485094850948509 0.04333868378812199
120 6 71 67	0.005076142131979695 0.0016051364365971107
120 21 85 67	0.019693654266958426 0.012841091492776886
120 21 86	0.014675052410901468 0.019261637239165328
120 21 126	0.019417475728155338 0.0032102728731942215
120 31 67	1.0 0.0016051364365971107
120 31 69	1.0 0.0016051364365971107
120 55 20 86	0.01901743264659271 0.019261637239165328
120 55 67	0.5294117647058824 0.009630818619582664
120 55 69	1.0 0.09149277688603531
120 55 120	0.4 0.024077046548956663
120 61 34 126	0.02702702702702703 0.004815409309791332
120 61 52 126	0.031496062992125984 0.006420545746388443
120 61 77 67	0.0425531914893617 0.008025682182985553
120 61 86	0.037037037037037035 0.0032102728731942215
120 61 99 126	0.022598870056497175 0.006420545746388443
120 61 105 67	0.043478260869565216 0.004815409309791332
120 61 117 126	0.02702702702702703 0.004815409309791332
120 61 126	0.02588235294117647 0.011235955056179775
121 28 104 69	0.3333333333333333 0.0016051364365971107
121 28 105 67	0.08333333333333333 0.0016051364365971107
121 30 85 67	0.04081632653061224 0.0016051364365971107
121 56 69	1.0 0.0016051364365971107
121 81 67	0.25 0.0016051364365971107
121 108 69	1.0 0.0016051364365971107
123 20 86	0.016666666666666666 0.0016051364365971107
123 23 58 67	1.0 0.0016051364365971107
123 23 58 69	1.0 0.0016051364365971107
123 35 100 67	0.015189873417721518 0.006420545746388443
123 35 100 69	0.027237354085603113 0.009630818619582664
123 36 101 67	0.009009009009009009 0.0016051364365971107
123 36 127 67	0.03125 0.0016051364365971107
123 39 126	0.05555555555555555 0.0016051364365971107
123 45 110 67	0.041237113402061855 0.0016051364365971107
123 46 111 67	0.0015934177361879654 0.014446227929373997
123 46 111 69	0.007086614173228346 0.009630818619582664
123 58 8 67	0.09090909090909091 0.0032102728731942215
123 58 39 126	0.017699115044247787 0.0032102728731942215
123 58 67	0.25806451612903225 0.011235955056179775
123 58 69	0.8333333333333334 0.02247191011235955
123 58 73 67	0.09090909090909091 0.0032102728731942215
123 58 73 69	0.5714285714285714 0.006420545746388443
123 58 123 67	0.08333333333333333 0.0016051364365971107
123 62 101 67	0.041666666666666664 0.0016051364365971107
123 67	0.14285714285714285 0.0016051364365971107
123 67 2 67	0.0861244019138756 0.006420545746388443
123 67 2 69	0.16666666666666666 0.0016051364365971107
123 67 4 67	0.3333333333333333 0.0032102728731942215
123 67 4 69	0.4166666666666667 0.008025682182985553
123 67 6 71	0.002167630057803468 0.0032102728731942215
123 69 2 69	0.16666666666666666 0.0016051364365971107
123 69 6 71	0.0007293946024799417 0.0016051364365971107
123 88 58 67	1.0 0.0016051364365971107
123 88 58 69	1.0 0.0016051364365971107
