5 70 101	1.0 0.07953873447664105
5 70 101 8	0.04081632653061224 0.0005913660555884093
5 70 101 23	0.1111111111111111 0.0005913660555884093
5 70 101 73	0.08 0.0005913660555884093
13 78 101	0.19533947065592636 0.11324659964518037
13 78 101 8	0.0137221269296741 0.0011827321111768185
13 78 101 73	0.02564102564102564 0.0011827321111768185
13 78 127	0.08714285714285715 0.01537551744529864
13 102 35 100	0.00032624298577580584 0.0014784151389710231
13 102 40 105	0.0006901311249137336 0.00029568302779420464
13 102 46 111	0.0008393173552177563 0.005322294500295683
64 101 1 66	0.0008715632675699231 0.00029568302779420464
64 101 6 71	0.0001299320022521547 0.0005913660555884093
64 101 10 75	0.00042735042735042735 0.00029568302779420464
64 101 12 104	0.0008250825082508251 0.00029568302779420464
64 101 16 81	0.0002311871459946827 0.00029568302779420464
64 101 20 85	0.00016130905524512523 0.0056179775280898875
64 101 35 100	3.0504824337969048e-05 0.00029568302779420464
64 101 39 104	4.8742444921037236e-05 0.00029568302779420464
64 101 39 105	9.578544061302682e-05 0.00029568302779420464
64 101 40 104	0.00022938410368161487 0.00029568302779420464
64 101 41 106	0.0007672914611421681 0.0005913660555884093
64 101 45 110	3.541954450465767e-05 0.00029568302779420464
64 101 46 111	0.00016373149286620843 0.025133057362507392
64 101 58	0.058823529411764705 0.00029568302779420464
64 127 35 100	0.00013049719431032232 0.00029568302779420464
64 127 46 111	8.441668073611346e-05 0.0005913660555884093
64 129 101	0.2552664188351921 0.0892962743938498
64 129 101 8	0.018691588785046728 0.0011827321111768185
64 129 101 73	0.034934497816593885 0.0011827321111768185
64 129 127	0.03571428571428571 0.0026611472501478417
101	1.0 1.0
101 1 66	0.021647580347247876 0.09964518036664695
101 1 66 8	0.0201980198019802 0.0020697811945594325
101 1 66 23	0.00518326545723806 0.002365464222353637
101 1 66 44	0.029313045424032222 0.008870490833826138
101 1 66 50	0.005159071367153913 0.0005913660555884093
101 1 66 58	0.0038356164383561643 0.0008870490833826139
101 1 66 73	0.02190721649484536 0.0020697811945594325
101 1 66 85	0.0048870564638087205 0.027202838557066823
101 1 66 88	0.006148440931049627 0.002365464222353637
101 1 66 109	0.02826975476839237 0.009166173861620342
101 1 66 115	0.005623242736644799 0.0005913660555884093
101 1 66 123	0.011963406052076003 0.0014784151389710231
101 1 85	0.00216169476869866 0.0014784151389710231
101 1 85 8	0.012345679012345678 0.00029568302779420464
101 1 85 73	0.014705882352941176 0.00029568302779420464
101 1 85 123	0.02 0.00029568302779420464
101 1 95 122	0.5 0.00029568302779420464
101 6 71	0.017797455633797688 0.15582495564754584
101 6 71 2	0.003719256148770246 0.004730928444707274
101 6 71 4	0.01002004008016032 0.0011827321111768185
101 6 71 8	0.025597269624573378 0.0035481963335304554
101 6 71 14	0.01461038961038961 0.0008870490833826139
101 6 71 23	0.006298110566829951 0.0029568302779420462
101 6 71 31	0.01575299306868305 0.0020697811945594325
101 6 71 44	0.026168876482903 0.009757539917208752
101 6 71 50	0.001303780964797914 0.0005913660555884093
101 6 71 55	0.038461538461538464 0.00029568302779420464
101 6 71 58	0.007647323436797121 0.0005913660555884093
101 6 71 73	0.026325026325026327 0.0035481963335304554
101 6 71 75	0.018391193903471634 0.016853932584269662
101 6 71 88	0.006811301715438951 0.0029568302779420462
101 6 71 109	0.010136002052861175 0.0059136605558840925
101 6 71 110	0.0024529844644317253 0.0011827321111768185
101 6 71 115	0.0011363636363636363 0.0005913660555884093
101 6 71 123	0.00674432863274065 0.0017740981667652277
101 6 87	0.017857142857142856 0.0017740981667652277
101 6 102	0.01660811242414564 0.00384387936132466
101 6 102 8	0.04918032786885246 0.0008870490833826139
101 6 102 44	0.06936416184971098 0.003252513305736251
101 6 102 75	0.05660377358490566 0.0008870490833826139
101 8	0.09174311926605505 0.004435245416913069
101 8 1 66	0.03007518796992481 0.0026611472501478417
101 8 6 71	0.011566771819137749 0.01537551744529864
101 8 8	0.1736111111111111 0.027794204612655235
101 8 8 8	0.07477313974591651 0.0127143701951508
101 8 8 73	0.1747449682933554 0.013010053222945003
101 8 8 123	0.19753086419753085 0.00029568302779420464
101 8 10 75	0.0425531914893617 0.0017740981667652277
101 8 12 77	0.017699115044247787 0.0005913660555884093
101 8 12 104	0.006498194945848376 0.0017740981667652277
101 8 12 105	0.0036036036036036037 0.0008870490833826139
101 8 16 81	0.007444168734491315 0.0029568302779420462
101 8 20 66	0.05555555555555555 0.00029568302779420464
101 8 20 85	0.004523713011755168 0.04849201655824956
101 8 23 23	0.125 0.00029568302779420464
101 8 23 88	0.125 0.00029568302779420464
101 8 24 89	0.008761948111060538 0.017740981667652277
101 8 26 91	0.1111111111111111 0.00029568302779420464
101 8 35 100	0.0031574774162489733 0.09520993494973388
101 8 36 101	0.2544442726851136 0.34269662921348315
101 8 36 127	0.71875 0.019515079834417505
101 8 37 71	0.011538461538461539 0.0017740981667652277
101 8 37 102	0.021015761821366025 0.0017740981667652277
101 8 39 104	0.01555793991416309 0.01655824955647546
101 8 39 105	0.006696428571428571 0.007392075694855115
101 8 40 77	0.016290726817042606 0.0014784151389710231
101 8 40 104	0.013016639828234032 0.015079834417504436
101 8 40 105	0.014529696660718837 0.01655824955647546
101 8 45 110	0.007863247863247864 0.006209343583678297
101 8 46 102	0.013944223107569721 0.002365464222353637
101 8 46 111	0.00705017510354539 0.4577173270254287
101 8 49 114	0.0029411764705882353 0.0005913660555884093
101 8 51 116	0.01047486033519553 0.018036664695446483
101 8 57 122	0.07829977628635347 0.006505026611472502
101 8 62 101	0.8047244094488188 0.030455351862803074
101 8 62 127	0.6487119437939111 0.016853932584269662
101 8 67 2	0.0658682634730539 0.0029568302779420462
101 8 67 4	0.058823529411764705 0.00029568302779420464
101 8 73	0.22873297352865588 0.029272619751626257
101 8 73 8	0.038854585972113345 0.013010053222945003
101 8 73 73	0.19330411919368976 0.013010053222945003
101 8 73 123	0.19791666666666666 0.00029568302779420464
101 8 88 23	0.06666666666666667 0.00029568302779420464
101 8 88 88	0.125 0.00029568302779420464
101 8 109 44	0.18932038834951456 0.0008870490833826139
101 8 123	0.10526315789473684 0.00029568302779420464
101 8 123 58	0.2878787878787879 0.0059136605558840925
101 8 123 123	0.05 0.00029568302779420464
101 10 6 71	0.010848067126161223 0.035777646363098756
101 10 6 102	0.017928286852589643 0.0008870490833826139
101 10 14 75	0.2 0.00029568302779420464
101 10 28 77	0.01118085523734798 0.0035481963335304554
101 10 28 104	0.011413107424402871 0.02040212891780012
101 10 28 105	0.006772445820433437 0.015079834417504436
101 10 28 122	0.05483028720626632 0.0011827321111768185
101 10 30 85	0.001964085297418631 0.004139562389118865
101 10 32 75	0.002437122246051862 0.00384387936132466
101 10 37 71	0.009868421052631578 0.0035481963335304554
101 10 37 102	0.04938271604938271 0.0008870490833826139
101 10 53 77	0.007647058823529412 0.0017740981667652277
101 10 53 104	0.01395709485655208 0.01596688350088705
101 10 53 105	0.006610522502943041 0.011235955056179775
101 10 75	0.02956344140924177 0.06741573033707865
101 10 75 23	0.0026490066225165563 0.0005913660555884093
101 10 75 44	0.03691813804173355 0.0020697811945594325
101 10 75 73	0.010273972602739725 0.0008870490833826139
101 10 75 88	0.0028694404591104736 0.0005913660555884093
101 10 75 109	0.005865102639296188 0.0008870490833826139
101 10 75 110	0.0014619883040935672 0.00029568302779420464
101 10 79 75	0.023255813953488372 0.00029568302779420464
101 10 97 75	0.0074205995844464235 0.004730928444707274
101 12 15 100	0.006479975604797723 0.06800709639266705
101 12 18 77	0.00999000999000999 0.0020697811945594325
101 12 18 85	0.003548814728816211 0.09166173861620343
101 12 27 77	0.02214022140221402 0.0008870490833826139
101 12 27 85	0.004747850635185423 0.03252513305736251
101 12 27 104	0.00851063829787234 0.0011827321111768185
101 12 30 77	0.017094017094017096 0.0005913660555884093
101 12 30 85	0.007585450557484921 0.054109994086339444
101 12 34 77	0.011160714285714286 0.0014784151389710231
101 12 34 104	0.007738896366083445 0.006800709639266706
101 12 34 105	0.003517748640869843 0.003252513305736251
101 12 45 108	0.009775171065493646 0.0017740981667652277
101 12 52 85	0.006266490765171504 0.021584861028976936
101 12 52 128	0.014285714285714285 0.00029568302779420464
101 12 77	0.10398860398860399 0.046126552335895916
101 12 77 8	0.03389830508474576 0.0005913660555884093
101 12 77 44	0.019955654101995565 0.0020697811945594325
101 12 77 73	0.034782608695652174 0.0005913660555884093
101 12 77 88	0.007518796992481203 0.00029568302779420464
101 12 77 109	0.03690036900369004 0.0020697811945594325
101 12 83 77	0.010245901639344262 0.0020697811945594325
101 12 83 85	0.003600096893559084 0.09166173861620343
101 12 85	0.005514373531007051 0.018036664695446483
101 12 85 23	0.018957345971563982 0.0011827321111768185
101 12 85 44	0.011799410029498525 0.0011827321111768185
101 12 85 88	0.020942408376963352 0.0011827321111768185
101 12 85 109	0.020114942528735632 0.0011827321111768185
101 12 86 4	0.015748031496062992 0.0014784151389710231
101 12 92 77	0.01818181818181818 0.0008870490833826139
101 12 92 85	0.004798912812672527 0.03311649911295092
101 12 92 104	0.011041009463722398 0.0020697811945594325
101 12 93 75	0.011725982308167043 0.011235955056179775
101 12 93 81	0.012867647058823529 0.0020697811945594325
101 12 93 110	0.0068775790921595595 0.006505026611472502
101 12 95 81	0.009554140127388535 0.0008870490833826139
101 12 95 104	0.009263773768893223 0.0056179775280898875
101 12 95 105	0.004364906154517678 0.0029568302779420462
101 12 99 77	0.013054830287206266 0.0011827321111768185
101 12 99 85	0.005417860256569934 0.0576581904198699
101 12 99 128	0.014285714285714285 0.00029568302779420464
101 12 104	0.016026658203744843 0.04937906564163217
101 12 104 8	0.011450381679389313 0.0008870490833826139
101 12 104 23	0.04516129032258064 0.0017740981667652277
101 12 104 58	0.022935779816513763 0.0014784151389710231
101 12 104 88	0.04666666666666667 0.0017740981667652277
101 12 104 109	0.03007518796992481 0.004139562389118865
101 12 105	0.009116854288885366 0.03015966883500887
101 12 105 8	0.05471698113207547 0.0017740981667652277
101 12 105 44	0.033582089552238806 0.0017740981667652277
101 12 105 58	0.007142857142857143 0.0005913660555884093
101 12 105 73	0.05728643216080402 0.0014784151389710231
101 12 105 88	0.013123359580052493 0.0008870490833826139
101 12 105 123	0.01937046004842615 0.0020697811945594325
101 12 117 105	0.004098360655737705 0.0017740981667652277
101 12 117 110	0.011444557477110885 0.009166173861620342
101 12 118 14	0.038461538461538464 0.00029568302779420464
101 12 118 75	0.010276679841897233 0.0026611472501478417
101 12 118 98	0.3333333333333333 0.00029568302779420464
101 12 122	0.04564315352697095 0.0026611472501478417
101 12 126 2	0.003595685177786656 0.00827912477823773
101 12 126 4	0.006309148264984227 0.0011827321111768185
101 16 28 104	0.018139367816091954 0.013897102306327618
101 16 28 105	0.008517143481109412 0.006505026611472502
101 16 30 77	0.012096774193548387 0.0008870490833826139
101 16 30 85	0.00581490773523412 0.046126552335895916
101 16 52 104	0.011061946902654867 0.023358959195742164
101 16 52 105	0.007157305119029096 0.010644589000591367
101 16 53 104	0.01201923076923077 0.004435245416913069
101 16 53 105	0.0051813471502590676 0.0011827321111768185
101 16 81	0.032529022544474824 0.29568302779420463
101 16 81 8	0.01051156271899089 0.0029568302779420462
101 16 81 23	0.00804953560371517 0.0029568302779420462
101 16 81 44	0.02271062271062271 0.006800709639266706
101 16 81 58	0.013333333333333334 0.002365464222353637
101 16 81 73	0.016025641025641024 0.0029568302779420462
101 16 81 88	0.008777852802160702 0.0029568302779420462
101 16 81 108	0.075 0.0005913660555884093
101 16 81 109	0.01855779427359491 0.006209343583678297
101 16 81 123	0.01907356948228883 0.0035481963335304554
101 16 108	0.012528395401665863 0.03282081608515671
101 16 108 23	0.016556291390728478 0.00029568302779420464
101 16 108 44	0.017967145790554414 0.004139562389118865
101 16 108 109	0.013784461152882205 0.0020697811945594325
101 20 1 66	0.01612310277821543 0.023358959195742164
101 20 15 100	0.005203297167319261 0.22176227084565345
101 20 18 14	0.00035655059950861335 0.00029568302779420464
101 20 18 77	0.036134223973095694 0.004730928444707274
101 20 18 85	0.01530867116846228 0.22649319929036074
101 20 18 100	0.00024661582131935584 0.00029568302779420464
101 20 18 104	0.031757737111978906 0.0056179775280898875
101 20 18 105	0.0005371081326119708 0.002365464222353637
101 20 18 118	9.39437178176223e-08 0.00029568302779420464
101 20 18 122	0.1120065389524116 0.0020697811945594325
101 20 27 77	0.012946633365614964 0.003252513305736251
101 20 27 85	0.007215464293607139 0.1856889414547605
101 20 27 104	0.006084311169056932 0.0014784151389710231
101 20 27 105	0.0022119362634661862 0.0014784151389710231
101 20 27 122	0.0335593220338983 0.0014784151389710231
101 20 30 85	0.002663217166336935 0.006505026611472502
101 20 33 85	0.03125 0.0008870490833826139
101 20 34 7	0.030303030303030304 0.00029568302779420464
101 20 34 77	0.008301262682484654 0.00827912477823773
101 20 34 104	0.012260849992838288 0.08515671200473093
101 20 34 105	0.006371187654724355 0.04878769958604376
101 20 34 122	0.029160118735812816 0.0020697811945594325
101 20 45 108	0.0118324272465622 0.0017740981667652277
101 20 51 116	0.0143928035982009 0.013897102306327618
101 20 52 85	0.00258732212160414 0.0011827321111768185
101 20 56 66	0.014585232452142206 0.002365464222353637
101 20 56 85	0.0024875621890547263 0.0011827321111768185
101 20 66	0.019230769230769232 0.00029568302779420464
101 20 77	0.011159897548481523 0.0035481963335304554
101 20 77 23	0.05555555555555555 0.00029568302779420464
101 20 77 44	0.05229936880072137 0.0011827321111768185
101 20 77 88	0.05555555555555555 0.00029568302779420464
101 20 77 109	0.007739938080495356 0.0005913660555884093
101 20 83 14	0.0002383097563007552 0.00029568302779420464
101 20 83 77	0.03685901311358091 0.004730928444707274
101 20 83 85	0.015439396966217425 0.22649319929036074
101 20 83 100	0.0001763377742931531 0.00029568302779420464
101 20 83 104	0.032484755767400904 0.005322294500295683
101 20 83 105	0.00040388519147501893 0.002365464222353637
101 20 83 118	6.960537222615487e-08 0.00029568302779420464
101 20 83 122	0.1155223363378292 0.0020697811945594325
101 20 85	0.008907421945359203 0.34417504435245416
101 20 85 8	0.01331759324159811 0.011235955056179775
101 20 85 23	0.01754075124025514 0.009757539917208752
101 20 85 44	0.017502452182442375 0.013305736250739207
101 20 85 50	0.007852375343541421 0.0029568302779420462
101 20 85 58	0.011901323011150268 0.009166173861620342
101 20 85 73	0.015802836631062862 0.011235955056179775
101 20 85 88	0.018898664059954384 0.009757539917208752
101 20 85 109	0.018884404553942535 0.013601419278533412
101 20 85 115	0.008195377806916898 0.0029568302779420462
101 20 85 123	0.020327669902912623 0.01212300413956239
101 20 86 2	0.009487496257652455 0.025133057362507392
101 20 86 4	0.02804733727810651 0.006800709639266706
101 20 86 14	0.013157894736842105 0.00029568302779420464
101 20 86 55	0.03343166175024582 0.0005913660555884093
101 20 86 108	0.009020060614807332 0.0020697811945594325
101 20 92 77	0.013969549521268247 0.0029568302779420462
101 20 92 85	0.007511936893306205 0.18391484328799526
101 20 92 104	0.005886036318096431 0.0014784151389710231
101 20 92 105	0.002187723505406201 0.0011827321111768185
101 20 92 122	0.03310580204778157 0.0014784151389710231
101 20 93 14	0.5 0.00029568302779420464
101 20 95 7	0.002680965147453083 0.00029568302779420464
101 20 95 14	0.0078125 0.0011827321111768185
101 20 95 56	0.0155420773313116 0.0029568302779420462
101 20 95 75	0.002368064952638701 0.0008870490833826139
101 20 95 77	0.009685700949120897 0.011531638083973979
101 20 95 81	0.01200735934927859 0.009757539917208752
101 20 95 85	0.005890272635476271 0.0020697811945594325
101 20 95 91	0.0007598784194528875 0.00029568302779420464
101 20 95 104	0.009065870090658701 0.12004730928444707
101 20 95 105	0.0051691969534325005 0.08426966292134831
101 20 95 108	0.009768528349968147 0.005026611472501478
101 20 95 110	0.010991311629854497 0.02040212891780012
101 20 95 116	0.011352169525731584 0.0035481963335304554
101 20 95 122	0.01673390109069177 0.004730928444707274
101 20 95 128	0.04395604395604396 0.0008870490833826139
101 20 98 85	0.06382978723404255 0.0005913660555884093
101 20 104	0.01373311970702678 0.004730928444707274
101 20 105	0.0030706243602865915 0.003252513305736251
101 20 117 77	0.01425891181988743 0.005322294500295683
101 20 117 85	0.0016109544905356424 0.0008870490833826139
101 20 117 104	0.009737827715355805 0.04257835600236547
101 20 117 105	0.005414746543778802 0.02631578947368421
101 20 117 122	0.020876826722338204 0.0014784151389710231
101 20 121 7	0.030303030303030304 0.00029568302779420464
101 20 121 85	0.0009267840593141798 0.0005913660555884093
101 20 122	0.06212121212121212 0.0014784151389710231
101 20 126 2	0.009192992359333105 0.014488468361916026
101 20 126 4	0.014076881429344884 0.0017740981667652277
101 20 128	0.5 0.00029568302779420464
101 22 71	0.02119205298013245 0.004435245416913069
101 22 87	0.06974248927038626 0.02424600827912478
101 22 87 8	0.1694915254237288 0.0005913660555884093
101 22 87 23	0.05128205128205128 0.0008870490833826139
101 22 87 44	0.05263157894736842 0.004139562389118865
101 22 87 50	0.07272727272727272 0.0005913660555884093
101 22 87 73	0.17543859649122806 0.0005913660555884093
101 22 87 88	0.06060606060606061 0.0008870490833826139
101 22 87 109	0.028901734104046242 0.0026611472501478417
101 22 87 115	0.07407407407407407 0.0005913660555884093
101 22 116	0.013350559862187769 0.007096392667060911
101 22 116 44	0.014957264957264958 0.0020697811945594325
101 22 116 109	0.01406926406926407 0.0008870490833826139
101 23	0.0410958904109589 0.0017740981667652277
101 23 1 66	0.005661140315406389 0.004139562389118865
101 23 6 71	0.0038808038808038807 0.00768775872264932
101 23 10 75	0.005235602094240838 0.0005913660555884093
101 23 12 85	0.010869565217391304 0.00029568302779420464
101 23 12 104	0.010144927536231883 0.0020697811945594325
101 23 16 81	0.007033248081841432 0.003252513305736251
101 23 16 108	0.006493506493506494 0.0008870490833826139
101 23 20 77	0.020202020202020204 0.0008870490833826139
101 23 20 85	0.008704943276452657 0.047900650502661145
101 23 22 87	0.03296703296703297 0.0008870490833826139
101 23 23	0.8936170212765957 0.036073329390892965
101 23 23 8	0.06666666666666667 0.00029568302779420464
101 23 23 23	0.039735099337748346 0.0017740981667652277
101 23 23 73	0.06666666666666667 0.00029568302779420464
101 23 23 88	0.039735099337748346 0.0017740981667652277
101 23 24 89	0.014126954228668298 0.022176227084565348
101 23 35 100	0.0033996474439687736 0.11768184506209343
101 23 36 101	0.14493816809893104 0.2043169722057954
101 23 37 111	0.009127418765972983 0.01478415138971023
101 23 39 77	0.021671826625386997 0.0020697811945594325
101 23 39 104	0.014215080346106305 0.01212300413956239
101 23 39 105	0.005030959752321981 0.00384387936132466
101 23 39 122	0.06976744186046512 0.0008870490833826139
101 23 40 77	0.0070028011204481795 0.0008870490833826139
101 23 40 104	0.014637904468412942 0.013601419278533412
101 23 40 105	0.007610915166140709 0.010053222945002957
101 23 45 110	0.008674575838754943 0.013897102306327618
101 23 46 102	0.017189079878665317 0.002365464222353637
101 23 46 111	0.00673422377033828 0.42814902424600826
101 23 51 87	0.00749063670411985 0.00029568302779420464
101 23 51 116	0.013220599538816295 0.020993494973388527
101 23 57 104	0.02631578947368421 0.00029568302779420464
101 23 57 122	0.02030456852791878 0.0059136605558840925
101 23 58 123	0.38235294117647056 0.004435245416913069
101 23 63 128	0.02631578947368421 0.0008870490833826139
101 23 67 2	0.020581113801452784 0.004730928444707274
101 23 67 4	0.11940298507462686 0.0014784151389710231
101 23 67 55	0.3333333333333333 0.0005913660555884093
101 23 69 2	0.02127659574468085 0.0005913660555884093
101 23 88	0.9079754601226994 0.04169130691898285
101 23 88 8	0.043478260869565216 0.00029568302779420464
101 23 88 23	0.03428571428571429 0.0017740981667652277
101 23 88 73	0.05555555555555555 0.00029568302779420464
101 23 88 88	0.039735099337748346 0.0017740981667652277
101 24 89	0.023333367431488283 0.15257244234180958
101 24 89 8	0.01248456578405817 0.004139562389118865
101 24 89 23	0.013140161725067386 0.004435245416913069
101 24 89 43	0.0007958219348420791 0.0005913660555884093
101 24 89 44	0.03951527924130664 0.003252513305736251
101 24 89 50	0.0007733952049497294 0.0005913660555884093
101 24 89 58	0.009978712080894092 0.002365464222353637
101 24 89 73	0.014412416851441241 0.004139562389118865
101 24 89 88	0.013586483191081694 0.004435245416913069
101 24 89 108	0.008695652173913044 0.00029568302779420464
101 24 89 109	0.03497229916897507 0.0020697811945594325
101 24 89 123	0.015071934231559716 0.00384387936132466
101 26 30 85	0.0038910505836575876 0.00029568302779420464
101 26 49 114	0.005482456140350877 0.0008870490833826139
101 26 91	0.20588235294117646 0.0035481963335304554
101 26 91 8	0.16666666666666666 0.00029568302779420464
101 26 91 73	0.16666666666666666 0.00029568302779420464
101 29 94	0.3333333333333333 0.00029568302779420464
101 33 53 77	0.07142857142857142 0.00029568302779420464
101 33 53 105	0.031413612565445025 0.0017740981667652277
101 33 98	0.18461538461538463 0.0035481963335304554
101 33 98 50	0.5 0.00029568302779420464
101 33 98 73	0.25 0.0005913660555884093
101 33 98 115	0.5 0.00029568302779420464
101 33 110	0.13333333333333333 0.0005913660555884093
101 35 18 85	0.002843111915223572 0.006505026611472502
101 35 80 56	0.008979591836734694 0.00029568302779420464
101 35 80 77	0.012244309997118986 0.005026611472501478
101 35 80 85	0.006158118287317903 0.12743938497930218
101 35 80 104	0.007200074177695895 0.04346540508574808
101 35 80 105	0.00352383542484168 0.0254287403903016
101 35 80 116	0.007669616519174041 0.006209343583678297
101 35 80 122	0.014352574102964118 0.0014784151389710231
101 35 83 85	0.002843111915223572 0.006505026611472502
101 35 92 85	0.0016460905349794238 0.0005913660555884093
101 35 100	0.004491158112183038 0.2882909520993495
101 35 100 8	0.01170955669586018 0.006505026611472502
101 35 100 23	0.010983661803067937 0.011827321111768185
101 35 100 37	6.6100843446762385e-06 0.00029568302779420464
101 35 100 43	7.311289794602606e-05 0.0005913660555884093
101 35 100 44	0.01706430026185627 0.011531638083973979
101 35 100 50	0.007874015748031496 0.0020697811945594325
101 35 100 56	0.021778584392014518 0.00029568302779420464
101 35 100 58	0.009983437615016563 0.006505026611472502
101 35 100 73	0.012410549989777142 0.006505026611472502
101 35 100 88	0.011442753575860493 0.011827321111768185
101 35 100 108	0.014948453608247423 0.00029568302779420464
101 35 100 109	0.020187092674420322 0.009461856889414548
101 35 100 115	0.00795593635250918 0.0020697811945594325
101 35 100 123	0.007673500094037992 0.007096392667060911
101 35 103 2	0.004777070063694267 0.00029568302779420464
101 35 103 14	0.07194244604316546 0.0005913660555884093
101 35 103 31	0.0070598006644518275 0.0011827321111768185
101 35 103 108	0.00909090909090909 0.0005913660555884093
101 36 101	0.9670198587322312 1.0
101 36 101 8	0.180820897067042 0.00827912477823773
101 36 101 23	0.12156608263032663 0.00384387936132466
101 36 101 44	0.04447121546111652 0.006505026611472502
101 36 101 58	0.019607086340653827 0.002365464222353637
101 36 101 73	0.25352603169075394 0.00827912477823773
101 36 101 88	0.14132270000359234 0.00384387936132466
101 36 101 109	0.03397697007676641 0.0056179775280898875
101 36 101 123	0.03670255039375768 0.002365464222353637
101 36 127	0.661291468352632 0.03636901241868717
101 36 127 8	0.4225206611570248 0.0011827321111768185
101 36 127 44	0.0007782101167315176 0.00029568302779420464
101 36 127 73	0.42604166666666665 0.0011827321111768185
101 37 71	0.011408512505484861 0.0127143701951508
101 37 71 75	0.024545454545454544 0.003252513305736251
101 37 102	0.036725067385444746 0.04878769958604376
101 37 102 8	0.05759162303664921 0.0017740981667652277
101 37 102 44	0.026455026455026454 0.004139562389118865
101 37 102 73	0.05945945945945946 0.0017740981667652277
101 37 102 109	0.012411347517730497 0.0014784151389710231
101 37 111	0.006647421393461809 0.1153163808397398
101 37 111 8	0.011832890606133784 0.0026611472501478417
101 37 111 23	0.0136986301369863 0.004435245416913069
101 37 111 44	0.017615176151761516 0.004435245416913069
101 37 111 73	0.02817711328349626 0.0026611472501478417
101 37 111 88	0.014705882352941176 0.004435245416913069
101 37 111 109	0.025095057034220533 0.004139562389118865
101 37 111 123	0.01652089407191448 0.005026611472501478
101 37 114	0.013123359580052493 0.0014784151389710231
101 39 1 66	0.011560693641618497 0.0005913660555884093
101 39 15 100	0.0062288129682072455 0.1419278533412182
101 39 18 77	0.008849557522123894 0.0011827321111768185
101 39 18 85	0.005893584837037833 0.10999408633944412
101 39 18 104	0.01627339300244101 0.0026611472501478417
101 39 18 105	0.0019059720457433292 0.0008870490833826139
101 39 27 77	0.013011152416356878 0.0014784151389710231
101 39 27 85	0.007758714894547044 0.020993494973388527
101 39 27 104	0.008204633204633204 0.00384387936132466
101 39 27 105	0.0053475935828877 0.0035481963335304554
101 39 27 122	0.011363636363636364 0.00029568302779420464
101 39 30 77	0.01539708265802269 0.0017740981667652277
101 39 30 85	0.007512018231115991 0.17534003548196334
101 39 30 104	0.008933889219773675 0.0017740981667652277
101 39 30 105	0.001669449081803005 0.0008870490833826139
101 39 30 122	0.025735294117647058 0.0011827321111768185
101 39 34 105	0.010401188707280832 0.002365464222353637
101 39 34 122	0.12903225806451613 0.0005913660555884093
101 39 45 110	6.484663770183515e-05 0.00029568302779420464
101 39 52 85	0.007326749186909541 0.04109994086339444
101 39 52 104	0.00854005693371289 0.0017740981667652277
101 39 52 105	0.0005732849226065354 0.0005913660555884093
101 39 52 122	0.0045045045045045045 0.0005913660555884093
101 39 52 128	0.004464285714285714 0.00029568302779420464
101 39 71	0.5 0.00029568302779420464
101 39 77	0.0143140589569161 0.020106445890005913
101 39 77 8	0.012244897959183673 0.0008870490833826139
101 39 77 23	0.006487488415199258 0.0008870490833826139
101 39 77 44	0.029166666666666667 0.005026611472501478
101 39 77 50	0.008130081300813009 0.00029568302779420464
101 39 77 73	0.013846153846153847 0.0008870490833826139
101 39 77 88	0.007121057985757884 0.0008870490833826139
101 39 77 109	0.03976514544969309 0.004139562389118865
101 39 77 115	0.007874015748031496 0.00029568302779420464
101 39 83 85	0.005911281516572113 0.11206386753400355
101 39 83 104	0.016142050040355124 0.0026611472501478417
101 39 83 105	0.001890359168241966 0.0008870490833826139
101 39 85	0.012497396375755051 0.017740981667652277
101 39 85 108	0.3333333333333333 0.00029568302779420464
101 39 86 2	0.023183925811437404 0.005026611472501478
101 39 92 77	0.008113590263691683 0.0005913660555884093
101 39 92 85	0.007656807216278582 0.021289178001182733
101 39 92 104	0.008669046404895462 0.004730928444707274
101 39 92 105	0.007232084155161078 0.004435245416913069
101 39 93 75	0.00670491463330338 0.01744529863985807
101 39 93 81	0.022855849739760126 0.00384387936132466
101 39 93 110	0.01027712109272393 0.012418687167356593
101 39 93 123	0.10666666666666667 0.00029568302779420464
101 39 95 104	0.01583949313621964 0.004435245416913069
101 39 95 105	0.007262164124909223 0.0029568302779420462
101 39 99 77	0.007367072389493914 0.0020697811945594325
101 39 99 85	0.0073875166749270745 0.17593140153755174
101 39 99 104	0.008487654320987654 0.0014784151389710231
101 39 99 105	0.0009157509157509158 0.0011827321111768185
101 39 99 128	0.004464285714285714 0.00029568302779420464
101 39 104	0.030141938227632767 0.41957421643997633
101 39 104 8	0.024003254678600486 0.006505026611472502
101 39 104 23	0.025515743756786103 0.006505026611472502
101 39 104 44	0.019909502262443438 0.004435245416913069
101 39 104 50	0.03557312252964427 0.0005913660555884093
101 39 104 58	0.01566951566951567 0.004139562389118865
101 39 104 73	0.0262572318647085 0.006505026611472502
101 39 104 88	0.02672864613596746 0.006209343583678297
101 39 104 109	0.025296125276048985 0.00827912477823773
101 39 104 115	0.03966597077244259 0.0008870490833826139
101 39 104 123	0.00933125972006221 0.002365464222353637
101 39 105	0.008024892026192356 0.09934949733885275
101 39 105 8	0.020549955964380077 0.0056179775280898875
101 39 105 23	0.019727299100667246 0.006505026611472502
101 39 105 44	0.03816046966731898 0.006209343583678297
101 39 105 58	0.004344048653344918 0.0017740981667652277
101 39 105 73	0.023068432671081676 0.005322294500295683
101 39 105 88	0.019432449105490437 0.006209343583678297
101 39 105 109	0.025786487880350695 0.004435245416913069
101 39 105 123	0.023615848858567306 0.007392075694855115
101 39 117 14	0.053691275167785234 0.00029568302779420464
101 39 117 56	0.08013937282229965 0.0005913660555884093
101 39 117 81	0.010777228350450108 0.007096392667060911
101 39 117 104	0.017766497461928935 0.006209343583678297
101 39 117 108	0.0020422055820285907 0.00029568302779420464
101 39 117 110	0.013712180646041546 0.016262566528681254
101 39 118 75	0.01036468330134357 0.006505026611472502
101 39 118 81	0.03125 0.0008870490833826139
101 39 118 110	0.006683375104427736 0.0005913660555884093
101 39 121 104	0.021052631578947368 0.0005913660555884093
101 39 122	0.03695014662756598 0.00768775872264932
101 39 122 44	0.0196078431372549 0.00029568302779420464
101 39 122 109	0.04296875 0.0005913660555884093
101 39 126 2	0.004820091644339835 0.023063276167947958
101 39 126 4	0.007203179334326876 0.0035481963335304554
101 39 126 31	0.09523809523809523 0.0005913660555884093
101 40 15 100	0.004953360858072831 0.140153755174453
101 40 18 85	0.0035259922809358175 0.06209343583678297
101 40 18 104	0.004784688995215311 0.0008870490833826139
101 40 27 85	0.005793742757821553 0.02069781194559432
101 40 27 104	0.015352407536636426 0.006209343583678297
101 40 27 122	0.052083333333333336 0.0011827321111768185
101 40 30 77	0.011806375442739079 0.0014784151389710231
101 40 30 85	0.00781990063216502 0.166173861620343
101 40 30 104	0.00922509225092251 0.0020697811945594325
101 40 30 105	0.000723589001447178 0.00029568302779420464
101 40 34 104	0.004429678848283499 0.0011827321111768185
101 40 34 105	0.0009165902841429881 0.00029568302779420464
101 40 52 77	0.006880733944954129 0.0011827321111768185
101 40 52 85	0.005856114032246007 0.03429923122412774
101 40 52 122	0.012578616352201259 0.0008870490833826139
101 40 52 128	0.02100840336134454 0.0008870490833826139
101 40 56 109	0.041666666666666664 0.00029568302779420464
101 40 77	0.012528597886480008 0.02040212891780012
101 40 77 8	0.010554089709762533 0.0008870490833826139
101 40 77 44	0.022210184182015168 0.004435245416913069
101 40 77 50	0.005780346820809248 0.00029568302779420464
101 40 77 58	0.010033444816053512 0.0008870490833826139
101 40 77 73	0.012269938650306749 0.0008870490833826139
101 40 77 109	0.03255813953488372 0.0035481963335304554
101 40 83 85	0.0035234180329169777 0.06209343583678297
101 40 83 104	0.004784688995215311 0.0008870490833826139
101 40 85	0.004456548650656103 0.005322294500295683
101 40 86 2	0.001718213058419244 0.0005913660555884093
101 40 92 85	0.005872277954489846 0.021289178001182733
101 40 92 104	0.01237432327919567 0.0035481963335304554
101 40 92 105	0.01078981441519206 0.004730928444707274
101 40 93 75	0.00816231343283582 0.015079834417504436
101 40 93 81	0.013928571428571429 0.003252513305736251
101 40 93 110	0.007826462069390522 0.01094027202838557
101 40 95 104	0.004231311706629055 0.0008870490833826139
101 40 95 105	0.0008216926869350862 0.00029568302779420464
101 40 99 77	0.005655526992287918 0.0011827321111768185
101 40 99 85	0.0064589278434569915 0.14251921939680662
101 40 99 104	0.0085995085995086 0.0011827321111768185
101 40 99 105	0.00035112359550561797 0.00029568302779420464
101 40 99 122	0.023809523809523808 0.0005913660555884093
101 40 99 128	0.02100840336134454 0.0008870490833826139
101 40 104	0.013986466798329393 0.1218214074512123
101 40 104 8	0.018893387314439947 0.00384387936132466
101 40 104 23	0.014722536806342015 0.002365464222353637
101 40 104 44	0.01904090267983075 0.003252513305736251
101 40 104 50	0.004098360655737705 0.00029568302779420464
101 40 104 58	0.026149684400360685 0.005026611472501478
101 40 104 73	0.022222222222222223 0.00384387936132466
101 40 104 88	0.0152046783625731 0.002365464222353637
101 40 104 109	0.022532529355760077 0.005322294500295683
101 40 104 115	0.01639344262295082 0.0005913660555884093
101 40 104 123	0.010348071495766699 0.0017740981667652277
101 40 105	0.021933439802174024 0.34772324068598465
101 40 105 8	0.029889242906994386 0.008870490833826138
101 40 105 23	0.01855586930213796 0.0059136605558840925
101 40 105 44	0.03038674033149171 0.00384387936132466
101 40 105 50	0.0023923444976076554 0.0005913660555884093
101 40 105 58	0.016968987712112346 0.004139562389118865
101 40 105 73	0.034935272211384996 0.008870490833826138
101 40 105 88	0.01871544023819651 0.0056179775280898875
101 40 105 109	0.01759899434318039 0.003252513305736251
101 40 105 115	0.007308160779537149 0.0008870490833826139
101 40 105 123	0.023909395973154363 0.0059136605558840925
101 40 117 81	0.009555463232239303 0.0056179775280898875
101 40 117 104	0.0027247956403269754 0.0005913660555884093
101 40 117 108	0.0025220680958385876 0.00029568302779420464
101 40 117 110	0.012032085561497326 0.015671200473092846
101 40 118 75	0.009607791524085285 0.0059136605558840925
101 40 118 81	0.023529411764705882 0.0005913660555884093
101 40 118 98	0.1276595744680851 0.0005913660555884093
101 40 118 109	0.007575757575757576 0.00029568302779420464
101 40 121 56	0.006644518272425249 0.00029568302779420464
101 40 122	0.03433835845896147 0.005026611472501478
101 40 122 58	0.02040816326530612 0.00029568302779420464
101 40 122 109	0.05454545454545454 0.0005913660555884093
101 40 126 2	0.004233250256560622 0.020993494973388527
101 40 126 4	0.005994754589733983 0.002365464222353637
101 41 106	0.014015888883043089 0.06889414547604968
101 41 106 44	0.041736227045075125 0.0029568302779420462
101 41 106 58	0.004441976679622432 0.0005913660555884093
101 41 106 73	0.0020147750167897917 0.00029568302779420464
101 41 106 109	0.0121580547112462 0.0008870490833826139
101 41 106 123	0.021949078138718173 0.0011827321111768185
101 43 14	0.1 0.00029568302779420464
101 43 20 85	0.018633540372670808 0.0026611472501478417
101 43 21 85	0.007787676780262912 0.027202838557066823
101 43 21 104	0.012987012987012988 0.00029568302779420464
101 43 24 89	0.007911392405063292 0.0014784151389710231
101 43 30 85	0.0076453234719740725 0.03518628030751035
101 43 35 100	0.0037844186349993477 0.008574807806031934
101 43 38 100	0.0031963470319634705 0.0020697811945594325
101 43 46 111	0.005689091167685962 0.023063276167947958
101 43 52 104	0.004424778761061947 0.0008870490833826139
101 43 52 105	0.002932551319648094 0.0005913660555884093
101 43 81	0.013805658803003868 0.04701360141927853
101 43 81 23	0.007978723404255319 0.0005913660555884093
101 43 81 44	0.02527075812274368 0.0029568302779420462
101 43 81 88	0.00872093023255814 0.0005913660555884093
101 43 108	0.05588972431077694 0.09107037256061502
101 43 108 8	0.040983606557377046 0.0005913660555884093
101 43 108 44	0.016260162601626018 0.004139562389118865
101 43 108 58	0.029411764705882353 0.0005913660555884093
101 43 108 73	0.041666666666666664 0.0005913660555884093
101 43 108 109	0.0136986301369863 0.0014784151389710231
101 43 110	0.008921933085501859 0.0026611472501478417
101 43 110 77	0.016051364365971106 0.0017740981667652277
101 43 110 85	0.007798339164523879 0.06445890005913661
101 43 122 44	0.05555555555555555 0.0005913660555884093
101 44	0.020512820512820513 0.0011827321111768185
101 44 1 66	0.015989259123642133 0.023358959195742164
101 44 6 71	0.006996143151852184 0.01537551744529864
101 44 6 102	0.009467455621301775 0.0014784151389710231
101 44 6 111	0.024390243902439025 0.00029568302779420464
101 44 8 109	0.4 0.00029568302779420464
101 44 10 75	0.011111111111111112 0.0008870490833826139
101 44 12 77	0.013468013468013467 0.0017740981667652277
101 44 12 85	0.001087547580206634 0.0029568302779420462
101 44 12 104	0.014456194819055012 0.01714961561206387
101 44 12 105	0.007646474677259186 0.00827912477823773
101 44 16 81	0.007844016136261766 0.00827912477823773
101 44 20 77	0.006858710562414266 0.0005913660555884093
101 44 20 85	0.005015099712515984 0.06771141336487285
101 44 22 87	0.01949317738791423 0.004730928444707274
101 44 22 116	0.01808785529715762 0.00827912477823773
101 44 24 89	0.020391681809004643 0.011235955056179775
101 44 35 100	0.0032021783045803795 0.09491425192193968
101 44 36 101	0.07835120643431635 0.33767001774098165
101 44 36 127	0.011086474501108648 0.0017740981667652277
101 44 37 102	0.007751937984496124 0.0014784151389710231
101 44 39 77	0.011862396204033215 0.0026611472501478417
101 44 39 104	0.012411347517730497 0.018036664695446483
101 44 39 105	0.006498855835240275 0.009461856889414548
101 44 39 122	0.04059040590405904 0.0008870490833826139
101 44 40 77	0.00974025974025974 0.0017740981667652277
101 44 40 104	0.010711225364181662 0.01478415138971023
101 44 40 105	0.005531410509679968 0.00827912477823773
101 44 41 106	0.010899182561307902 0.004730928444707274
101 44 43 108	0.006335797254487857 0.0017740981667652277
101 44 44 109	0.07426127527216174 0.0056179775280898875
101 44 45 110	0.009036583588398192 0.024837374334713187
101 44 46 102	0.011867088607594937 0.0020697811945594325
101 44 46 111	0.006433597089981595 0.37463039621525723
101 44 51 87	0.009129213483146067 0.0008870490833826139
101 44 51 116	0.014089027247344267 0.041986989946777055
101 44 53 105	0.008695652173913044 0.00029568302779420464
101 44 57 122	0.0173053152039555 0.004730928444707274
101 44 63 128	0.014388489208633094 0.0005913660555884093
101 44 67 2	0.00975609756097561 0.0005913660555884093
101 44 88 23	0.08 0.0005913660555884093
101 44 88 88	0.08333333333333333 0.0005913660555884093
101 44 109	0.21501390176088972 0.024837374334713187
101 44 109 44	0.034702549575070823 0.0127143701951508
101 44 109 109	0.033218785796105384 0.0056179775280898875
101 44 121 56	0.17647058823529413 0.00029568302779420464
101 44 121 105	0.05 0.00029568302779420464
101 45 6 71	0.017595307917888565 0.0014784151389710231
101 45 10 75	0.005698005698005698 0.0005913660555884093
101 45 14	0.014492753623188406 0.00029568302779420464
101 45 14 8	0.022727272727272728 0.00029568302779420464
101 45 14 73	0.02857142857142857 0.00029568302779420464
101 45 14 123	0.1111111111111111 0.00029568302779420464
101 45 28 77	0.014277555682467162 0.0029568302779420462
101 45 28 104	0.01268541784874767 0.03400354819633353
101 45 28 105	0.007120829828987945 0.016262566528681254
101 45 30 77	0.015037593984962405 0.0005913660555884093
101 45 30 85	0.005518618768559641 0.058249556475458306
101 45 30 122	0.109375 0.0008870490833826139
101 45 52 77	0.0196078431372549 0.003252513305736251
101 45 52 104	0.014929807620886875 0.039621525724423415
101 45 52 105	0.008970727101038715 0.018036664695446483
101 45 52 122	0.03431372549019608 0.0008870490833826139
101 45 53 104	0.016771488469601678 0.002365464222353637
101 45 67 2	0.058823529411764705 0.00029568302779420464
101 45 98	0.14285714285714285 0.0005913660555884093
101 45 108	0.0339943342776204 0.0014784151389710231
101 45 110	0.016540053526605383 0.11028976936723832
101 45 110 8	0.015330823023130715 0.0017740981667652277
101 45 110 23	0.016940581542351455 0.0035481963335304554
101 45 110 43	1.2452369685951236e-05 0.00029568302779420464
101 45 110 44	0.02084352676387122 0.014488468361916026
101 45 110 58	0.008774678784080225 0.0014784151389710231
101 45 110 73	0.016165626772546796 0.0017740981667652277
101 45 110 88	0.017787078210829192 0.00384387936132466
101 45 110 108	0.01818181818181818 0.00029568302779420464
101 45 110 109	0.017510605650329452 0.006800709639266706
101 45 110 123	0.011666666666666667 0.0008870490833826139
101 46 71	0.012718600953895072 0.002365464222353637
101 46 102	0.011288655696001272 0.007096392667060911
101 46 102 8	0.014754098360655738 0.00029568302779420464
101 46 102 23	0.06345177664974619 0.00029568302779420464
101 46 102 50	0.002688172043010753 0.00029568302779420464
101 46 102 88	0.06345177664974619 0.00029568302779420464
101 46 102 115	0.09640666082383874 0.00029568302779420464
101 46 111	0.00789201663720457 0.9266706091070372
101 46 111 8	0.007557336446520216 0.021584861028976936
101 46 111 23	0.009854639435378912 0.031046717918391486
101 46 111 37	2.117139194492051e-06 0.00029568302779420464
101 46 111 43	8.182595115091736e-05 0.0011827321111768185
101 46 111 44	0.01845516990401674 0.03252513305736251
101 46 111 50	0.0025553036338010907 0.0059136605558840925
101 46 111 56	0.004326328800988875 0.0005913660555884093
101 46 111 58	0.008259005428963592 0.018923713778829097
101 46 111 73	0.014543885510968826 0.021584861028976936
101 46 111 88	0.010840346414310763 0.031046717918391486
101 46 111 108	0.010482180293501049 0.0011827321111768185
101 46 111 109	0.015886388836434593 0.02069781194559432
101 46 111 115	0.0038239757207890746 0.004730928444707274
101 46 111 121	0.0009317541825409972 0.0008870490833826139
101 46 111 123	0.01684393646620163 0.026611472501478415
101 49 102	0.12195121951219512 0.00029568302779420464
101 49 114	0.011998769356989026 0.03282081608515671
101 49 114 8	0.007766990291262136 0.0005913660555884093
101 49 114 91	0.00363901018922853 0.0005913660555884093
101 50 1 66	0.016666666666666666 0.0017740981667652277
101 50 6 71	0.010050251256281407 0.0005913660555884093
101 50 20 85	0.0029617928719518215 0.01596688350088705
101 50 22 87	0.0851063829787234 0.002365464222353637
101 50 33 98	0.5 0.00029568302779420464
101 50 35 100	0.004572404783438851 0.026020106445890007
101 50 37 111	0.024864376130198915 0.03252513305736251
101 50 39 105	0.004008016032064128 0.0011827321111768185
101 50 46 102	0.012096774193548387 0.0008870490833826139
101 50 46 111	0.00692284738569676 0.12536960378474277
101 50 50	0.7857142857142857 0.0056179775280898875
101 50 51 116	0.01721170395869191 0.011827321111768185
101 50 57 122	0.004901960784313725 0.00029568302779420464
101 50 58 123	0.2 0.00029568302779420464
101 50 67 2	0.02050113895216401 0.0026611472501478417
101 50 88	0.6 0.0008870490833826139
101 50 109 44	0.13636363636363635 0.0008870490833826139
101 50 115	0.8333333333333334 0.006800709639266706
101 51 14	0.05454545454545454 0.0005913660555884093
101 51 15 100	0.010822510822510822 0.005322294500295683
101 51 30 85	0.005216181754955373 0.005322294500295683
101 51 30 104	0.005037783375314861 0.0005913660555884093
101 51 51 116	0.017278617710583154 0.005026611472501478
101 51 87	0.010167267956707117 0.0017740981667652277
101 51 87 44	0.020673813169984685 0.0014784151389710231
101 51 87 109	0.025362318840579712 0.0011827321111768185
101 51 116	0.01765904852768984 0.1419278533412182
101 51 116 8	0.02268254790264112 0.0059136605558840925
101 51 116 23	0.01743503772003353 0.005322294500295683
101 51 116 44	0.026880147151038838 0.013010053222945003
101 51 116 50	0.010564663023679418 0.0014784151389710231
101 51 116 58	0.009680207433016421 0.004139562389118865
101 51 116 73	0.027000247708694577 0.0056179775280898875
101 51 116 85	0.015584415584415584 0.0029568302779420462
101 51 116 88	0.01878612716763006 0.005322294500295683
101 51 116 109	0.02450499099983636 0.011827321111768185
101 51 116 115	0.014414414414414415 0.0014784151389710231
101 51 116 116	0.02054794520547945 0.0011827321111768185
101 51 116 123	0.02332859174964438 0.007096392667060911
101 51 116 128	0.05357142857142857 0.0008870490833826139
101 53 18 85	0.00042716787697565144 0.0011827321111768185
101 53 83 85	0.00042716787697565144 0.0011827321111768185
101 53 118	0.4 0.0005913660555884093
101 53 126 2	0.0045045045045045045 0.00029568302779420464
101 56 46 111	0.0022206869324911172 0.011827321111768185
101 56 121	1.0 0.0008870490833826139
101 57 15 100	0.004097995545657015 0.013305736250739207
101 57 18 14	0.16666666666666666 0.00029568302779420464
101 57 18 85	0.004191464653795907 0.05351862803075103
101 57 27 85	0.005301619143143717 0.02188054405677114
101 57 30 66	0.2 0.00029568302779420464
101 57 30 85	0.007038712921065862 0.022176227084565348
101 57 34 105	0.00805523590333717 0.0020697811945594325
101 57 52 85	0.012368583797155226 0.0056179775280898875
101 57 52 104	0.007407407407407408 0.0005913660555884093
101 57 52 128	0.07142857142857142 0.00029568302779420464
101 57 77	0.021739130434782608 0.0026611472501478417
101 57 83 85	0.00420792977110313 0.05381431105854524
101 57 85	0.010542555926973516 0.01212300413956239
101 57 92 85	0.005315710078298973 0.02188054405677114
101 57 92 104	0.0014124293785310734 0.00029568302779420464
101 57 92 105	0.009505703422053232 0.0014784151389710231
101 57 93 110	0.00980392156862745 0.0017740981667652277
101 57 95 104	0.009735744089012517 0.0020697811945594325
101 57 95 110	0.025089605734767026 0.0020697811945594325
101 57 99 85	0.011048627191531591 0.03341218214074512
101 57 99 128	0.07142857142857142 0.00029568302779420464
101 57 104	0.022834360275462123 0.016262566528681254
101 57 104 23	0.08823529411764706 0.0005913660555884093
101 57 104 58	0.03076923076923077 0.0005913660555884093
101 57 104 109	0.05069124423963134 0.0017740981667652277
101 57 105	0.012596006144393242 0.01034890597279716
101 57 105 44	0.1095890410958904 0.0014784151389710231
101 57 105 123	0.04065040650406504 0.0011827321111768185
101 57 117 56	0.07142857142857142 0.00029568302779420464
101 57 117 81	0.00510204081632653 0.00029568302779420464
101 57 117 104	0.0024968789013732834 0.0005913660555884093
101 57 117 105	0.004761904761904762 0.0011827321111768185
101 57 117 110	0.017326732673267328 0.0020697811945594325
101 57 118 75	0.01875 0.0014784151389710231
101 57 122	0.05066927848514528 0.14872856298048492
101 57 122 8	0.07334525939177101 0.00384387936132466
101 57 122 23	0.03466204506065858 0.0026611472501478417
101 57 122 44	0.008676789587852495 0.002365464222353637
101 57 122 50	0.0038022813688212928 0.00029568302779420464
101 57 122 58	0.049484536082474224 0.004139562389118865
101 57 122 73	0.09172259507829977 0.00384387936132466
101 57 122 88	0.04219409282700422 0.0026611472501478417
101 57 122 109	0.02666666666666667 0.0029568302779420462
101 57 122 115	0.004081632653061225 0.00029568302779420464
101 57 122 123	0.04607046070460705 0.00384387936132466
101 57 126 2	0.005189189189189189 0.0056179775280898875
101 58	0.03205128205128205 0.0014784151389710231
101 58 1 66	0.007737824305871643 0.005026611472501478
101 58 6 71	0.003555268261150614 0.003252513305736251
101 58 8	0.06481481481481481 0.00029568302779420464
101 58 8 8	0.0802675585284281 0.00029568302779420464
101 58 8 73	0.0947867298578199 0.00029568302779420464
101 58 8 123	0.7611940298507462 0.007096392667060911
101 58 12 104	0.002053388090349076 0.00029568302779420464
101 58 16 81	0.010226767452200978 0.0059136605558840925
101 58 16 108	0.01620745542949757 0.002365464222353637
101 58 20 66	0.058823529411764705 0.00029568302779420464
101 58 20 85	0.007115850291006415 0.05263157894736842
101 58 23 58	0.07142857142857142 0.00029568302779420464
101 58 24 89	0.010539763653784734 0.018036664695446483
101 58 35 100	0.004367747184515908 0.0641632170313424
101 58 36 101	0.0968356843309188 0.14991129509166173
101 58 39 104	0.006153846153846154 0.005322294500295683
101 58 39 105	0.00349428208386277 0.0029568302779420462
101 58 39 122	0.013888888888888888 0.00029568302779420464
101 58 40 77	0.007866273352999017 0.0017740981667652277
101 58 40 104	0.01323140252866804 0.020106445890005913
101 58 40 105	0.007337796086508754 0.01212300413956239
101 58 41 106	0.009304056568663937 0.00384387936132466
101 58 46 102	0.011103853690398433 0.002365464222353637
101 58 46 111	0.0066064303491712335 0.47959787108219987
101 58 51 116	0.008693581040847921 0.01537551744529864
101 58 57 122	0.04116222760290557 0.0035481963335304554
101 58 58	0.07142857142857142 0.0005913660555884093
101 58 58 8	0.045454545454545456 0.00029568302779420464
101 58 58 73	0.043478260869565216 0.00029568302779420464
101 58 63 128	0.016129032258064516 0.00029568302779420464
101 58 67 2	0.008116883116883116 0.0014784151389710231
101 58 73	0.0761904761904762 0.00029568302779420464
101 58 73 8	0.07235142118863049 0.00029568302779420464
101 58 73 73	0.1033210332103321 0.00029568302779420464
101 58 73 123	0.746268656716418 0.007096392667060911
101 58 79 14	0.5 0.00029568302779420464
101 58 79 110	0.012987012987012988 0.00029568302779420464
101 58 88 58	0.06666666666666667 0.00029568302779420464
101 58 123	0.8681318681318682 0.035777646363098756
101 58 123 23	0.3950617283950617 0.004435245416913069
101 58 123 58	0.028037383177570093 0.0014784151389710231
101 58 123 88	0.4155844155844156 0.004435245416913069
101 62 101	0.8026383859286084 0.3007096392667061
101 62 101 8	0.5054945054945055 0.0026611472501478417
101 62 101 73	0.5463182897862233 0.0026611472501478417
101 62 101 109	0.003923107100823852 0.0020697811945594325
101 62 127	0.7243673174258858 0.04701360141927853
101 62 127 8	0.6453488372093024 0.0014784151389710231
101 62 127 23	0.010395010395010396 0.0005913660555884093
101 62 127 44	0.008363201911589008 0.0011827321111768185
101 62 127 73	0.6453488372093024 0.0014784151389710231
101 62 127 109	0.002310803004043905 0.0008870490833826139
101 63 30 85	0.03980099502487562 0.004730928444707274
101 63 34 77	0.017543859649122806 0.00029568302779420464
101 63 34 104	0.003205128205128205 0.0008870490833826139
101 63 34 105	0.008635578583765112 0.0014784151389710231
101 63 34 122	0.041666666666666664 0.00029568302779420464
101 63 51 116	0.05263157894736842 0.0017740981667652277
101 63 85	0.3333333333333333 0.00029568302779420464
101 63 117 77	0.017543859649122806 0.00029568302779420464
101 63 117 104	0.003205128205128205 0.0008870490833826139
101 63 117 105	0.008635578583765112 0.0014784151389710231
101 63 117 122	0.041666666666666664 0.00029568302779420464
101 63 128	0.03036876355748373 0.012418687167356593
101 63 128 23	0.04878048780487805 0.0005913660555884093
101 63 128 44	0.030303030303030304 0.0008870490833826139
101 63 128 88	0.04878048780487805 0.0005913660555884093
101 63 128 109	0.004830917874396135 0.00029568302779420464
101 63 128 123	0.02631578947368421 0.00029568302779420464
101 67 2	0.17547280171573407 0.11295091661738617
101 67 2 8	0.10714285714285714 0.0014784151389710231
101 67 2 23	0.05664488017429194 0.002365464222353637
101 67 2 50	0.06639004149377593 0.0017740981667652277
101 67 2 73	0.1111111111111111 0.0017740981667652277
101 67 2 88	0.06012024048096192 0.0035481963335304554
101 67 2 109	0.011299435028248588 0.00029568302779420464
101 67 2 110	0.06666666666666667 0.00029568302779420464
101 67 2 115	0.05904059040590406 0.0014784151389710231
101 67 2 123	0.05102040816326531 0.0008870490833826139
101 67 4	0.11650485436893204 0.006800709639266706
101 67 4 23	0.04081632653061224 0.0005913660555884093
101 67 4 88	0.029850746268656716 0.0005913660555884093
101 67 4 123	0.1 0.00029568302779420464
101 67 6 71	0.00012200401432563265 0.005322294500295683
101 67 21 85	0.008689403466306105 0.07746895328208162
101 67 21 104	0.01824817518248175 0.00029568302779420464
101 67 21 105	0.0009478672985781991 0.0005913660555884093
101 67 55	0.06666666666666667 0.00029568302779420464
101 67 61 77	0.007836990595611285 0.005026611472501478
101 67 61 85	0.00788286341556174 0.060615020697811946
101 67 61 104	0.014364599656742034 0.04376108811354228
101 67 61 105	0.007253886010362694 0.026611472501478415
101 67 61 118	0.0004434589800443459 0.00029568302779420464
101 67 61 122	0.02745995423340961 0.002365464222353637
101 69 2	0.06923076923076923 0.008574807806031934
101 69 4	0.754601226993865 0.01596688350088705
101 69 6 71	0.00019415213761503515 0.0008870490833826139
101 69 21 85	0.00923304677557593 0.04701360141927853
101 69 21 104	0.007575757575757576 0.00029568302779420464
101 69 61 77	0.006802721088435374 0.0008870490833826139
101 69 61 85	0.004359124821862688 0.01537551744529864
101 69 61 104	0.00986059163549813 0.00827912477823773
101 69 61 105	0.004791853848457622 0.004730928444707274
101 69 61 122	0.024096385542168676 0.0005913660555884093
101 72 7	1.0 0.0005913660555884093
101 72 30 85	0.0038910505836575876 0.00029568302779420464
101 72 56 85	0.0038910505836575876 0.00029568302779420464
101 72 99 85	0.0038910505836575876 0.00029568302779420464
101 73	0.12658227848101267 0.004435245416913069
101 73 1 66	0.03007518796992481 0.0026611472501478417
101 73 6 71	0.011566771819137749 0.01537551744529864
101 73 8	0.17724137931034484 0.028385570668243643
101 73 8 8	0.07982432061487785 0.0127143701951508
101 73 8 73	0.19803550612471096 0.013010053222945003
101 73 8 123	0.19753086419753085 0.00029568302779420464
101 73 10 75	0.0425531914893617 0.0017740981667652277
101 73 12 77	0.022988505747126436 0.0005913660555884093
101 73 12 104	0.0066518847006651885 0.0017740981667652277
101 73 12 105	0.003861003861003861 0.0008870490833826139
101 73 16 81	0.007444168734491315 0.0029568302779420462
101 73 16 108	0.0069084628670120895 0.0008870490833826139
101 73 20 66	0.05555555555555555 0.00029568302779420464
101 73 20 85	0.004523713011755168 0.04849201655824956
101 73 23 23	0.1111111111111111 0.00029568302779420464
101 73 23 88	0.1111111111111111 0.00029568302779420464
101 73 24 89	0.00940400586223742 0.017740981667652277
101 73 26 91	0.1111111111111111 0.00029568302779420464
101 73 35 100	0.0031574774162489733 0.09520993494973388
101 73 36 101	0.2557687825343796 0.34269662921348315
101 73 36 127	0.71875 0.019515079834417505
101 73 37 102	0.021015761821366025 0.0017740981667652277
101 73 37 111	0.0013550135501355014 0.00029568302779420464
101 73 39 77	0.005172413793103448 0.0008870490833826139
101 73 39 104	0.01547904990659194 0.01655824955647546
101 73 39 105	0.00665352390340069 0.007392075694855115
101 73 40 77	0.018111254851228976 0.0017740981667652277
101 73 40 104	0.0131986531986532 0.01537551744529864
101 73 40 105	0.014660493827160493 0.01655824955647546
101 73 41 106	0.0064516129032258064 0.0008870490833826139
101 73 45 110	0.007863247863247864 0.006209343583678297
101 73 46 102	0.013898080741230973 0.002365464222353637
101 73 46 111	0.007068333512154115 0.4615612063867534
101 73 49 114	0.0029411764705882353 0.0005913660555884093
101 73 51 14	1.0 0.00029568302779420464
101 73 51 116	0.010615876980719694 0.018332347723240685
101 73 57 122	0.07829977628635347 0.006505026611472502
101 73 62 101	0.8047244094488188 0.030455351862803074
101 73 62 127	0.6487119437939111 0.016853932584269662
101 73 67 2	0.06666666666666667 0.002365464222353637
101 73 73	0.3601694915254237 0.027794204612655235
101 73 73 8	0.07861326205730906 0.0127143701951508
101 73 73 73	0.18380663541953865 0.0127143701951508
101 73 73 123	0.1935483870967742 0.00029568302779420464
101 73 79 110	0.006493506493506494 0.00029568302779420464
101 73 88 23	0.1111111111111111 0.00029568302779420464
101 73 88 88	0.1111111111111111 0.00029568302779420464
101 73 109 44	0.18932038834951456 0.0008870490833826139
101 73 123	0.10344827586206896 0.00029568302779420464
101 73 123 58	0.29591836734693877 0.005322294500295683
101 73 123 123	0.07142857142857142 0.00029568302779420464
101 79 14	1.0 0.004139562389118865
101 79 14 123	0.5 0.00029568302779420464
101 79 18 85	0.0040965456155890164 0.01094027202838557
101 79 18 122	0.06666666666666667 0.00029568302779420464
101 79 21 85	0.06875 0.0017740981667652277
101 79 28 85	0.043478260869565216 0.00029568302779420464
101 79 30 85	0.002860858257477243 0.003252513305736251
101 79 38 100	0.005709065996802923 0.01478415138971023
101 79 53 77	0.2 0.00029568302779420464
101 79 53 105	0.024390243902439025 0.00029568302779420464
101 79 56	1.0 0.00029568302779420464
101 79 83 85	0.0040965456155890164 0.01094027202838557
101 79 85	0.017094017094017096 0.0011827321111768185
101 79 98	0.5 0.00029568302779420464
101 79 108 44	0.5 0.00029568302779420464
101 79 116	0.008241758241758242 0.0008870490833826139
101 79 116 8	0.25 0.00029568302779420464
101 88	0.047244094488188976 0.0017740981667652277
101 88 1 66	0.005661140315406389 0.004139562389118865
101 88 6 71	0.003911707180776753 0.00768775872264932
101 88 6 102	0.016574585635359115 0.0008870490833826139
101 88 10 75	0.005235602094240838 0.0005913660555884093
101 88 12 85	0.010869565217391304 0.00029568302779420464
101 88 12 104	0.010144927536231883 0.0020697811945594325
101 88 16 81	0.007033248081841432 0.003252513305736251
101 88 20 77	0.020202020202020204 0.0008870490833826139
101 88 20 85	0.008924923792464096 0.04997043169722058
101 88 20 105	0.005434782608695652 0.00029568302779420464
101 88 23	0.8943661971830986 0.03636901241868717
101 88 23 8	0.06666666666666667 0.00029568302779420464
101 88 23 23	0.039735099337748346 0.0017740981667652277
101 88 23 73	0.06666666666666667 0.00029568302779420464
101 88 23 88	0.039473684210526314 0.0017740981667652277
101 88 24 89	0.014126954228668298 0.022176227084565348
101 88 35 100	0.0034164358264081257 0.11827321111768184
101 88 36 101	0.1465818759936407 0.205204021289178
101 88 37 111	0.009127418765972983 0.01478415138971023
101 88 39 77	0.021671826625386997 0.0020697811945594325
101 88 39 104	0.014501697007096576 0.012418687167356593
101 88 39 105	0.005030959752321981 0.00384387936132466
101 88 40 77	0.006756756756756757 0.0008870490833826139
101 88 40 104	0.01387956122677412 0.015079834417504436
101 88 40 105	0.007510917030567685 0.010644589000591367
101 88 45 110	0.009313316652766194 0.013897102306327618
101 88 46 102	0.01720647773279352 0.002365464222353637
101 88 46 111	0.006737062358580083 0.4293317563571851
101 88 51 116	0.013220599538816295 0.020993494973388527
101 88 57 122	0.02040816326530612 0.0059136605558840925
101 88 58 123	0.38235294117647056 0.004435245416913069
101 88 63 128	0.02631578947368421 0.0008870490833826139
101 88 67 2	0.025 0.0035481963335304554
101 88 67 4	0.07894736842105263 0.0008870490833826139
101 88 67 55	0.2 0.00029568302779420464
101 88 69 2	0.024390243902439025 0.0005913660555884093
101 88 88	0.9 0.036073329390892965
101 88 88 8	0.06666666666666667 0.00029568302779420464
101 88 88 23	0.039735099337748346 0.0017740981667652277
101 88 88 73	0.06666666666666667 0.00029568302779420464
101 88 88 88	0.04 0.0017740981667652277
101 88 123 58	0.06666666666666667 0.00029568302779420464
101 96 6 71	0.004721435316336166 0.004730928444707274
101 96 31	1.0 0.002365464222353637
101 96 38 100	0.004256384576865298 0.0017740981667652277
101 102 35 100	0.00013049719431032232 0.00029568302779420464
101 102 37	1.0 0.00029568302779420464
101 102 46 111	0.0019305019305019305 0.00029568302779420464
101 108 20 85	0.006114961271911945 0.004435245416913069
101 108 24 89	0.014209591474245116 0.004730928444707274
101 108 35 100	0.002870938274827091 0.013010053222945003
101 108 45 110	0.005555555555555556 0.00029568302779420464
101 108 46 111	0.006029028656494232 0.04139562389118864
101 108 57 85	0.0038910505836575876 0.00029568302779420464
101 109	0.01639344262295082 0.0011827321111768185
101 109 1 66	0.017758204290382155 0.02188054405677114
101 109 6 71	0.0070834616569140745 0.022767593140153756
101 109 12 85	0.008080245193647256 0.013897102306327618
101 109 12 104	0.010909508497932935 0.01862803075103489
101 109 12 105	0.005271277963486758 0.008574807806031934
101 109 16 81	0.007725898555592879 0.011531638083973979
101 109 16 108	0.006455399061032864 0.0029568302779420462
101 109 20 85	0.005343256524020801 0.0703725606150207
101 109 22 87	0.032359081419624215 0.005322294500295683
101 109 22 116	0.011240632805995004 0.006209343583678297
101 109 24 89	0.014226100151745068 0.01596688350088705
101 109 35 100	0.00382054734908838 0.11649911295091661
101 109 36 101	0.08247495414138564 0.33707865168539325
101 109 36 127	0.019011406844106463 0.002365464222353637
101 109 37 71	0.016551724137931035 0.0056179775280898875
101 109 37 102	0.008952551477170993 0.0035481963335304554
101 109 39 104	0.00953619419159081 0.011235955056179775
101 109 39 105	0.0059906811626359 0.007096392667060911
101 109 40 77	0.009554140127388535 0.0014784151389710231
101 109 40 104	0.01064991807755325 0.01714961561206387
101 109 40 105	0.006165055345383214 0.008870490833826138
101 109 40 122	0.064 0.0011827321111768185
101 109 41 106	0.013657957244655582 0.025133057362507392
101 109 43 81	0.005606373561522573 0.007392075694855115
101 109 43 108	0.005029585798816568 0.0035481963335304554
101 109 44	0.26090404440919907 0.03429923122412774
101 109 44 8	0.3 0.0008870490833826139
101 109 44 44	0.05427547363031234 0.007983441750443524
101 109 44 50	0.12295081967213115 0.0005913660555884093
101 109 44 73	0.2926829268292683 0.0008870490833826139
101 109 44 109	0.025690021231422507 0.009461856889414548
101 109 44 115	0.14563106796116504 0.0005913660555884093
101 109 45 110	0.008718777351376826 0.033707865168539325
101 109 46 102	0.007744733581164808 0.0026611472501478417
101 109 46 111	0.006934511576928346 0.4926079243051449
101 109 51 87	0.006899950714637753 0.0008870490833826139
101 109 51 116	0.012700794841865377 0.032229450029568306
101 109 57 108	0.024691358024691357 0.0005913660555884093
101 109 57 122	0.00857449088960343 0.0017740981667652277
101 109 63 128	0.009900990099009901 0.0008870490833826139
101 109 109 44	0.0983201581027668 0.007096392667060911
101 109 115 50	0.1 0.00029568302779420464
101 109 121 56	0.25 0.00029568302779420464
101 115 1 66	0.016666666666666666 0.0017740981667652277
101 115 6 71	0.010050251256281407 0.0005913660555884093
101 115 12 105	0.0051813471502590676 0.00029568302779420464
101 115 20 85	0.0029617928719518215 0.01596688350088705
101 115 22 87	0.0851063829787234 0.002365464222353637
101 115 24 89	0.0010346611484738748 0.0005913660555884093
101 115 33 98	0.5 0.00029568302779420464
101 115 35 100	0.004572404783438851 0.026020106445890007
101 115 37 111	0.0006802721088435374 0.00029568302779420464
101 115 39 105	0.000942507068803016 0.00029568302779420464
101 115 40 105	0.0035087719298245615 0.0005913660555884093
101 115 46 111	0.004404512353233409 0.13010053222945003
101 115 50	0.6190476190476191 0.006800709639266706
101 115 51 116	0.014550928248871048 0.008574807806031934
101 115 57 122	0.004901960784313725 0.00029568302779420464
101 115 67 2	0.025714285714285714 0.0026611472501478417
101 115 109 44	0.13636363636363635 0.0008870490833826139
101 115 115	0.7333333333333333 0.0056179775280898875
101 120 2 23	0.3333333333333333 0.00029568302779420464
101 120 2 88	0.5 0.0005913660555884093
101 120 21 85	0.013168086754453912 0.010053222945002957
101 120 55	1.0 0.0011827321111768185
101 121 30 85	0.003439020298607616 0.010644589000591367
101 121 35 100	0.001565966331723868 0.007096392667060911
101 121 46 111	0.0009556748885045964 0.0059136605558840925
101 121 52 77	0.028846153846153848 0.0005913660555884093
101 121 52 104	0.01002615518744551 0.006800709639266706
101 121 52 105	0.0051660516605166054 0.0020697811945594325
101 121 56	0.8928571428571429 0.006505026611472502
101 121 56 104	0.01038961038961039 0.0011827321111768185
101 121 56 105	0.007380073800738007 0.0005913660555884093
101 121 56 109	0.08571428571428572 0.00029568302779420464
101 123	0.058823529411764705 0.0014784151389710231
101 123 1 66	0.004758667573079538 0.0020697811945594325
101 123 6 71	0.005833905284831846 0.0026611472501478417
101 123 12 105	0.0041841004184100415 0.0008870490833826139
101 123 16 81	0.014792899408284023 0.004435245416913069
101 123 16 108	0.0031645569620253164 0.00029568302779420464
101 123 20 85	0.009250861599854889 0.054405677114133646
101 123 23 58	0.6666666666666666 0.0014784151389710231
101 123 23 123	0.25 0.00029568302779420464
101 123 24 89	0.03269398430688753 0.02040212891780012
101 123 35 100	0.004195479708958735 0.09846244825547014
101 123 36 101	0.11998110533774209 0.15020697811945594
101 123 39 77	0.01366120218579235 0.0011827321111768185
101 123 39 104	0.01079136690647482 0.00827912477823773
101 123 39 105	0.008969996906897619 0.007983441750443524
101 123 40 77	0.008771929824561403 0.0005913660555884093
101 123 40 104	0.007874015748031496 0.0029568302779420462
101 123 40 105	0.013868962219033954 0.008574807806031934
101 123 41 106	0.0054869684499314125 0.002365464222353637
101 123 45 110	0.013793103448275862 0.00827912477823773
101 123 46 102	0.009380863039399626 0.0014784151389710231
101 123 46 111	0.006263409045465108 0.3633944411590775
101 123 51 116	0.010577864838393732 0.01537551744529864
101 123 57 105	0.012903225806451613 0.0005913660555884093
101 123 57 122	0.064343163538874 0.0056179775280898875
101 123 58	0.6910569105691057 0.02365464222353637
101 123 58 8	0.24242424242424243 0.005322294500295683
101 123 58 58	0.022222222222222223 0.00029568302779420464
101 123 58 73	0.3333333333333333 0.0059136605558840925
101 123 58 123	0.06569343065693431 0.0014784151389710231
101 123 69 4	1.0 0.00029568302779420464
101 123 88 58	0.6666666666666666 0.0014784151389710231
101 123 88 123	0.3333333333333333 0.00029568302779420464
101 123 123	0.08333333333333333 0.0005913660555884093
101 123 123 58	0.03333333333333333 0.00029568302779420464
102 37 101	1.0 0.005026611472501478
102 37 101 58	1.0 0.00029568302779420464
102 37 101 123	0.5 0.00029568302779420464
102 39 30 85	0.0013175230566534915 0.00029568302779420464
102 39 52 85	0.012345679012345678 0.00029568302779420464
102 39 99 85	0.000975609756097561 0.0008870490833826139
127	0.5533980582524272 0.033707865168539325
127 1 66	0.011178662482839772 0.007983441750443524
127 1 66 8	0.16666666666666666 0.0011827321111768185
127 1 66 44	0.03270223752151463 0.002365464222353637
127 1 66 73	0.17903930131004367 0.0011827321111768185
127 1 66 77	0.044444444444444446 0.00029568302779420464
127 1 66 85	0.001691153155057605 0.003252513305736251
127 1 66 88	0.007575757575757576 0.00029568302779420464
127 1 66 109	0.012 0.0011827321111768185
127 6 71	0.007914262159934049 0.007096392667060911
127 6 71 44	0.020895522388059702 0.0014784151389710231
127 6 71 73	0.030534351145038167 0.0008870490833826139
127 6 71 75	0.001728608470181504 0.0005913660555884093
127 6 71 109	0.005763688760806916 0.0005913660555884093
127 6 102	0.014084507042253521 0.00029568302779420464
127 8	0.2857142857142857 0.0008870490833826139
127 8 1 66	0.056022408963585436 0.0014784151389710231
127 8 6 102	0.18181818181818182 0.00029568302779420464
127 8 8	0.5142857142857142 0.0014784151389710231
127 8 8 8	0.3779527559055118 0.0008870490833826139
127 8 20 85	0.01245357220887044 0.011531638083973979
127 8 22 87	0.10638297872340426 0.0014784151389710231
127 8 36 101	0.40575396825396826 0.03015966883500887
127 8 36 127	0.8943089430894309 0.016262566528681254
127 8 37 102	0.030864197530864196 0.0008870490833826139
127 8 45 110	0.0015432098765432098 0.00029568302779420464
127 8 46 111	0.002716534053068807 0.013305736250739207
127 8 51 116	0.012263668880940215 0.0017740981667652277
127 8 62 101	1.0 0.03015966883500887
127 8 62 127	0.9016393442622951 0.016262566528681254
127 8 73	0.47368421052631576 0.0014784151389710231
127 8 73 8	0.3 0.0008870490833826139
127 8 109 44	0.2 0.0008870490833826139
127 10 6 71	0.0006730984967466906 0.00029568302779420464
127 10 28 77	0.003898635477582846 0.00029568302779420464
127 10 28 104	0.0007535795026375283 0.00029568302779420464
127 10 75	0.006070640176600441 0.003252513305736251
127 12 18 85	0.00026954177897574127 0.0020697811945594325
127 12 18 105	0.0051813471502590676 0.00029568302779420464
127 12 27 85	0.0012113870381586917 0.0011827321111768185
127 12 30 85	0.007552083333333333 0.005026611472501478
127 12 34 104	0.008316008316008316 0.0011827321111768185
127 12 52 85	0.010582010582010581 0.00384387936132466
127 12 77	0.05828220858895705 0.0029568302779420462
127 12 83 85	0.0002653458340704051 0.0020697811945594325
127 12 83 105	0.005128205128205128 0.00029568302779420464
127 12 92 85	0.0012113870381586917 0.0011827321111768185
127 12 93 75	0.0032397408207343412 0.0008870490833826139
127 12 99 77	0.014084507042253521 0.00029568302779420464
127 12 99 85	0.003549137192510097 0.00827912477823773
127 12 104	0.008535784635587657 0.00384387936132466
127 12 117 104	0.008298755186721992 0.0011827321111768185
127 16 30 85	0.004140786749482402 0.004139562389118865
127 16 81	0.012350847812434583 0.013897102306327618
127 16 81 8	0.016666666666666666 0.0005913660555884093
127 16 81 73	0.02247191011235955 0.0005913660555884093
127 16 81 109	0.010869565217391304 0.0005913660555884093
127 16 108	0.003799392097264438 0.0014784151389710231
127 16 108 44	0.01020408163265306 0.0005913660555884093
127 20 15 100	0.0025507126484325183 0.01478415138971023
127 20 18 77	0.006679948435485761 0.0011827321111768185
127 20 18 85	0.0015450308504240393 0.04908338261383797
127 20 18 104	0.0030854674483184203 0.0011827321111768185
127 20 18 105	0.0001544043850845364 0.0005913660555884093
127 20 27 77	0.012328767123287671 0.0008870490833826139
127 20 27 85	0.0020043528875841473 0.024837374334713187
127 20 27 104	0.01675041876046901 0.0005913660555884093
127 20 30 85	0.0043502931719311515 0.0035481963335304554
127 20 34 77	0.00762133975130365 0.0011827321111768185
127 20 34 104	0.006937436932391523 0.012418687167356593
127 20 34 105	0.0021588455857288946 0.006209343583678297
127 20 52 85	0.0017513134851138354 0.00029568302779420464
127 20 77 44	0.14606741573033707 0.0008870490833826139
127 20 83 14	0.04081632653061224 0.00029568302779420464
127 20 83 77	0.006664328305857594 0.0011827321111768185
127 20 83 85	0.0015440364665886906 0.04908338261383797
127 20 83 104	0.0030867373186541825 0.0011827321111768185
127 20 83 105	0.00015373971865631486 0.0005913660555884093
127 20 85	0.004534241339772767 0.03873447664104081
127 20 85 8	0.022527472527472527 0.0017740981667652277
127 20 85 23	0.008873114463176575 0.0017740981667652277
127 20 85 44	0.028122020972354625 0.003252513305736251
127 20 85 50	0.02986857825567503 0.0005913660555884093
127 20 85 58	0.009009009009009009 0.0011827321111768185
127 20 85 73	0.02655440414507772 0.0017740981667652277
127 20 85 88	0.00992063492063492 0.0017740981667652277
127 20 85 109	0.009720534629404616 0.0029568302779420462
127 20 85 123	0.004468275245755138 0.0014784151389710231
127 20 86 2	0.0012394645513138325 0.00384387936132466
127 20 86 4	0.010826210826210826 0.0014784151389710231
127 20 92 77	0.012569832402234637 0.0008870490833826139
127 20 92 85	0.0020199729983201246 0.024837374334713187
127 20 92 105	0.0012165450121654502 0.00029568302779420464
127 20 92 122	0.015748031496062992 0.00029568302779420464
127 20 95 77	0.00982928091050181 0.0014784151389710231
127 20 95 81	0.0038550501156515036 0.0011827321111768185
127 20 95 85	0.026970954356846474 0.0005913660555884093
127 20 95 104	0.004621008345403132 0.010053222945002957
127 20 95 105	0.0016395962494235793 0.006209343583678297
127 20 95 110	0.006993006993006993 0.002365464222353637
127 20 95 116	0.004672897196261682 0.00029568302779420464
127 20 117 77	0.018475750577367205 0.0008870490833826139
127 20 117 85	0.004807692307692308 0.00029568302779420464
127 20 117 104	0.0024171270718232043 0.0014784151389710231
127 20 117 105	0.0030170968823332216 0.0014784151389710231
127 20 126 2	0.0021027335536197055 0.0017740981667652277
127 20 126 4	0.008 0.0005913660555884093
127 22 87	0.08 0.0026611472501478417
127 22 87 44	0.19402985074626866 0.0020697811945594325
127 22 87 73	0.6666666666666666 0.0005913660555884093
127 23 12 104	0.021739130434782608 0.00029568302779420464
127 23 20 85	0.002840909090909091 0.00029568302779420464
127 23 23	0.4 0.0017740981667652277
127 23 24 89	0.002742230347349177 0.0008870490833826139
127 23 35 100	0.003224142378127418 0.007392075694855115
127 23 36 101	0.0015748031496062992 0.00029568302779420464
127 23 40 104	0.009900990099009901 0.00029568302779420464
127 23 45 110	0.0015372790161414297 0.0005913660555884093
127 23 46 111	0.0012195579571466096 0.016853932584269662
127 23 51 116	0.005671077504725898 0.0008870490833826139
127 23 57 122	0.01694915254237288 0.00029568302779420464
127 23 62 101	1.0 0.0011827321111768185
127 23 88	0.3333333333333333 0.0017740981667652277
127 24 89	0.007241063244729606 0.019810762862211707
127 24 89 8	0.005964214711729622 0.0008870490833826139
127 24 89 58	0.0020964360587002098 0.00029568302779420464
127 24 89 73	0.007042253521126761 0.0008870490833826139
127 24 89 109	0.014150943396226415 0.0005913660555884093
127 24 89 123	0.007575757575757576 0.0005913660555884093
127 35 80 85	0.00277302118741534 0.018332347723240685
127 35 80 104	0.002998596401684318 0.008574807806031934
127 35 80 105	0.0018985270049099836 0.00384387936132466
127 35 100	0.00208097693298275 0.04050857480780603
127 35 100 8	0.0005481454412570802 0.0005913660555884093
127 35 100 23	0.005356708059410762 0.0029568302779420462
127 35 100 44	0.032599837000814993 0.004139562389118865
127 35 100 56	0.14754098360655737 0.00029568302779420464
127 35 100 58	0.0023550191345304682 0.0011827321111768185
127 35 100 88	0.005607953097119552 0.0029568302779420462
127 35 100 108	0.02040816326530612 0.00029568302779420464
127 35 100 109	0.021354484441732765 0.0035481963335304554
127 35 100 115	0.017027863777089782 0.0005913660555884093
127 35 100 123	0.0025289017341040463 0.0005913660555884093
127 36 101	0.6601659456776116 0.29863985807214666
127 36 101 8	0.3554175293305728 0.0026611472501478417
127 36 101 44	0.007122507122507123 0.0026611472501478417
127 36 101 73	0.45859305431878894 0.0026611472501478417
127 36 101 109	0.0033079722130334105 0.0017740981667652277
127 36 127	0.8448010927095783 0.033707865168539325
127 36 127 8	0.7857142857142857 0.0008870490833826139
127 36 127 73	0.7857142857142857 0.0008870490833826139
127 37 71 73	0.2 0.0005913660555884093
127 37 102	0.01943198804185351 0.0020697811945594325
127 37 102 8	0.19230769230769232 0.0011827321111768185
127 37 102 44	0.02197802197802198 0.0005913660555884093
127 37 102 73	0.20833333333333334 0.0011827321111768185
127 39 15 100	0.0030906593406593405 0.0026611472501478417
127 39 30 77	0.021739130434782608 0.00029568302779420464
127 39 30 85	0.005513239027928908 0.01034890597279716
127 39 30 104	0.020833333333333332 0.0005913660555884093
127 39 52 77	0.04310344827586207 0.0005913660555884093
127 39 52 85	0.0024509803921568627 0.0014784151389710231
127 39 77 23	0.015625 0.00029568302779420464
127 39 77 88	0.01818181818181818 0.00029568302779420464
127 39 77 109	0.003355704697986577 0.00029568302779420464
127 39 93 75	0.0008 0.0008870490833826139
127 39 93 81	0.003067484662576687 0.00029568302779420464
127 39 93 110	0.004058441558441558 0.0014784151389710231
127 39 99 85	0.0037230568256041803 0.013010053222945003
127 39 104	0.012587412587412588 0.01478415138971023
127 39 104 109	0.02127659574468085 0.0008870490833826139
127 39 104 115	0.12903225806451613 0.00029568302779420464
127 39 105	0.001084010840108401 0.0017740981667652277
127 39 105 23	0.004901960784313725 0.00029568302779420464
127 39 105 88	0.005025125628140704 0.00029568302779420464
127 40 30 85	0.0026304859476671744 0.00384387936132466
127 40 52 85	0.0124804992199688 0.0020697811945594325
127 40 77	0.015772870662460567 0.0014784151389710231
127 40 99 85	0.003999304468788037 0.006505026611472502
127 40 104	0.005334914048606995 0.0026611472501478417
127 40 105	0.01312522170982618 0.01094027202838557
127 41 106	0.0012360939431396785 0.002365464222353637
127 43 81	0.005039193729003359 0.0026611472501478417
127 43 81 8	0.043478260869565216 0.0005913660555884093
127 43 81 73	0.09090909090909091 0.0005913660555884093
127 43 108	0.018315018315018316 0.00384387936132466
127 43 110 85	9.83574309039048e-05 0.00029568302779420464
127 44 1 66	0.006309148264984227 0.0017740981667652277
127 44 6 71	0.005076142131979695 0.0005913660555884093
127 44 12 104	0.0022675736961451248 0.00029568302779420464
127 44 16 81	0.002484472049689441 0.0005913660555884093
127 44 20 85	0.0027003672499459927 0.007392075694855115
127 44 22 87	0.037815126050420166 0.0017740981667652277
127 44 35 100	0.0014186074004019387 0.01034890597279716
127 44 36 101	0.00046146746654360867 0.00029568302779420464
127 44 39 104	0.005029337803855826 0.0014784151389710231
127 44 43 110	0.018518518518518517 0.0005913660555884093
127 44 45 110	0.005597014925373134 0.0017740981667652277
127 44 46 111	0.002184664650418075 0.02956830277942046
127 44 51 116	0.0018352833218628125 0.002365464222353637
127 44 62 101	0.09734513274336283 0.003252513305736251
127 44 62 127	0.013157894736842105 0.00029568302779420464
127 44 109	0.14814814814814814 0.0020697811945594325
127 44 109 44	0.029921259842519685 0.0014784151389710231
127 45 28 77	0.0064516129032258064 0.00029568302779420464
127 45 28 104	0.0015228426395939086 0.0008870490833826139
127 45 30 77	0.03389830508474576 0.00029568302779420464
127 45 30 85	0.0016733601070950468 0.004139562389118865
127 45 110	0.005779431557279708 0.010644589000591367
127 45 110 44	0.0392019600980049 0.004730928444707274
127 45 110 109	0.007377049180327869 0.0017740981667652277
127 46 102 88	0.03773584905660377 0.00029568302779420464
127 46 111	0.002798404544082909 0.19722057953873448
127 46 111 8	0.0031994271061932594 0.005322294500295683
127 46 111 23	0.002424190873134011 0.006505026611472502
127 46 111 44	0.02574713672154617 0.01212300413956239
127 46 111 50	0.0015420540159492445 0.0011827321111768185
127 46 111 56	0.0410958904109589 0.00029568302779420464
127 46 111 58	0.002654867256637168 0.006505026611472502
127 46 111 73	0.0058247119185802 0.005322294500295683
127 46 111 88	0.002667540247098465 0.006505026611472502
127 46 111 109	0.010462683096954197 0.00827912477823773
127 46 111 115	0.0015479127364194844 0.0008870490833826139
127 46 111 123	0.0043502152211741 0.007983441750443524
127 49 114	0.0022624434389140274 0.0005913660555884093
127 50 35 100	0.0015901996584015549 0.007983441750443524
127 50 46 111	0.001359039190897598 0.01212300413956239
127 50 50	0.4 0.0005913660555884093
127 50 115	0.3333333333333333 0.0005913660555884093
127 51 30 14	0.25 0.00029568302779420464
127 51 30 85	0.005341880341880342 0.0014784151389710231
127 51 87 44	0.038461538461538464 0.0005913660555884093
127 51 116	0.008298755186721992 0.01094027202838557
127 51 116 8	0.04994797086368366 0.0008870490833826139
127 51 116 44	0.03974988834301027 0.0026611472501478417
127 51 116 73	0.05660377358490566 0.0008870490833826139
127 51 116 109	0.005504587155963303 0.0014784151389710231
127 51 116 123	0.008875739644970414 0.00029568302779420464
127 55 46 111	0.0022980679206741 0.006800709639266706
127 55 51 116	0.025 0.00029568302779420464
127 57 30 85	0.005701254275940707 0.0014784151389710231
127 57 99 85	0.0026016260162601626 0.002365464222353637
127 57 104	0.005714285714285714 0.0005913660555884093
127 57 122	0.028858218318695106 0.006505026611472502
127 57 122 23	0.03125 0.00029568302779420464
127 57 122 88	0.04 0.00029568302779420464
127 58 20 85	0.01439162668992586 0.009757539917208752
127 58 24 89	0.0029411764705882353 0.00029568302779420464
127 58 35 100	0.0005219887772412893 0.0011827321111768185
127 58 46 111	0.005471457231442641 0.047900650502661145
127 58 51 116	0.007556675062972292 0.0008870490833826139
127 58 69 2	0.029411764705882353 0.00029568302779420464
127 58 123	0.625 0.0014784151389710231
127 62 101	0.9435545918724207 0.5647545830869308
127 62 101 8	0.4805914972273567 0.0026611472501478417
127 62 101 44	0.010040160642570281 0.0020697811945594325
127 62 101 58	0.01642710472279261 0.0005913660555884093
127 62 101 73	0.5306122448979592 0.0026611472501478417
127 62 101 88	0.027600849256900213 0.0017740981667652277
127 62 101 109	0.005313496280552604 0.0020697811945594325
127 62 127	0.7389318787263732 0.033707865168539325
127 62 127 8	0.5520361990950227 0.0008870490833826139
127 62 127 73	0.6288659793814433 0.0008870490833826139
127 63 128	0.018072289156626505 0.0011827321111768185
127 67 2	0.056417489421720736 0.0029568302779420462
127 67 4 109	0.5 0.00029568302779420464
127 67 6 71	3.49882789265596e-05 0.00029568302779420464
127 67 21 85	0.0009066868152625614 0.0014784151389710231
127 67 61 77	0.007407407407407408 0.0014784151389710231
127 67 61 85	0.0009305210918114144 0.0017740981667652277
127 67 61 104	0.006791632708503124 0.006209343583678297
127 67 61 105	0.0018774935461159353 0.002365464222353637
127 69 4	1.0 0.0011827321111768185
127 69 21 85	0.0013083296990841692 0.0008870490833826139
127 73	0.3333333333333333 0.0008870490833826139
127 73 1 66	0.056022408963585436 0.0014784151389710231
127 73 6 71	0.011589403973509934 0.0011827321111768185
127 73 8	0.5142857142857142 0.0014784151389710231
127 73 8 73	0.3116883116883117 0.0008870490833826139
127 73 20 85	0.01245357220887044 0.011531638083973979
127 73 36 101	0.40575396825396826 0.03015966883500887
127 73 36 127	0.8943089430894309 0.016262566528681254
127 73 37 71	0.01 0.0008870490833826139
127 73 45 110	0.0015432098765432098 0.00029568302779420464
127 73 46 111	0.002716534053068807 0.013305736250739207
127 73 51 116	0.012263668880940215 0.0017740981667652277
127 73 62 101	1.0 0.03015966883500887
127 73 62 127	0.9016393442622951 0.016262566528681254
127 73 73	0.5454545454545454 0.0014784151389710231
127 73 73 8	0.46601941747572817 0.0008870490833826139
127 73 73 73	0.4752475247524752 0.0008870490833826139
127 73 109 44	0.2 0.0008870490833826139
127 88 12 104	0.021739130434782608 0.00029568302779420464
127 88 20 85	0.002840909090909091 0.00029568302779420464
127 88 23	0.4 0.0017740981667652277
127 88 24 89	0.002742230347349177 0.0008870490833826139
127 88 35 100	0.003224142378127418 0.007392075694855115
127 88 36 101	0.0015748031496062992 0.00029568302779420464
127 88 40 104	0.009900990099009901 0.00029568302779420464
127 88 46 111	0.0012195579571466096 0.016853932584269662
127 88 51 116	0.005671077504725898 0.0008870490833826139
127 88 57 122	0.01694915254237288 0.00029568302779420464
127 88 62 101	1.0 0.0011827321111768185
127 88 88	0.4 0.0017740981667652277
127 109 1 66	0.02586206896551724 0.002365464222353637
127 109 20 85	0.0035730645900137427 0.00827912477823773
127 109 22 87	0.038314176245210725 0.0020697811945594325
127 109 22 116	0.0033305578684429643 0.0011827321111768185
127 109 24 89	0.007462686567164179 0.003252513305736251
127 109 35 100	0.0023615381187898233 0.011235955056179775
127 109 36 101	0.001713796058269066 0.0005913660555884093
127 109 37 71	0.02857142857142857 0.0005913660555884093
127 109 43 81	0.001567398119122257 0.0005913660555884093
127 109 44	0.2574626865671642 0.005026611472501478
127 109 44 8	0.8888888888888888 0.0008870490833826139
127 109 44 44	0.12539184952978055 0.002365464222353637
127 109 44 50	0.19607843137254902 0.00029568302779420464
127 109 44 109	0.007135575942915392 0.0005913660555884093
127 109 45 110	0.0029597474348855564 0.0020697811945594325
127 109 46 111	0.005509585344708182 0.0514488468361916
127 109 51 116	0.00694815606627472 0.0026611472501478417
127 109 57 122	0.009345794392523364 0.00029568302779420464
127 109 62 101	0.7333333333333333 0.003252513305736251
127 109 62 127	0.023809523809523808 0.00029568302779420464
127 109 109 44	0.13793103448275862 0.0017740981667652277
127 115 35 100	0.002936340145642471 0.007392075694855115
127 115 46 111	0.0028721876495931067 0.011827321111768185
127 115 50	0.4 0.0005913660555884093
127 115 51 116	0.007731958762886598 0.0008870490833826139
127 115 109 44	0.2 0.0005913660555884093
127 121 35 100	0.003131932663447736 0.007096392667060911
127 123 20 85	0.004682843763303533 0.003252513305736251
127 123 46 111	0.003041211519364449 0.024541691306918984
129 13 78 101	0.0005699629524080935 0.0011827321111768185
129 13 78 127	0.0023273855702094647 0.0008870490833826139
129 64 101	0.5156375300721732 0.17090479006505027
129 101 1 66	0.00116921768707483 0.003252513305736251
129 101 6 71	0.00024324981756263683 0.0008870490833826139
129 101 20 85	0.0003408269825905577 0.0011827321111768185
129 101 35 100	4.991962939667136e-05 0.0059136605558840925
129 101 37 111	0.00037230081906180194 0.0008870490833826139
129 101 39 77	0.0007593014426727411 0.00029568302779420464
129 101 41 106	0.00129366106080207 0.004139562389118865
129 101 46 111	0.0003092985080287096 0.06327616794795979
129 101 51 14	0.5 0.00029568302779420464
129 101 51 116	9.31619154089808e-05 0.00029568302779420464
129 127 1 66	0.0018018018018018018 0.00029568302779420464
129 127 10 75	0.001366120218579235 0.00029568302779420464
129 127 20 85	0.00010617965597791463 0.0005913660555884093
129 127 24 89	0.00035373187124159886 0.00029568302779420464
129 127 35 100	7.239731647280273e-05 0.0008870490833826139
129 127 41 106	0.0005706676811869887 0.00029568302779420464
129 127 45 110	0.0014245014245014246 0.0005913660555884093
129 127 46 111	0.000308986814323554 0.006209343583678297
129 127 49 114	0.002238805970149254 0.0008870490833826139
129 127 51 14	0.5 0.00029568302779420464
129 127 51 116	0.0003526093088857546 0.00029568302779420464
