71 6 112	1.0 1.0
102 1 66 85	0.0005982650314089142 1.0
102 12 18 85	0.00011071744906997343 1.0
102 12 83 85	0.00011071744906997343 1.0
102 20 18 85	5.52983567540307e-05 1.0
102 20 27 85	0.0003368577360410279 1.0
102 20 83 85	5.529529901485895e-05 1.0
102 20 85	3.0675317106090586e-05 1.0
102 20 92 85	0.0003416515015234868 1.0
102 30 18 85	0.00013846579894765993 1.0
102 30 83 85	0.00013846579894765993 1.0
102 35 80 85	1.7467096357237053e-05 1.0
102 37 112	1.0 1.0
102 39 18 85	0.00011071744906997343 1.0
102 39 83 85	0.00011071744906997343 1.0
102 40 30 85	8.697164724299878e-05 1.0
102 40 99 85	7.955133049600255e-05 1.0
102 43 81	0.0006600660066006601 1.0
102 79 21 85	0.0019267822736030828 1.0
102 79 30 85	0.0019267822736030828 1.0
109 12 18 85	0.00012923235978288964 1.0
109 12 27 85	0.0008230452674897119 1.0
109 12 83 85	0.00012923235978288964 1.0
109 12 92 85	0.0008230452674897119 1.0
109 20 18 85	0.00012923235978288964 1.0
109 20 27 85	0.0008230452674897119 1.0
109 20 83 85	0.00012923235978288964 1.0
109 20 92 85	0.0008230452674897119 1.0
109 44 112	1.0 1.0
111 20 18 85	0.00014427932477276007 1.0
111 20 83 85	0.00014382281029771322 1.0
111 46 112	1.0 1.0
112	1.0 1.0
112 16 81	0.020833333333333332 1.0
112 20 85	0.0019267822736030828 1.0
112 46 111	0.0002955082742316785 1.0
112 47 112	1.0 1.0
