5 70 127	1.0 0.003745318352059925
13 78 64 101	0.0006822833750284285 0.011235955056179775
13 78 101	0.01919446192573946 0.19101123595505617
13 78 101 8	0.0018867924528301887 0.003745318352059925
13 78 101 73	0.0035335689045936395 0.003745318352059925
13 78 127	0.24279210925644917 0.44569288389513106
13 78 127 23	0.08 0.00749063670411985
13 78 127 88	0.10526315789473684 0.00749063670411985
13 102 20 85	0.00018134558423502388 0.00749063670411985
13 102 35 100	0.0001957457914654835 0.011235955056179775
13 102 40 77	0.007518796992481203 0.003745318352059925
13 102 40 104	0.0004520795660036166 0.003745318352059925
13 102 40 105	0.000691085003455425 0.003745318352059925
13 102 45 110	0.0016501650165016502 0.003745318352059925
13 102 46 111	0.0005129161615219621 0.04119850187265917
64 101 1 66	0.00011825922421948912 0.003745318352059925
64 101 10 75	0.000881057268722467 0.003745318352059925
64 101 24 89	5.476751191193384e-05 0.003745318352059925
64 101 35 100	1.2551172174888034e-05 0.02247191011235955
64 101 41 106	0.0002134927412467976 0.011235955056179775
64 101 45 110	0.00035589299483955157 0.011235955056179775
64 101 46 111	5.354652611091581e-05 0.10861423220973783
64 101 49 114	0.0007880220646178094 0.00749063670411985
64 101 51 116	0.0001322226629644321 0.003745318352059925
64 101 79 116	0.0007374631268436578 0.003745318352059925
64 129 64 101	0.0002484472049689441 0.003745318352059925
64 129 101	0.009397457158651189 0.0299625468164794
64 129 127	0.4673913043478261 0.16104868913857678
64 129 127 23	0.3125 0.00749063670411985
64 129 127 88	0.38461538461538464 0.00749063670411985
101	0.05968586387434555 0.42696629213483145
101 1 66	0.0009427876742916688 0.0898876404494382
101 1 66 44	0.004965243296921549 0.018726591760299626
101 1 66 73	0.02032520325203252 0.00749063670411985
101 1 66 109	0.004842615012106538 0.011235955056179775
101 6 71	0.0006099730595232044 0.07865168539325842
101 6 71 2	0.00021253985122210415 0.003745318352059925
101 6 71 44	0.0037117228580266005 0.011235955056179775
101 6 71 75	0.0001773049645390071 0.011235955056179775
101 6 102 8	0.02564102564102564 0.003745318352059925
101 8	0.050505050505050504 0.00749063670411985
101 8 1 66	0.0400390625 0.02247191011235955
101 8 8	0.03115264797507788 0.0149812734082397
101 8 8 8	0.00324114088159032 0.00749063670411985
101 8 16 81	0.0018832391713747645 0.00749063670411985
101 8 16 108	0.005555555555555556 0.00749063670411985
101 8 20 85	0.0016075773375043448 0.026217228464419477
101 8 22 87	0.0425531914893617 0.00749063670411985
101 8 24 89	0.000678119349005425 0.011235955056179775
101 8 35 100	3.7910858933693906e-05 0.011235955056179775
101 8 36 101	0.07015403385694677 0.24344569288389514
101 8 36 127	0.9576427255985267 0.2883895131086142
101 8 37 71	0.003092783505154639 0.003745318352059925
101 8 37 102	0.02364864864864865 0.011235955056179775
101 8 45 110	0.00032425421530479895 0.003745318352059925
101 8 46 111	0.0005597029036479015 0.149812734082397
101 8 49 114	0.0021413276231263384 0.003745318352059925
101 8 51 116	0.009594243453927643 0.02247191011235955
101 8 62 101	0.5268199233716475 0.20599250936329588
101 8 62 127	0.8944281524926686 0.22846441947565543
101 8 73	0.00998502246630055 0.0149812734082397
101 8 73 8	9.771636846888222e-05 0.00749063670411985
101 8 73 73	0.0005074081591231987 0.00749063670411985
101 10 6 71	6.448700586831753e-05 0.003745318352059925
101 10 28 77	0.0011312217194570137 0.003745318352059925
101 10 28 104	0.00022423200538156812 0.003745318352059925
101 10 75	0.0010802317588137092 0.03745318352059925
101 12 15 100	0.00027820833830133937 0.026217228464419477
101 12 18 85	0.0004974134500596896 0.07116104868913857
101 12 27 85	0.0006138197123816205 0.026217228464419477
101 12 30 85	0.0010620458356623813 0.04119850187265917
101 12 34 104	0.002886836027713626 0.018726591760299626
101 12 52 77	0.009259259259259259 0.003745318352059925
101 12 52 85	0.0011837821840781297 0.026217228464419477
101 12 77	0.015043547110055424 0.033707865168539325
101 12 77 44	0.003401360544217687 0.003745318352059925
101 12 83 85	0.0004966106324336404 0.07116104868913857
101 12 92 85	0.0006091193873999304 0.026217228464419477
101 12 93 75	0.000587026709715292 0.00749063670411985
101 12 93 81	0.00267379679144385 0.003745318352059925
101 12 99 85	0.0006274561606287771 0.06741573033707865
101 12 104 50	0.02564102564102564 0.003745318352059925
101 12 105	0.0006447453255963894 0.018726591760299626
101 12 117 81	0.0021929824561403508 0.003745318352059925
101 12 126 2	0.000762001524003048 0.011235955056179775
101 16 28 104	0.0002007628990162618 0.003745318352059925
101 16 30 85	0.0001670843776106934 0.0149812734082397
101 16 81	0.0020356760859814374 0.1647940074906367
101 16 81 109	0.0018656716417910447 0.003745318352059925
101 16 108	0.0010975609756097562 0.026217228464419477
101 16 108 44	0.0015503875968992248 0.00749063670411985
101 20 1 66	0.001401541695865452 0.026217228464419477
101 20 15 100	0.0002473326259088334 0.13857677902621723
101 20 18 77	7.635168199466858e-09 0.011235955056179775
101 20 18 85	1.0479649035571016e-05 0.1647940074906367
101 20 27 77	0.00030785807742630646 0.003745318352059925
101 20 27 85	0.0002744940340668287 0.09737827715355805
101 20 30 85	0.002391024462019496 0.026217228464419477
101 20 34 77	0.0016256516620886821 0.0149812734082397
101 20 34 104	0.0008250048848973448 0.0599250936329588
101 20 34 105	0.00017007557271100462 0.02247191011235955
101 20 34 122	0.0025101976780671476 0.003745318352059925
101 20 52 85	0.0012755102040816326 0.003745318352059925
101 20 83 77	5.665133627553397e-09 0.011235955056179775
101 20 83 85	7.864923174561725e-06 0.1647940074906367
101 20 85	0.00051953015364955 0.18726591760299627
101 20 85 8	0.00416033811001783 0.011235955056179775
101 20 85 23	0.0005254308532997058 0.003745318352059925
101 20 85 44	0.002001026167265264 0.02247191011235955
101 20 85 50	0.006094257854821235 0.00749063670411985
101 20 85 73	0.00492842055855433 0.011235955056179775
101 20 85 88	0.0005801810164771409 0.003745318352059925
101 20 85 109	0.0013105472845460265 0.018726591760299626
101 20 85 115	0.0063532401524777635 0.00749063670411985
101 20 85 123	0.0036809815950920245 0.003745318352059925
101 20 86 2	7.414043433937784e-05 0.00749063670411985
101 20 86 4	0.00042574327680408716 0.003745318352059925
101 20 92 77	0.00031237797735259666 0.003745318352059925
101 20 92 85	0.00027413236859700726 0.10112359550561797
101 20 95 77	0.002002347579921287 0.018726591760299626
101 20 95 81	0.0011628872829969267 0.00749063670411985
101 20 95 85	0.006484352974344516 0.00749063670411985
101 20 95 104	0.0005628337196643733 0.07116104868913857
101 20 95 105	0.00011169703062262276 0.026217228464419477
101 20 95 110	0.0004435114278111233 0.011235955056179775
101 20 95 116	0.0016891891891891893 0.00749063670411985
101 20 95 122	0.001399384270920795 0.00749063670411985
101 20 117 77	0.005651998385143318 0.0149812734082397
101 20 117 85	0.0006548788474132286 0.003745318352059925
101 20 117 105	0.0003812428516965307 0.011235955056179775
101 20 126 2	0.000222000222000222 0.0149812734082397
101 22 87	0.014466546112115732 0.02247191011235955
101 22 87 44	0.028720626631853787 0.011235955056179775
101 22 87 115	0.078125 0.003745318352059925
101 23 1 66	0.0034482758620689655 0.003745318352059925
101 23 12 104	0.00145985401459854 0.003745318352059925
101 23 20 85	0.00031385912209119847 0.0149812734082397
101 23 23	0.0759493670886076 0.02247191011235955
101 23 24 89	0.0007109847138286527 0.00749063670411985
101 23 35 100	0.00015087393728170428 0.056179775280898875
101 23 36 101	0.00017927572606669058 0.003745318352059925
101 23 36 127	0.16666666666666666 0.0149812734082397
101 23 37 111	0.0003650967506389193 0.00749063670411985
101 23 40 104	0.0004438526409232135 0.003745318352059925
101 23 45 81	0.5 0.003745318352059925
101 23 46 111	0.0002096870714962233 0.1947565543071161
101 23 51 116	0.000510073960724305 0.00749063670411985
101 23 57 122	0.001288659793814433 0.003745318352059925
101 23 88	0.06521739130434782 0.02247191011235955
101 24 89	0.0007711078574914593 0.0749063670411985
101 24 89 23	0.0008396305625524769 0.003745318352059925
101 24 89 44	0.009212730318257957 0.003745318352059925
101 24 89 88	0.0008723466123873219 0.003745318352059925
101 35 80 85	0.000213025655197826 0.0599250936329588
101 35 80 104	6.556612708172454e-05 0.011235955056179775
101 35 100	0.00020483981044846906 0.149812734082397
101 35 100 23	0.0006097417978002392 0.00749063670411985
101 35 100 44	0.004794333968945791 0.026217228464419477
101 35 100 50	0.004017354973485457 0.003745318352059925
101 35 100 56	0.04060913705583756 0.003745318352059925
101 35 100 88	0.0006376612547211458 0.00749063670411985
101 35 100 109	0.0021724512491594684 0.0149812734082397
101 35 100 115	0.004395962227287529 0.00749063670411985
101 35 100 123	0.0001423183661851562 0.003745318352059925
101 36 101	0.01467477149982502 0.4419475655430712
101 36 101 8	0.01655503942962083 0.011235955056179775
101 36 101 23	3.521002781592197e-05 0.003745318352059925
101 36 101 73	0.02235839077944341 0.011235955056179775
101 36 127	0.9805204244803024 0.7715355805243446
101 36 127 8	0.2170212765957447 0.00749063670411985
101 36 127 23	0.011299435028248588 0.00749063670411985
101 36 127 44	0.008778930566640064 0.003745318352059925
101 36 127 73	0.21888412017167383 0.00749063670411985
101 36 127 88	0.012678288431061807 0.00749063670411985
101 36 127 109	0.003514376996805112 0.003745318352059925
101 37 71 8	0.047619047619047616 0.00749063670411985
101 37 102	0.003692132916785004 0.02247191011235955
101 37 102 73	0.06451612903225806 0.00749063670411985
101 37 111	0.00013358625664591626 0.018726591760299626
101 37 111 44	0.0023781212841854932 0.003745318352059925
101 37 111 58	0.0011947431302270011 0.003745318352059925
101 39 1 66	0.013888888888888888 0.003745318352059925
101 39 15 100	0.00031624063894066114 0.08239700374531835
101 39 18 85	0.00027699215674840364 0.07116104868913857
101 39 27 85	0.0010693916349809886 0.033707865168539325
101 39 27 105	0.0005780346820809249 0.003745318352059925
101 39 30 85	0.0003656147511909764 0.10861423220973783
101 39 52 77	0.004333694474539545 0.003745318352059925
101 39 52 85	0.00012055455093429777 0.02247191011235955
101 39 77	0.0014182849661793584 0.018726591760299626
101 39 77 23	0.0013869625520110957 0.003745318352059925
101 39 77 44	0.000594883997620464 0.003745318352059925
101 39 77 88	0.001524390243902439 0.003745318352059925
101 39 77 109	0.0004154549231408392 0.003745318352059925
101 39 83 85	0.0002742533812555031 0.07116104868913857
101 39 92 85	0.0011775788977861517 0.03745318352059925
101 39 93 75	7.098743522396536e-05 0.00749063670411985
101 39 93 81	0.006153846153846154 0.003745318352059925
101 39 93 110	0.00015512694555044212 0.011235955056179775
101 39 99 85	0.0004247333832716826 0.13108614232209737
101 39 104	0.0008801955990220049 0.18352059925093633
101 39 104 8	0.0006002400960384153 0.003745318352059925
101 39 104 50	0.01238390092879257 0.003745318352059925
101 39 104 109	0.0018387986515476554 0.00749063670411985
101 39 104 115	0.01238390092879257 0.003745318352059925
101 39 105	0.0001325947315693323 0.0299625468164794
101 39 105 23	0.0004514672686230248 0.003745318352059925
101 39 105 44	0.002909090909090909 0.011235955056179775
101 39 105 88	0.0004805382027871216 0.003745318352059925
101 39 105 109	0.0007892659826361484 0.003745318352059925
101 39 117 81	0.003579240405647246 0.003745318352059925
101 39 117 110	0.00026368526526737685 0.00749063670411985
101 39 126 2	0.0004856160525242322 0.02247191011235955
101 40 15 100	0.00030339171008306653 0.07865168539325842
101 40 18 77	0.00625 0.003745318352059925
101 40 18 85	9.527439024390244e-05 0.00749063670411985
101 40 27 85	0.00016017940092904052 0.003745318352059925
101 40 30 85	0.0002880884431520477 0.0599250936329588
101 40 52 85	0.00043256752859751994 0.018726591760299626
101 40 83 77	0.00625 0.003745318352059925
101 40 83 85	9.52653138992093e-05 0.00749063670411985
101 40 92 85	0.00015830299192654741 0.003745318352059925
101 40 93 81	0.003194888178913738 0.003745318352059925
101 40 99 85	0.00030027894333420254 0.0599250936329588
101 40 104 44	0.001201923076923077 0.003745318352059925
101 40 105	0.0008946922983919719 0.12734082397003746
101 40 117 81	0.001876172607879925 0.003745318352059925
101 40 117 110	0.00040677966101694915 0.011235955056179775
101 40 126 2	0.00025622137526823174 0.0149812734082397
101 41 106	0.00017173573305397655 0.026217228464419477
101 43 21 85	0.00021805494984736154 0.003745318352059925
101 43 30 85	0.00014615609470914936 0.003745318352059925
101 43 35 100	0.00026099438862064463 0.00749063670411985
101 43 45 110	0.002197802197802198 0.003745318352059925
101 43 46 111	0.00033003300330033004 0.011235955056179775
101 43 81	0.0006052536012589275 0.018726591760299626
101 43 108	0.0031036623215394167 0.04868913857677903
101 44 1 66	0.0013760566149007274 0.018726591760299626
101 44 6 71	0.00030641948827945457 0.00749063670411985
101 44 12 104	0.0001861850679575498 0.003745318352059925
101 44 16 81	0.00065359477124183 0.00749063670411985
101 44 16 108	0.002 0.003745318352059925
101 44 20 85	0.00030680984459414393 0.07116104868913857
101 44 24 89	0.0010006671114076052 0.003745318352059925
101 44 35 100	0.0002455961243968448 0.09363295880149813
101 44 36 101	0.000971628449280995 0.0299625468164794
101 44 36 127	0.024475524475524476 0.03745318352059925
101 44 39 77	0.0019801980198019802 0.003745318352059925
101 44 39 104	0.0017921146953405018 0.018726591760299626
101 44 40 105	0.0002881014116969173 0.003745318352059925
101 44 44	0.005847953216374269 0.003745318352059925
101 44 45 81	0.2 0.003745318352059925
101 44 45 110	0.0006435006435006435 0.02247191011235955
101 44 46 111	0.0005048759550039259 0.3295880149812734
101 44 51 116	0.00028937976270859456 0.0149812734082397
101 44 69 2	0.011904761904761904 0.003745318352059925
101 44 109	0.022068965517241378 0.02247191011235955
101 44 109 44	0.0034034034034034033 0.018726591760299626
101 45 30 85	0.0002533073885159641 0.0449438202247191
101 45 110	0.0008918100078186083 0.0749063670411985
101 45 110 44	0.001630818053596615 0.026217228464419477
101 45 110 73	0.0004014452027298274 0.003745318352059925
101 45 110 88	0.0007630675314765357 0.003745318352059925
101 45 110 109	0.001051939513477975 0.00749063670411985
101 46 111	0.00031553543232226336 0.6217228464419475
101 46 111 8	0.00043230886393781176 0.02247191011235955
101 46 111 23	0.0003531957957175636 0.03745318352059925
101 46 111 44	0.003666350953112371 0.056179775280898875
101 46 111 50	8.579088471849866e-05 0.003745318352059925
101 46 111 56	0.006188569348380051 0.003745318352059925
101 46 111 58	0.00042794199202630533 0.0149812734082397
101 46 111 73	0.000805373813133328 0.02247191011235955
101 46 111 88	0.0003892511470485929 0.03745318352059925
101 46 111 109	0.0009285051067780873 0.03745318352059925
101 46 111 115	0.00010035537609653007 0.00749063670411985
101 46 111 120	0.0010197915092914338 0.003745318352059925
101 46 111 123	0.0009394326870384384 0.0149812734082397
101 50 35 100	0.0006350672593961088 0.04119850187265917
101 50 46 111	0.0005410249040526146 0.11610486891385768
101 51 87 44	0.004750593824228029 0.00749063670411985
101 51 116	0.0012948102199671781 0.11235955056179775
101 51 116 23	0.0008319467554076539 0.003745318352059925
101 51 116 44	0.003055184265801031 0.0149812734082397
101 51 116 73	0.00648228176318064 0.00749063670411985
101 51 116 88	0.0008949880668257757 0.003745318352059925
101 51 116 109	0.0004952640376400669 0.0149812734082397
101 57 18 85	0.0001801693591976458 0.011235955056179775
101 57 27 85	0.000326477309826967 0.00749063670411985
101 57 30 85	0.0006353240152477764 0.011235955056179775
101 57 83 85	0.0001799316259821268 0.011235955056179775
101 57 92 85	0.000326477309826967 0.00749063670411985
101 57 99 85	0.0002860411899313501 0.011235955056179775
101 57 122	0.0024736502473650247 0.07116104868913857
101 57 122 23	0.0029154518950437317 0.003745318352059925
101 57 122 58	0.008333333333333333 0.003745318352059925
101 58 16 81	0.0006574621959237344 0.003745318352059925
101 58 20 85	0.0002035250539341393 0.00749063670411985
101 58 24 89	0.000819000819000819 0.00749063670411985
101 58 35 100	0.00010663254425250586 0.018726591760299626
101 58 36 101	0.0021037868162692847 0.011235955056179775
101 58 36 127	0.6153846153846154 0.026217228464419477
101 58 45 110	0.0007107320540156361 0.003745318352059925
101 58 46 111	0.0001952145716375831 0.19850187265917604
101 58 51 116	0.00101010101010101 0.011235955056179775
101 58 69 2	0.02631578947368421 0.003745318352059925
101 58 123	0.06172839506172839 0.018726591760299626
101 62 101	0.4679402307546813 0.42696629213483145
101 62 101 8	0.31755196304849886 0.00749063670411985
101 62 101 73	0.3424657534246575 0.00749063670411985
101 62 127	0.9042222912139087 0.6142322097378277
101 62 127 8	0.36423841059602646 0.00749063670411985
101 62 127 73	0.36423841059602646 0.00749063670411985
101 62 127 109	0.0006238303181534623 0.003745318352059925
101 63 128	0.002939735423811857 0.0149812734082397
101 67 2	0.011467889908256881 0.03745318352059925
101 67 2 123	0.013157894736842105 0.003745318352059925
101 67 4 123	0.125 0.003745318352059925
101 67 21 85	0.00011706586125354124 0.02247191011235955
101 67 61 85	0.00016945870049385106 0.02247191011235955
101 67 61 104	0.00046552225778295027 0.0149812734082397
101 69 4	0.046296296296296294 0.0149812734082397
101 69 21 85	0.0003479789747440523 0.018726591760299626
101 69 61 85	0.0003610760064993681 0.00749063670411985
101 73	0.07142857142857142 0.00749063670411985
101 73 1 66	0.0400390625 0.02247191011235955
101 73 8	0.03115264797507788 0.0149812734082397
101 73 8 8	0.0018778167250876315 0.00749063670411985
101 73 8 73	0.0013099292638197536 0.00749063670411985
101 73 16 81	0.0018832391713747645 0.00749063670411985
101 73 16 108	0.005555555555555556 0.00749063670411985
101 73 20 85	0.0016075773375043448 0.026217228464419477
101 73 24 89	0.000678119349005425 0.011235955056179775
101 73 35 100	3.7910858933693906e-05 0.011235955056179775
101 73 36 101	0.07015403385694677 0.24344569288389514
101 73 36 127	0.9576427255985267 0.2883895131086142
101 73 37 102	0.02364864864864865 0.011235955056179775
101 73 45 110	0.00032425421530479895 0.003745318352059925
101 73 46 111	0.0005597029036479015 0.149812734082397
101 73 49 114	0.0021413276231263384 0.003745318352059925
101 73 51 116	0.009594243453927643 0.02247191011235955
101 73 62 101	0.5268199233716475 0.20599250936329588
101 73 62 127	0.8944281524926686 0.22846441947565543
101 73 73 8	0.0030826140567200987 0.00749063670411985
101 73 73 73	0.007403751233958539 0.00749063670411985
101 73 109 44	0.13106796116504854 0.00749063670411985
101 79 18 85	0.00033215234720992027 0.011235955056179775
101 79 83 85	0.00033215234720992027 0.011235955056179775
101 79 95 116	0.005235602094240838 0.003745318352059925
101 88 1 66	0.0034482758620689655 0.003745318352059925
101 88 12 104	0.00145985401459854 0.003745318352059925
101 88 20 85	0.0002992603992988756 0.0149812734082397
101 88 23	0.075 0.02247191011235955
101 88 24 89	0.0007109847138286527 0.00749063670411985
101 88 35 100	0.000149637876339259 0.056179775280898875
101 88 36 127	0.16666666666666666 0.0149812734082397
101 88 37 111	0.0003650967506389193 0.00749063670411985
101 88 40 104	0.00035385704175513094 0.003745318352059925
101 88 45 81	0.5 0.003745318352059925
101 88 46 111	0.00020869679404205826 0.1947565543071161
101 88 51 116	0.000510073960724305 0.00749063670411985
101 88 57 122	0.001288659793814433 0.003745318352059925
101 88 88	0.07692307692307693 0.02247191011235955
101 108 46 111	0.0003048160942897785 0.011235955056179775
101 109 1 66	0.0032456440040997607 0.03745318352059925
101 109 6 71	0.0005212987786714328 0.00749063670411985
101 109 12 85	0.0018587360594795538 0.026217228464419477
101 109 16 81	0.00026021337496747333 0.003745318352059925
101 109 16 108	0.0010214504596527069 0.003745318352059925
101 109 20 85	0.0010937757965989764 0.0749063670411985
101 109 22 87	0.015736766809728183 0.018726591760299626
101 109 22 116	0.002457002457002457 0.0149812734082397
101 109 24 89	0.0002760143527463428 0.003745318352059925
101 109 35 100	0.0005996701814002299 0.09363295880149813
101 109 36 101	0.000998003992015968 0.026217228464419477
101 109 36 127	0.055776892430278883 0.03745318352059925
101 109 39 77	0.0027624309392265192 0.003745318352059925
101 109 43 81	0.0004813477737665463 0.00749063670411985
101 109 43 108	0.0004928536224741252 0.003745318352059925
101 109 44	0.07840772014475271 0.04868913857677903
101 109 44 8	0.32727272727272727 0.00749063670411985
101 109 44 44	0.02419984387197502 0.02247191011235955
101 109 44 50	0.15555555555555556 0.003745318352059925
101 109 44 109	0.003598887616554883 0.00749063670411985
101 109 44 115	0.175 0.003745318352059925
101 109 45 81	1.0 0.003745318352059925
101 109 45 110	0.001962220710585527 0.033707865168539325
101 109 46 111	0.0011813126950189086 0.2546816479400749
101 109 51 116	0.003190717911530094 0.0449438202247191
101 109 109 44	0.06787330316742081 0.0149812734082397
101 115 35 100	0.0006350672593961088 0.04119850187265917
101 115 46 111	0.0006752715556327295 0.1198501872659176
101 120 21 85	0.0004361098996947231 0.003745318352059925
101 123 20 85	0.0007031359864997891 0.03745318352059925
101 123 24 89	0.0012626262626262627 0.003745318352059925
101 123 35 100	9.356615712096934e-05 0.018726591760299626
101 123 36 101	0.0011554015020219526 0.00749063670411985
101 123 36 127	0.10256410256410256 0.0299625468164794
101 123 45 110	0.0011507479861910242 0.003745318352059925
101 123 46 111	0.0002749803727777401 0.08239700374531835
101 123 57 122	0.010526315789473684 0.003745318352059925
127	1.0 1.0
127 1 66	0.010008963250672244 0.1348314606741573
127 1 66 8	0.1056338028169014 0.00749063670411985
127 1 66 23	0.004901960784313725 0.003745318352059925
127 1 66 44	0.02465331278890601 0.02247191011235955
127 1 66 58	0.014598540145985401 0.00749063670411985
127 1 66 85	0.001052833078101072 0.02247191011235955
127 1 66 88	0.0058823529411764705 0.003745318352059925
127 1 66 109	0.014457831325301205 0.02247191011235955
127 1 66 120	0.030303030303030304 0.003745318352059925
127 1 121 85	0.006437768240343348 0.011235955056179775
127 6 71	0.008123476848090982 0.18726591760299627
127 6 71 2	0.008064516129032258 0.00749063670411985
127 6 71 23	0.012755102040816327 0.011235955056179775
127 6 71 44	0.012048192771084338 0.018726591760299626
127 6 71 55	0.06666666666666667 0.003745318352059925
127 6 71 58	0.011235955056179775 0.00749063670411985
127 6 71 73	0.011494252873563218 0.00749063670411985
127 6 71 75	0.0021008403361344537 0.02247191011235955
127 6 71 88	0.013850415512465374 0.011235955056179775
127 6 71 109	0.019769357495881382 0.0149812734082397
127 6 71 110	0.004016064257028112 0.003745318352059925
127 6 87	0.046153846153846156 0.00749063670411985
127 8	0.10526315789473684 0.00749063670411985
127 8 1 66	0.05181347150259067 0.018726591760299626
127 8 8	0.5102040816326531 0.04119850187265917
127 8 8 8	0.3880597014925373 0.0149812734082397
127 8 8 73	0.39215686274509803 0.018726591760299626
127 8 16 81	0.013333333333333334 0.011235955056179775
127 8 20 85	0.003714223290364868 0.018726591760299626
127 8 22 87	0.0425531914893617 0.00749063670411985
127 8 24 89	0.004028197381671702 0.0149812734082397
127 8 35 100	0.0005078720162519045 0.0149812734082397
127 8 36 101	0.16818181818181818 0.20973782771535582
127 8 36 127	0.9878542510121457 0.22846441947565543
127 8 39 105	0.010638297872340425 0.00749063670411985
127 8 40 105	0.014705882352941176 0.011235955056179775
127 8 45 110	0.0038580246913580245 0.018726591760299626
127 8 46 111	0.0016303376809004824 0.16853932584269662
127 8 51 116	0.010573534123678308 0.033707865168539325
127 8 62 101	0.5392156862745098 0.20599250936329588
127 8 62 127	1.0 0.22846441947565543
127 8 73	0.5384615384615384 0.04119850187265917
127 8 73 8	0.3643410852713178 0.018726591760299626
127 8 73 73	0.376 0.018726591760299626
127 8 109 44	0.1368421052631579 0.00749063670411985
127 10 6 71	0.0010195412064570944 0.0149812734082397
127 10 28 77	0.002317497103128621 0.003745318352059925
127 10 28 104	0.0004527960153950645 0.003745318352059925
127 10 28 105	0.00037544584193730055 0.00749063670411985
127 10 32 75	0.002513826043237808 0.00749063670411985
127 10 75	0.019666666666666666 0.11235955056179775
127 10 75 88	0.009708737864077669 0.003745318352059925
127 10 75 109	0.017543859649122806 0.003745318352059925
127 10 75 110	0.008368200836820083 0.00749063670411985
127 10 97 75	0.0030284675953967293 0.011235955056179775
127 12 18 77	0.028985507246376812 0.003745318352059925
127 12 18 85	0.0003294399520814615 0.02247191011235955
127 12 27 77	0.04081632653061224 0.003745318352059925
127 12 27 85	0.0018170805572380376 0.018726591760299626
127 12 30 85	0.0049479166666666664 0.04119850187265917
127 12 34 104	0.008316008316008316 0.0149812734082397
127 12 52 85	0.006802721088435374 0.0299625468164794
127 12 77	0.09844559585492228 0.07865168539325842
127 12 77 23	0.058823529411764705 0.003745318352059925
127 12 83 77	0.02888086642599278 0.003745318352059925
127 12 83 85	0.00032431157497493955 0.02247191011235955
127 12 85	0.0024691358024691358 0.003745318352059925
127 12 85 44	0.14285714285714285 0.003745318352059925
127 12 92 77	0.044444444444444446 0.003745318352059925
127 12 92 85	0.0018170805572380376 0.018726591760299626
127 12 93 75	0.0021436227224008574 0.00749063670411985
127 12 93 110	0.003787878787878788 0.003745318352059925
127 12 99 85	0.0022029127401786805 0.06367041198501873
127 12 104	0.00425273390036452 0.026217228464419477
127 12 104 109	0.020833333333333332 0.011235955056179775
127 12 104 115	0.1 0.003745318352059925
127 12 105	0.004686035613870665 0.03745318352059925
127 12 105 58	0.03773584905660377 0.00749063670411985
127 12 118 110	0.037037037037037035 0.003745318352059925
127 16 30 85	0.0005683971201212581 0.011235955056179775
127 16 81	0.024742268041237112 0.352059925093633
127 16 81 8	0.04568527918781726 0.00749063670411985
127 16 81 23	0.008298755186721992 0.00749063670411985
127 16 81 44	0.004366812227074236 0.003745318352059925
127 16 81 73	0.06521739130434782 0.00749063670411985
127 16 81 88	0.009009009009009009 0.00749063670411985
127 16 81 109	0.009433962264150943 0.00749063670411985
127 16 108	0.005418422636965683 0.033707865168539325
127 16 108 44	0.011278195488721804 0.011235955056179775
127 20 1 66	0.008986928104575163 0.026217228464419477
127 20 15 100	0.0012624471616216064 0.149812734082397
127 20 18 77	0.0015079707022834985 0.011235955056179775
127 20 18 85	0.0009619704939410217 0.1947565543071161
127 20 27 77	0.006764374295377677 0.00749063670411985
127 20 27 85	0.0007243299947548517 0.09737827715355805
127 20 30 85	0.0018469656992084432 0.0299625468164794
127 20 34 77	0.006304728546409807 0.0149812734082397
127 20 34 104	0.004203005148681307 0.07116104868913857
127 20 34 105	0.0007841599686336013 0.0299625468164794
127 20 34 122	0.010080645161290322 0.003745318352059925
127 20 45 108	0.0028113578858588698 0.003745318352059925
127 20 52 85	0.0017513134851138354 0.003745318352059925
127 20 56 66	0.011494252873563218 0.00749063670411985
127 20 77	0.002127659574468085 0.003745318352059925
127 20 83 77	0.0015042441173310412 0.011235955056179775
127 20 83 85	0.0009598870046974629 0.1947565543071161
127 20 85	0.002523452425080551 0.32209737827715357
127 20 85 8	0.009575923392612859 0.011235955056179775
127 20 85 23	0.005792903692976104 0.011235955056179775
127 20 85 44	0.01094003241491086 0.026217228464419477
127 20 85 58	0.0051094890510948905 0.00749063670411985
127 20 85 73	0.011284255776464266 0.011235955056179775
127 20 85 88	0.006462035541195477 0.011235955056179775
127 20 85 109	0.005981703026038001 0.02247191011235955
127 20 85 123	0.0007320644216691069 0.003745318352059925
127 20 86 2	0.00034947384770706323 0.011235955056179775
127 20 86 4	0.001776988005330964 0.003745318352059925
127 20 92 77	0.006872852233676976 0.00749063670411985
127 20 92 85	0.00073304517074897 0.09737827715355805
127 20 95 77	0.008895131086142321 0.018726591760299626
127 20 95 81	0.0019305019305019305 0.00749063670411985
127 20 95 85	0.02578268876611418 0.011235955056179775
127 20 95 91	0.007874015748031496 0.003745318352059925
127 20 95 104	0.0032311126777111975 0.08239700374531835
127 20 95 105	0.0007180683960147203 0.04119850187265917
127 20 95 110	0.003909304143862392 0.026217228464419477
127 20 95 116	0.004672897196261682 0.003745318352059925
127 20 95 122	0.006172839506172839 0.00749063670411985
127 20 98 105	0.25 0.003745318352059925
127 20 117 77	0.01882845188284519 0.0149812734082397
127 20 117 85	0.004784688995215311 0.003745318352059925
127 20 117 104	0.0017947950942267424 0.0149812734082397
127 20 117 105	0.0014970059880239522 0.011235955056179775
127 20 126 2	0.0011193194537721066 0.011235955056179775
127 22 71	0.008746355685131196 0.00749063670411985
127 22 87	0.057692307692307696 0.04119850187265917
127 22 87 44	0.08433734939759036 0.0149812734082397
127 22 116	0.00516795865633075 0.00749063670411985
127 23	0.23529411764705882 0.0149812734082397
127 23 1 66	0.00684931506849315 0.003745318352059925
127 23 6 71	0.00461361014994233 0.011235955056179775
127 23 10 75	0.011904761904761904 0.003745318352059925
127 23 12 104	0.021739130434782608 0.003745318352059925
127 23 16 81	0.013071895424836602 0.00749063670411985
127 23 20 85	0.014204545454545454 0.011235955056179775
127 23 23	0.8333333333333334 0.056179775280898875
127 23 23 23	0.21052631578947367 0.0149812734082397
127 23 23 88	0.2222222222222222 0.0149812734082397
127 23 24 89	0.003656307129798903 0.0149812734082397
127 23 35 100	0.0012896569512509672 0.03745318352059925
127 23 36 101	0.005813953488372093 0.018726591760299626
127 23 39 104	0.06896551724137931 0.00749063670411985
127 23 39 105	0.037037037037037035 0.003745318352059925
127 23 40 104	0.01904761904761905 0.00749063670411985
127 23 40 105	0.02247191011235955 0.00749063670411985
127 23 45 110	0.005380476556495004 0.02247191011235955
127 23 46 111	0.0014166373322572613 0.250936329588015
127 23 51 116	0.013232514177693762 0.018726591760299626
127 23 57 122	0.01694915254237288 0.003745318352059925
127 23 62 127	1.0 0.13857677902621723
127 23 67 2	0.0539568345323741 0.011235955056179775
127 23 69 2	0.021739130434782608 0.003745318352059925
127 23 88	0.8095238095238095 0.0599250936329588
127 23 88 23	0.17391304347826086 0.0149812734082397
127 23 88 88	0.21052631578947367 0.0149812734082397
127 24 89	0.0042486899872539305 0.15730337078651685
127 24 89 8	0.012618296529968454 0.00749063670411985
127 24 89 23	0.007194244604316547 0.00749063670411985
127 24 89 44	0.0056179775280898875 0.003745318352059925
127 24 89 50	0.007853403141361256 0.00749063670411985
127 24 89 73	0.014842300556586271 0.00749063670411985
127 24 89 88	0.00749063670411985 0.00749063670411985
127 24 89 115	0.008902077151335312 0.00749063670411985
127 24 89 123	0.009202453987730062 0.00749063670411985
127 26 30 85	0.0049261083743842365 0.003745318352059925
127 26 49 114	0.003289473684210526 0.003745318352059925
127 26 91	0.3333333333333333 0.00749063670411985
127 35 80 85	0.0008633735594272632 0.10486891385767791
127 35 80 104	0.0005502476114251413 0.02247191011235955
127 35 80 105	0.00025714873482822465 0.018726591760299626
127 35 100	0.0008482526776639825 0.24719101123595505
127 35 100 8	0.000591016548463357 0.003745318352059925
127 35 100 23	0.002328288707799767 0.00749063670411985
127 35 100 44	0.017082785808147174 0.02247191011235955
127 35 100 73	0.0006241223279762834 0.003745318352059925
127 35 100 88	0.0024400162667751117 0.00749063670411985
127 35 100 109	0.009318293281020108 0.0149812734082397
127 35 100 115	0.014084507042253521 0.011235955056179775
127 35 100 123	0.0008564087924636027 0.003745318352059925
127 36 101	0.31626467988382373 0.5805243445692884
127 36 101 8	0.2091997479521109 0.0149812734082397
127 36 101 23	0.003169572107765452 0.00749063670411985
127 36 101 44	0.002638522427440633 0.0149812734082397
127 36 101 73	0.2743801652892562 0.0149812734082397
127 36 101 88	0.003372681281618887 0.00749063670411985
127 36 101 109	0.0022151898734177216 0.0149812734082397
127 36 127	0.9926721199727335 0.6142322097378277
127 36 127 8	0.39285714285714285 0.00749063670411985
127 36 127 44	0.001466275659824047 0.003745318352059925
127 36 127 73	0.39285714285714285 0.00749063670411985
127 36 127 109	0.0006596306068601583 0.003745318352059925
127 37 102	0.020702070207020702 0.052434456928838954
127 37 102 44	0.05970149253731343 0.011235955056179775
127 39 15 100	0.002435783879539415 0.04119850187265917
127 39 30 85	0.003409161346308808 0.10486891385767791
127 39 52 85	0.002207505518763797 0.018726591760299626
127 39 77 23	0.015384615384615385 0.003745318352059925
127 39 77 44	0.0125 0.003745318352059925
127 39 77 88	0.017857142857142856 0.003745318352059925
127 39 77 109	0.0033112582781456954 0.003745318352059925
127 39 93 75	0.0005284015852047556 0.00749063670411985
127 39 93 110	0.0028735632183908046 0.0149812734082397
127 39 99 77	0.013201320132013201 0.003745318352059925
127 39 99 85	0.0022211733348141156 0.12359550561797752
127 39 104	0.014419735927727589 0.25842696629213485
127 39 104 23	0.025 0.00749063670411985
127 39 104 88	0.02564102564102564 0.00749063670411985
127 39 104 109	0.012422360248447204 0.00749063670411985
127 39 105	0.0009857072449482504 0.02247191011235955
127 39 105 23	0.008658008658008658 0.00749063670411985
127 39 105 50	0.01098901098901099 0.003745318352059925
127 39 105 88	0.008928571428571428 0.00749063670411985
127 39 105 115	0.01098901098901099 0.003745318352059925
127 39 117 110	0.002570694087403599 0.00749063670411985
127 39 122	0.022058823529411766 0.00749063670411985
127 39 126 2	0.0015730690577316344 0.011235955056179775
127 40 15 100	0.0004768717215069146 0.018726591760299626
127 40 27 105	0.006666666666666667 0.003745318352059925
127 40 30 85	0.0019907925842976236 0.04868913857677903
127 40 33 85	0.006172839506172839 0.003745318352059925
127 40 52 85	0.0078003120124804995 0.0149812734082397
127 40 77	0.025380710659898477 0.033707865168539325
127 40 92 105	0.010638297872340425 0.003745318352059925
127 40 93 75	0.00966183574879227 0.003745318352059925
127 40 99 85	0.0027811576568746743 0.056179775280898875
127 40 104	0.002936857562408223 0.02247191011235955
127 40 104 8	0.05263157894736842 0.00749063670411985
127 40 104 23	0.023809523809523808 0.003745318352059925
127 40 104 73	0.0625 0.00749063670411985
127 40 104 88	0.025 0.003745318352059925
127 40 105	0.026637069922308545 0.3445692883895131
127 40 105 8	0.035211267605633804 0.011235955056179775
127 40 105 23	0.01680672268907563 0.00749063670411985
127 40 105 44	0.02247191011235955 0.00749063670411985
127 40 105 73	0.041666666666666664 0.011235955056179775
127 40 105 88	0.01818181818181818 0.00749063670411985
127 40 118 109	0.3333333333333333 0.003745318352059925
127 40 118 110	0.0425531914893617 0.003745318352059925
127 40 122 58	0.3333333333333333 0.00749063670411985
127 40 126 2	0.003499562554680665 0.011235955056179775
127 41 106	0.0031047135196161446 0.0749063670411985
127 41 106 44	0.011730205278592375 0.003745318352059925
127 43 81	0.0038461538461538464 0.033707865168539325
127 43 108	0.035748792270531404 0.09737827715355805
127 43 108 44	0.015384615384615385 0.00749063670411985
127 43 110 85	0.000983574309039048 0.03745318352059925
127 44	0.02631578947368421 0.003745318352059925
127 44 1 66	0.010224948875255624 0.026217228464419477
127 44 6 71	0.01746031746031746 0.018726591760299626
127 44 10 75	0.014563106796116505 0.003745318352059925
127 44 16 81	0.0021141649048625794 0.00749063670411985
127 44 20 85	0.0016346153846153845 0.0599250936329588
127 44 24 89	0.0009107468123861566 0.003745318352059925
127 44 35 100	0.0007881152224455216 0.0749063670411985
127 44 36 101	0.002670736360167875 0.02247191011235955
127 44 39 77	0.011494252873563218 0.011235955056179775
127 44 39 104	0.004975124378109453 0.018726591760299626
127 44 43 108	0.01282051282051282 0.003745318352059925
127 44 44	0.047619047619047616 0.00749063670411985
127 44 44 109	0.052083333333333336 0.011235955056179775
127 44 45 110	0.0037313432835820895 0.0149812734082397
127 44 46 111	0.001707671874011764 0.36329588014981273
127 44 51 116	0.002426202992317024 0.04119850187265917
127 44 53 105	0.010752688172043012 0.003745318352059925
127 44 62 101	0.0029585798816568047 0.003745318352059925
127 44 62 127	0.10843373493975904 0.033707865168539325
127 44 69 2	0.011235955056179775 0.003745318352059925
127 44 109	0.2835820895522388 0.04868913857677903
127 44 109 44	0.036069651741293535 0.02247191011235955
127 44 109 109	0.029850746268656716 0.011235955056179775
127 45 6 71	0.0019011406844106464 0.003745318352059925
127 45 10 75	0.011976047904191617 0.00749063670411985
127 45 28 77	0.005747126436781609 0.003745318352059925
127 45 28 104	0.0017528483786152498 0.0149812734082397
127 45 30 85	0.001352447930754666 0.052434456928838954
127 45 52 104	0.0008453085376162299 0.00749063670411985
127 45 53 77	0.2 0.003745318352059925
127 45 53 105	0.04081632653061224 0.00749063670411985
127 45 110	0.006696962449174839 0.15730337078651685
127 45 110 8	0.013539651837524178 0.00749063670411985
127 45 110 23	0.012027491408934709 0.00749063670411985
127 45 110 44	0.016332982086406742 0.0299625468164794
127 45 110 50	0.02142857142857143 0.003745318352059925
127 45 110 73	0.01440329218106996 0.00749063670411985
127 45 110 88	0.012433392539964476 0.00749063670411985
127 45 110 109	0.0024509803921568627 0.00749063670411985
127 45 110 115	0.038461538461538464 0.003745318352059925
127 46 111	0.00184743525141308 0.947565543071161
127 46 111 8	0.0018087208169852798 0.026217228464419477
127 46 111 23	0.0031651549508692365 0.04868913857677903
127 46 111 44	0.015673512138555345 0.08239700374531835
127 46 111 50	0.001658586374075019 0.0149812734082397
127 46 111 56	0.030303030303030304 0.003745318352059925
127 46 111 58	0.0006944654126030376 0.02247191011235955
127 46 111 73	0.003259615866807081 0.026217228464419477
127 46 111 88	0.0034981465044640527 0.04868913857677903
127 46 111 109	0.006090828138913624 0.0449438202247191
127 46 111 115	0.0024125874125874125 0.0299625468164794
127 46 111 120	0.00730260155180283 0.003745318352059925
127 46 111 123	0.0016052509542325117 0.018726591760299626
127 49 114	0.01702127659574468 0.052434456928838954
127 49 114 91	0.006578947368421052 0.003745318352059925
127 50 20 85	0.0020299416391778738 0.026217228464419477
127 50 24 89	0.004120879120879121 0.011235955056179775
127 50 35 100	0.00047162395849709165 0.0449438202247191
127 50 40 104	0.002583979328165375 0.003745318352059925
127 50 45 110	0.004629629629629629 0.011235955056179775
127 50 46 111	0.0007556840583519516 0.1797752808988764
127 50 50	0.7142857142857143 0.018726591760299626
127 50 67 2	0.02912621359223301 0.011235955056179775
127 50 69 2	0.0975609756097561 0.011235955056179775
127 50 115	0.8181818181818182 0.033707865168539325
127 50 120 2	0.13333333333333333 0.00749063670411985
127 51 51 116	0.010101010101010102 0.003745318352059925
127 51 87	0.005988023952095809 0.003745318352059925
127 51 87 44	0.02702702702702703 0.00749063670411985
127 51 116	0.008903644457858599 0.22846441947565543
127 51 116 8	0.03966942148760331 0.0149812734082397
127 51 116 23	0.009681881051175657 0.011235955056179775
127 51 116 44	0.024595924104005622 0.026217228464419477
127 51 116 58	0.004103967168262654 0.011235955056179775
127 51 116 73	0.04507042253521127 0.0149812734082397
127 51 116 88	0.010416666666666666 0.011235955056179775
127 51 116 109	0.004297994269340974 0.0299625468164794
127 51 116 116	0.0048543689320388345 0.003745318352059925
127 51 116 123	0.007042253521126761 0.003745318352059925
127 55 1 66	0.125 0.003745318352059925
127 55 46 111	0.0027236360541322666 0.09737827715355805
127 55 51 116	0.025 0.003745318352059925
127 57 30 85	0.0034207525655644243 0.011235955056179775
127 57 99 85	0.0016260162601626016 0.018726591760299626
127 57 122	0.027079303675048357 0.10112359550561797
127 57 122 23	0.02564102564102564 0.003745318352059925
127 57 122 88	0.03333333333333333 0.003745318352059925
127 58 20 85	0.0004361098996947231 0.003745318352059925
127 58 24 89	0.0035971223021582736 0.011235955056179775
127 58 35 100	0.000391491582930967 0.011235955056179775
127 58 46 111	0.0010650131351620004 0.149812734082397
127 58 51 116	0.007556675062972292 0.011235955056179775
127 58 123	1.0 0.03745318352059925
127 62 101	0.3915966386554622 0.4307116104868914
127 62 101 8	0.2785388127853881 0.00749063670411985
127 62 101 73	0.30808080808080807 0.00749063670411985
127 62 127	0.9936071978217118 1.0
127 62 127 8	0.24110671936758893 0.00749063670411985
127 62 127 23	0.12736660929432014 0.0149812734082397
127 62 127 44	0.007908611599297012 0.003745318352059925
127 62 127 73	0.26991150442477874 0.00749063670411985
127 62 127 88	0.14396887159533073 0.0149812734082397
127 62 127 109	0.004622496147919877 0.003745318352059925
127 63 128	0.0221606648199446 0.02247191011235955
127 67 2	0.134479271991911 0.1647940074906367
127 67 2 23	0.23484848484848486 0.011235955056179775
127 67 2 50	0.1836734693877551 0.00749063670411985
127 67 2 88	0.22794117647058823 0.011235955056179775
127 67 2 115	0.14754098360655737 0.00749063670411985
127 67 4	0.02040816326530612 0.003745318352059925
127 67 4 50	1.0 0.003745318352059925
127 67 4 109	0.25 0.003745318352059925
127 67 4 115	0.8 0.003745318352059925
127 67 4 123	1.0 0.003745318352059925
127 67 6 71	4.5657930782576936e-05 0.00749063670411985
127 67 21 85	0.0003284671532846715 0.0149812734082397
127 67 55 50	1.0 0.003745318352059925
127 67 55 115	1.0 0.003745318352059925
127 67 61 85	0.0006846501437765302 0.018726591760299626
127 67 61 104	0.002179598953792502 0.02247191011235955
127 67 61 105	0.0007118704395799964 0.011235955056179775
127 69 2	0.03225806451612903 0.003745318352059925
127 69 4	1.0 0.018726591760299626
127 69 21 85	0.0008722197993894462 0.00749063670411985
127 73	0.11764705882352941 0.00749063670411985
127 73 1 66	0.05181347150259067 0.018726591760299626
127 73 8	0.5102040816326531 0.04119850187265917
127 73 8 8	0.36947791164658633 0.0149812734082397
127 73 8 73	0.373015873015873 0.018726591760299626
127 73 16 81	0.013333333333333334 0.011235955056179775
127 73 20 85	0.003714223290364868 0.018726591760299626
127 73 24 89	0.004028197381671702 0.0149812734082397
127 73 35 100	0.0005078720162519045 0.0149812734082397
127 73 36 101	0.16818181818181818 0.20973782771535582
127 73 36 127	0.9878542510121457 0.22846441947565543
127 73 39 105	0.010638297872340425 0.00749063670411985
127 73 40 105	0.014705882352941176 0.011235955056179775
127 73 45 110	0.0038580246913580245 0.018726591760299626
127 73 46 111	0.0016303376809004824 0.16853932584269662
127 73 51 116	0.010573534123678308 0.033707865168539325
127 73 62 101	0.5392156862745098 0.20599250936329588
127 73 62 127	1.0 0.22846441947565543
127 73 73	0.5319148936170213 0.04119850187265917
127 73 73 8	0.39215686274509803 0.0149812734082397
127 73 73 73	0.3973509933774834 0.0149812734082397
127 79 14	0.5 0.003745318352059925
127 88	0.26666666666666666 0.0149812734082397
127 88 6 71	0.00461361014994233 0.011235955056179775
127 88 10 75	0.011904761904761904 0.003745318352059925
127 88 12 77	0.09090909090909091 0.003745318352059925
127 88 16 81	0.013071895424836602 0.00749063670411985
127 88 20 85	0.014204545454545454 0.011235955056179775
127 88 23	0.8333333333333334 0.056179775280898875
127 88 23 23	0.21052631578947367 0.0149812734082397
127 88 23 88	0.2222222222222222 0.0149812734082397
127 88 24 89	0.003656307129798903 0.0149812734082397
127 88 35 100	0.0012896569512509672 0.03745318352059925
127 88 36 101	0.005813953488372093 0.018726591760299626
127 88 39 104	0.06896551724137931 0.00749063670411985
127 88 39 105	0.037037037037037035 0.003745318352059925
127 88 40 104	0.01904761904761905 0.00749063670411985
127 88 40 105	0.02247191011235955 0.00749063670411985
127 88 45 110	0.005380476556495004 0.02247191011235955
127 88 46 111	0.0014166373322572613 0.250936329588015
127 88 51 116	0.013232514177693762 0.018726591760299626
127 88 57 122	0.01694915254237288 0.003745318352059925
127 88 62 127	1.0 0.13857677902621723
127 88 67 2	0.0539568345323741 0.011235955056179775
127 88 88	0.8333333333333334 0.056179775280898875
127 88 88 23	0.21052631578947367 0.0149812734082397
127 88 88 88	0.2222222222222222 0.0149812734082397
127 96 31	1.0 0.00749063670411985
127 96 55	1.0 0.003745318352059925
127 109	0.017241379310344827 0.003745318352059925
127 109 1 66	0.007017543859649123 0.033707865168539325
127 109 6 71	0.0013712047012732615 0.0149812734082397
127 109 12 104	0.0019312475859405175 0.018726591760299626
127 109 16 81	0.0008460236886632825 0.003745318352059925
127 109 20 77	0.010869565217391304 0.003745318352059925
127 109 20 85	0.002020504377759485 0.07865168539325842
127 109 22 87	0.0196078431372549 0.018726591760299626
127 109 22 116	0.0025188916876574307 0.0149812734082397
127 109 24 89	0.00047778308647873863 0.003745318352059925
127 109 35 100	0.0011131064575015954 0.0749063670411985
127 109 36 101	0.002768166089965398 0.011235955056179775
127 109 37 102	0.005917159763313609 0.011235955056179775
127 109 40 105	0.0013306719893546241 0.00749063670411985
127 109 41 106	0.0010129146619397315 0.003745318352059925
127 109 43 81	0.0015756302521008404 0.011235955056179775
127 109 43 108	0.00234192037470726 0.00749063670411985
127 109 44	0.21525885558583105 0.08239700374531835
127 109 44 8	0.4444444444444444 0.00749063670411985
127 109 44 44	0.05947136563876652 0.026217228464419477
127 109 44 73	0.42857142857142855 0.00749063670411985
127 109 44 109	0.013958898797983715 0.018726591760299626
127 109 45 110	0.0027699087189172176 0.033707865168539325
127 109 46 111	0.0021853553294771885 0.30711610486891383
127 109 51 116	0.005847240833231819 0.04868913857677903
127 109 62 127	0.13043478260869565 0.033707865168539325
127 109 109	0.03076923076923077 0.00749063670411985
127 109 109 44	0.1026936026936027 0.026217228464419477
127 115 20 85	0.0022093344380005524 0.026217228464419477
127 115 24 89	0.004120879120879121 0.011235955056179775
127 115 35 100	0.0011745360582569885 0.03745318352059925
127 115 39 104	0.010498687664041995 0.0149812734082397
127 115 45 110	0.004629629629629629 0.011235955056179775
127 115 46 111	0.001260789448162157 0.16853932584269662
127 115 50	0.7142857142857143 0.018726591760299626
127 115 67 2	0.045454545454545456 0.011235955056179775
127 115 69 2	0.0975609756097561 0.011235955056179775
127 115 115	0.7142857142857143 0.018726591760299626
127 115 120 2	0.13333333333333333 0.00749063670411985
127 120 6 71	0.0013831258644536654 0.003745318352059925
127 120 31	1.0 0.003745318352059925
127 120 55	1.0 0.00749063670411985
127 121 35 100	0.001174474748792901 0.033707865168539325
127 123 1 66	0.0014492753623188406 0.00749063670411985
127 123 6 71	0.001644736842105263 0.00749063670411985
127 123 20 85	0.002979991485738612 0.026217228464419477
127 123 40 77	0.11764705882352941 0.00749063670411985
127 123 46 111	0.0005444302419163944 0.052434456928838954
127 123 51 116	0.0035545023696682463 0.011235955056179775
127 123 57 105	0.00684931506849315 0.00749063670411985
127 123 58	1.0 0.026217228464419477
129 64 127	1.0 0.018726591760299626
129 101 35 100	0.00012924906294429367 0.003745318352059925
129 101 46 111	4.7038901171268636e-05 0.003745318352059925
