7	1.0 1.0
7 0 65	1.0 0.04
7 0 81	0.02857142857142857 0.04
7 0 108	0.05555555555555555 0.04
7 0 111	0.002824858757062147 0.04
7 1 66	0.0136986301369863 0.04
7 16 65	0.5 0.04
7 16 81	0.03409090909090909 0.16
7 16 108	0.014285714285714285 0.04
7 20 15 100	0.0008955758552749418 0.16
7 20 34 105	0.00033886818027787193 0.04
7 20 85	0.001969057665260197 0.44
7 20 95 7	0.35714285714285715 0.2
7 20 95 105	0.0005047955577990914 0.08
7 22 87	0.3333333333333333 0.04
7 35 80 85	0.0007033338022225348 0.16
7 35 80 105	0.0009950248756218905 0.04
7 35 100	0.0005108817819556554 0.2
7 36 101	0.011363636363636364 0.08
7 37 102	0.3333333333333333 0.04
7 39 104	0.04 0.08
7 39 105	0.015625 0.04
7 40 15 100	0.0012468827930174563 0.04
7 40 30 85	0.000594883997620464 0.08
7 40 104	0.016666666666666666 0.04
7 40 105	0.02247191011235955 0.08
7 43 65	0.5 0.04
7 43 81	0.014285714285714285 0.04
7 43 108	0.06382978723404255 0.12
7 45 110	0.0036900369003690036 0.12
7 46 65	0.08333333333333333 0.04
7 46 111	0.0005690734449637 0.52
7 51 116	0.002583979328165375 0.04
7 57 122	0.034482758620689655 0.08
7 72 7	1.0 1.0
7 72 30 85	0.0005080268238162975 0.2
14 79 7	1.0 0.04
30 15 80 85	0.0009473060982830077 0.2
30 15 100	0.0006903693476009665 0.08
30 18 15 100	6.098845654849691e-05 0.12
30 18 18 85	2.532136360559928e-05 0.2
30 18 27 85	5.1338602727517285e-05 0.16
30 18 83 85	2.317735903529477e-05 0.2
30 18 92 85	5.074998325250553e-05 0.16
30 18 95 110	0.00015936254980079682 0.04
30 19 84 85	0.0001917668115571465 0.12
30 27 15 100	0.0001503578516870151 0.08
30 27 18 85	0.00014982582747555967 0.16
30 27 27 85	0.0006999076121951902 0.16
30 27 83 85	0.0001459871774595798 0.16
30 27 92 85	0.0006994767913600626 0.16
30 30 15 100	0.004166666666666667 0.04
30 30 34 104	0.011627906976744186 0.04
30 30 34 105	0.010309278350515464 0.04
30 34 7	1.0 0.04
30 34 15 100	0.00041562759767248546 0.04
30 34 30 85	0.001233654083395016 0.16
30 34 56 85	0.0038910505836575876 0.04
30 34 99 85	0.001336898395721925 0.2
30 34 104	0.0009132420091324201 0.04
30 34 105	0.001215066828675577 0.04
30 34 117 7	1.0 0.04
30 45 110 85	0.00012739077794337428 0.2
30 77 12 85	0.0012475309283709326 0.16
30 77 35 100	3.861152940267964e-05 0.04
30 77 45 110	0.0002973535533749628 0.04
30 77 46 111	2.6734036438491664e-05 0.08
30 83 15 100	6.098845654849691e-05 0.12
30 83 18 85	3.6565509538637486e-05 0.2
30 83 27 85	7.862145146992631e-05 0.16
30 83 83 85	2.442571712569465e-05 0.2
30 83 92 85	7.802944441084843e-05 0.16
30 85	0.0014351320321469576 0.2
30 85 0 65	0.3333333333333333 0.04
30 85 0 111	0.0018832391713747645 0.08
30 85 12 85	0.000725268349289237 0.12
30 85 12 105	0.0001225940909648155 0.04
30 85 16 7	0.3333333333333333 0.04
30 85 16 65	0.3333333333333333 0.04
30 85 16 81	0.0008061145279751597 0.04
30 85 16 108	0.004212497074654809 0.08
30 85 20 85	0.0011590723610462772 0.2
30 85 35 100	0.0003175388087969064 0.12
30 85 39 7	1.0 0.04
30 85 39 85	0.0009262117937635072 0.12
30 85 39 104	0.00029035429823345805 0.08
30 85 39 105	0.00040719311370157477 0.04
30 85 40 85	0.00037064492216456633 0.04
30 85 40 104	0.0004864123500893085 0.08
30 85 40 105	0.0005797158409809972 0.04
30 85 43 65	0.3333333333333333 0.04
30 85 43 81	0.000961396243159296 0.04
30 85 43 108	0.004287384695335845 0.12
30 85 45 110	5.120327700972862e-05 0.04
30 85 46 65	0.29906542056074764 0.04
30 85 46 111	1.773275472691461e-05 0.24
30 85 57 7	1.0 0.04
30 85 57 122	0.008105369807497468 0.08
30 85 72 7	0.35714285714285715 0.2
30 86 21 85	0.0005110031739561986 0.2
30 86 28 104	0.0009823182711198428 0.04
30 86 28 105	0.0014619883040935672 0.04
30 86 30 85	0.0010947906212936775 0.2
30 86 53 85	0.0012360939431396785 0.12
30 86 61 85	0.0006501170210637915 0.16
30 86 61 104	8.900228439196606e-05 0.04
30 92 15 100	0.0001503578516870151 0.08
30 92 18 85	0.0001395027361559387 0.16
30 92 27 85	0.0007412694926422139 0.16
30 92 83 85	0.00013502648360348859 0.16
30 92 92 85	0.0007408220380837403 0.16
30 92 95 110	0.0016750418760469012 0.04
30 93 30 85	0.0038910505836575876 0.04
30 95 7	0.625 0.32
30 95 15 100	0.0004948535233570863 0.08
30 95 21 85	0.000931098696461825 0.2
30 95 28 85	0.0038910505836575876 0.04
30 95 28 105	0.0009606147934678194 0.04
30 95 30 85	0.0007980875733289575 0.2
30 95 34 104	0.004545454545454545 0.04
30 95 34 105	0.0035971223021582736 0.04
30 95 52 105	0.001454192922927775 0.04
30 95 104	0.0013360053440213762 0.08
30 95 105	0.0006353240152477764 0.04
30 95 117 7	1.0 0.04
30 104 20 85	0.0006458279514337381 0.12
30 104 39 85	0.0012450563937307748 0.2
30 104 46 111	1.9518288636452357e-05 0.08
30 105 40 85	0.0009277099835866696 0.16
30 105 46 111	2.0051130382475312e-05 0.08
30 118 21 85	0.0012360939431396785 0.12
30 118 53 85	0.0012360939431396785 0.12
30 121 7	1.0 0.04
30 121 30 85	0.0038910505836575876 0.04
30 121 56 85	0.0038910505836575876 0.04
30 122 57 85	0.0014587892049598833 0.16
30 126 21 85	0.00041700347716745577 0.16
30 126 61 85	0.0011250540891389008 0.2
30 126 61 105	0.00020885547201336674 0.04
42 91 20 85	0.0004988953032570736 0.08
42 107 7	1.0 0.52
42 107 30 85	0.0012360939431396785 0.04
42 108 20 85	0.0012360939431396785 0.04
45 110 7	1.0 0.04
45 110 30 85	0.003883495145631068 0.04
45 110 104	0.02 0.04
45 110 105	0.015384615384615385 0.04
49 114 7	0.46938775510204084 0.72
49 114 9 87	0.03333333333333333 0.04
49 114 16 81	4.0022412551028574e-05 0.04
49 114 20 85	7.49090758803108e-05 0.2
49 114 30 85	9.743264968090807e-05 0.08
49 114 35 100	1.075861527761341e-05 0.08
49 114 36 101	5.696815480146598e-05 0.04
49 114 45 110	3.101063664837039e-05 0.04
49 114 46 111	8.609369568855646e-06 0.2
51 116 1 66	0.00019602077820248947 0.04
51 116 7	1.0 0.04
51 116 46 111	1.5039164490861619e-05 0.04
52 30 95 7	1.0 0.04
52 77 46 111	3.0610339560496746e-06 0.04
52 99 95 7	1.0 0.04
52 104 20 85	0.00022590361445783133 0.04
52 104 46 111	3.822035820119706e-06 0.08
52 105 20 85	0.0005061582588155897 0.08
52 105 46 111	7.626677649082481e-06 0.12
52 117 7	1.0 0.6
56 15 100	0.00398406374501992 0.04
56 18 15 100	0.001024327784891165 0.04
56 18 18 85	0.0001686106435348113 0.04
56 18 27 85	0.0005445436724025267 0.04
56 18 83 85	0.0001683774430190024 0.04
56 18 92 85	0.0005432420686657974 0.04
56 27 18 85	0.00021182326878607614 0.04
56 27 27 85	0.0015128593040847202 0.04
56 27 83 85	0.00020265820005741983 0.04
56 27 92 85	0.0015513496742165685 0.04
56 30 95 85	0.0035842293906810036 0.04
56 33 98 85	0.0013708019191226869 0.04
56 34 7	1.0 0.04
56 34 30 85	0.0038910505836575876 0.04
56 34 56 85	0.0038910505836575876 0.04
56 34 104	0.02040816326530612 0.04
56 34 105	0.016129032258064516 0.04
56 45 110 85	0.00019415036374641678 0.04
56 77 45 110	0.0015432098765432098 0.04
56 83 15 100	0.001024327784891165 0.04
56 83 18 85	0.0001622248406968035 0.04
56 83 27 85	0.0006349516459900361 0.04
56 83 83 85	0.00016107495580166807 0.04
56 83 92 85	0.000635821187518341 0.04
56 85	0.0038910505836575876 0.04
56 85 12 104	0.005376344086021506 0.04
56 85 20 85	0.0037134971895906484 0.04
56 85 35 100	0.0012765367004301373 0.04
56 85 39 104	0.016882606988614057 0.04
56 85 39 105	0.011803458687894593 0.04
56 85 40 104	0.014220294046758255 0.04
56 85 40 105	0.009755291005291005 0.04
56 85 45 110	0.0010111223458038423 0.04
56 85 46 111	3.300238896885046e-05 0.04
56 85 51 116	0.000727802037845706 0.04
56 86 21 85	0.00167259042441982 0.04
56 86 28 104	0.022222222222222223 0.04
56 86 28 105	0.016129032258064516 0.04
56 86 30 85	0.0038910505836575876 0.04
56 86 38 100	0.00398406374501992 0.04
56 86 61 104	0.02142857142857143 0.04
56 92 27 85	0.0016404647983595353 0.04
56 92 83 85	0.00017317216776919613 0.04
56 92 92 85	0.0016780869808418403 0.04
56 95 7	1.0 0.04
56 95 21 85	0.0007125044531528322 0.04
56 95 28 104	0.013452914798206279 0.04
56 95 28 105	0.008670520231213872 0.04
56 95 30 85	0.003745318352059925 0.04
56 95 52 105	0.016129032258064516 0.04
56 95 56 85	0.0038910505836575876 0.04
56 95 104	0.013333333333333334 0.04
56 95 105	0.008620689655172414 0.04
56 104 46 111	0.00012413108242303873 0.04
56 121 7	1.0 0.04
56 121 56 85	0.0038910505836575876 0.04
56 122 51 116	0.0017301038062283738 0.04
56 122 57 85	0.0038910505836575876 0.04
56 126 61 104	0.021739130434782608 0.04
56 126 61 105	0.015873015873015872 0.04
81 16 7	1.0 0.04
81 16 30 85	0.0012360939431396785 0.04
81 20 15 100	0.0006672732787382469 0.04
81 20 85	0.001272264631043257 0.04
81 20 92 85	0.00013823610727121925 0.04
81 20 95 7	0.3333333333333333 0.04
81 23 20 85	0.0014104372355430183 0.04
81 23 57 122	0.034482758620689655 0.04
81 35 80 85	0.0008058017727639 0.04
81 35 100	0.0012468827930174563 0.04
81 39 15 100	0.0012468827930174563 0.04
81 39 30 85	0.001059322033898305 0.04
81 39 99 85	0.001288659793814433 0.04
81 40 15 100	0.0012468827930174563 0.04
81 43 7	1.0 0.04
81 43 30 85	0.0012360939431396785 0.04
81 46 65	1.0 0.04
81 46 111	9.037301461783511e-05 0.04
81 57 122	0.034482758620689655 0.04
81 67 21 85	0.0012360939431396785 0.04
99 15 80 85	0.0031847133757961785 0.04
99 15 100	0.00398406374501992 0.04
99 18 15 100	0.001024327784891165 0.04
99 18 18 85	0.0001686106435348113 0.04
99 18 27 85	0.0005445436724025267 0.04
99 18 83 85	0.0001683774430190024 0.04
99 18 92 85	0.0005432420686657974 0.04
99 27 18 85	0.00021182326878607614 0.04
99 27 27 85	0.0015128593040847202 0.04
99 27 83 85	0.00020265820005741983 0.04
99 27 92 85	0.0015513496742165685 0.04
99 30 34 104	0.011627906976744186 0.04
99 33 98 85	0.0013708019191226869 0.04
99 34 7	1.0 0.04
99 34 104	0.02040816326530612 0.04
99 34 105	0.016129032258064516 0.04
99 45 110 85	0.00019415036374641678 0.04
99 77 12 85	0.0025380710659898475 0.04
99 77 45 110	0.0015432098765432098 0.04
99 77 46 111	3.9151201941899616e-05 0.04
99 83 15 100	0.001024327784891165 0.04
99 83 18 85	0.0001622248406968035 0.04
99 83 27 85	0.0006349516459900361 0.04
99 83 83 85	0.00016107495580166807 0.04
99 83 92 85	0.000635821187518341 0.04
99 83 95 110	0.001326259946949602 0.04
99 85	0.0038910505836575876 0.04
99 85 12 85	0.0038910505836575876 0.04
99 85 12 104	0.005376344086021506 0.04
99 85 20 85	0.0037134971895906484 0.04
99 85 35 100	0.0012765367004301373 0.04
99 85 39 104	0.016882606988614057 0.04
99 85 39 105	0.011803458687894593 0.04
99 85 40 85	0.003875968992248062 0.04
99 85 40 104	0.014220294046758255 0.04
99 85 40 105	0.009755291005291005 0.04
99 85 45 110	0.0010111223458038423 0.04
99 85 46 111	3.300238896885046e-05 0.04
99 85 51 116	0.000727802037845706 0.04
99 85 72 7	1.0 0.04
99 86 21 85	0.00167259042441982 0.04
99 86 28 104	0.022222222222222223 0.04
99 86 30 85	0.0038910505836575876 0.04
99 86 38 100	0.00398406374501992 0.04
99 86 61 104	0.02142857142857143 0.04
99 86 61 105	0.015789473684210527 0.04
99 92 18 85	0.00018461084034854526 0.04
99 92 27 85	0.0016404647983595353 0.04
99 92 83 85	0.00017317216776919613 0.04
99 92 92 85	0.0016780869808418403 0.04
99 93 30 85	0.0038910505836575876 0.04
99 95 7	1.0 0.04
99 95 28 104	0.013452914798206279 0.04
99 95 30 85	0.003745318352059925 0.04
99 95 37 100	0.004166666666666667 0.04
99 95 52 104	0.022222222222222223 0.04
99 95 53 104	0.022222222222222223 0.04
99 95 99 85	0.0038910505836575876 0.04
99 95 104	0.013333333333333334 0.04
99 95 105	0.008620689655172414 0.04
99 104 46 111	0.00012413108242303873 0.04
99 121 7	1.0 0.04
99 121 30 85	0.0038910505836575876 0.04
99 122 57 85	0.0038910505836575876 0.04
99 126 61 85	0.0038910505836575876 0.04
99 126 61 105	0.015873015873015872 0.04
104 20 34 7	1.0 0.04
104 20 34 105	0.015463917525773196 0.04
104 20 85	0.0037974683544303796 0.04
104 20 95 7	1.0 0.04
104 20 95 104	0.012711864406779662 0.04
104 20 95 105	0.008426966292134831 0.04
104 20 121 7	1.0 0.04
104 35 80 85	0.0026954177897574125 0.04
104 35 100	0.004166666666666667 0.04
104 39 7	1.0 0.04
104 39 30 85	0.0038910505836575876 0.04
104 39 56 85	0.0038910505836575876 0.04
104 39 99 85	0.0038910505836575876 0.04
104 40 30 85	0.0038910505836575876 0.04
104 40 99 85	0.0038910505836575876 0.04
104 40 104	0.022222222222222223 0.04
104 40 105	0.016129032258064516 0.04
104 46 111	8.380473496752567e-05 0.04
108 16 7	1.0 0.04
108 20 15 100	0.0012468827930174563 0.04
108 20 85	0.0014104372355430183 0.04
108 20 95 7	0.3333333333333333 0.04
108 35 80 85	0.0008058017727639 0.04
108 35 100	0.0012468827930174563 0.04
108 43 7	1.0 0.04
108 43 30 85	0.0012360939431396785 0.04
108 46 65	1.0 0.04
108 46 111	0.00040741495212874313 0.04
122 20 85	0.009433962264150943 0.04
122 20 95 7	1.0 0.04
122 39 99 85	0.009345794392523364 0.04
122 40 99 85	0.009345794392523364 0.04
122 57 7	1.0 0.04
122 57 30 85	0.009433962264150943 0.04
124 59 7	1.0 0.04
