0	1.0 1.0
0 1 66	0.021739130434782608 0.03125
0 1 66 85	0.06896551724137931 0.0625
0 12 77	1.0 0.03125
0 12 105 123	0.5 0.03125
0 16 81	0.0195822454308094 0.3125
0 16 108	0.014018691588785047 0.15625
0 16 118 0	0.5 0.03125
0 20 1 66	0.014184397163120567 0.03125
0 20 15 100	0.00034626038781163435 0.125
0 20 34 104	0.0031397174254317113 0.03125
0 20 34 105	0.0049382716049382715 0.03125
0 20 85	0.0036640360766629085 0.25
0 20 95 0	0.9 0.15625
0 20 95 104	0.0010449320794148381 0.03125
0 20 95 105	0.000878348704435661 0.03125
0 20 95 110	0.006546644844517185 0.0625
0 20 117 104	0.003424657534246575 0.03125
0 20 117 105	0.005263157894736842 0.03125
0 24 89	0.0030097817908201654 0.1875
0 26 0	1.0 0.3125
0 26 0 123	1.0 0.03125
0 26 32 91	1.0 0.21875
0 26 33 91	1.0 0.21875
0 26 49 114	0.03289473684210526 0.3125
0 26 91	0.7341772151898734 0.3125
0 26 91 58	1.0 0.03125
0 26 91 123	1.0 0.03125
0 26 97 0	1.0 0.3125
0 26 97 91	0.3 0.09375
0 26 98 0	1.0 0.3125
0 26 98 91	0.3 0.09375
0 35 80 85	0.0003493653196692675 0.125
0 35 80 104	0.0006331117442228553 0.03125
0 35 80 105	0.0005409791723018664 0.03125
0 35 100	0.0016012810248198558 0.6875
0 35 100 58	0.008264462809917356 0.03125
0 35 100 123	0.01044932079414838 0.03125
0 37 94 0	1.0 0.09375
0 37 94 110	0.2222222222222222 0.0625
0 37 102	0.13043478260869565 0.15625
0 37 111	0.0027472527472527475 0.03125
0 37 121 0	1.0 0.09375
0 37 121 110	0.2222222222222222 0.0625
0 39 15 100	0.05714285714285714 0.0625
0 39 27 104	0.0625 0.03125
0 39 30 85	0.003169572107765452 0.0625
0 39 52 85	0.06451612903225806 0.0625
0 39 92 104	0.045454545454545456 0.03125
0 39 93 0	0.6470588235294118 0.28125
0 39 93 110	0.01232394366197183 0.15625
0 39 99 85	0.06451612903225806 0.0625
0 39 104	0.008729388942774006 0.21875
0 39 105	0.0012330456226880395 0.03125
0 39 117 0	0.75 0.125
0 39 117 110	0.008944543828264758 0.09375
0 40 15 100	0.05714285714285714 0.0625
0 40 30 85	0.005797101449275362 0.0625
0 40 52 85	0.06451612903225806 0.0625
0 40 93 0	0.6666666666666666 0.0625
0 40 99 85	0.06451612903225806 0.0625
0 40 104	0.009345794392523364 0.03125
0 40 105	0.03070175438596491 0.21875
0 40 117 0	1.0 0.0625
0 43 0	1.0 0.03125
0 43 81	0.005819592628516004 0.15625
0 43 108	0.028708133971291867 0.3125
0 43 111	1.0 0.03125
0 45 0	0.6363636363636364 0.21875
0 45 28 104	0.0024857954545454545 0.125
0 45 29 102	0.16666666666666666 0.03125
0 45 30 85	0.0006552006552006552 0.0625
0 45 56 102	0.16666666666666666 0.03125
0 45 110	0.007096880673378445 0.34375
0 46 0	1.0 0.03125
0 46 102	0.0036900369003690036 0.03125
0 46 108	0.05 0.03125
0 46 111	0.0005403879501552607 0.71875
0 49 114	0.03289473684210526 0.3125
0 49 114 0	1.0 0.3125
0 49 114 58	0.25 0.03125
0 49 114 91	0.039473684210526314 0.09375
0 49 114 123	0.5 0.03125
0 51 0	1.0 0.03125
0 51 116	0.007407407407407408 0.0625
0 51 116 123	0.16666666666666666 0.03125
0 57 122	0.07692307692307693 0.09375
0 58	0.5 0.03125
0 58 26 91	1.0 0.21875
0 58 35 100	0.04329004329004329 0.3125
0 58 40 77	1.0 0.03125
0 58 49 114	0.03164556962025317 0.3125
0 58 51 0	1.0 0.03125
0 58 51 116	0.07142857142857142 0.03125
0 58 65 0	1.0 0.3125
0 58 65 91	0.3 0.09375
0 58 123	1.0 0.0625
0 58 123 58	0.5 0.03125
0 65 0	1.0 1.0
0 65 0 58	0.9090909090909091 0.03125
0 65 0 123	0.9090909090909091 0.03125
0 65 16	1.0 0.03125
0 65 28 104	0.0055387713997985906 0.15625
0 65 28 105	0.0013504388926401081 0.03125
0 65 29 102	0.16666666666666666 0.03125
0 65 30 85	0.002702702702702703 0.15625
0 65 32 91	1.0 0.21875
0 65 33 91	1.0 0.21875
0 65 43	1.0 0.03125
0 65 46	0.13333333333333333 0.03125
0 65 49 114	0.03289473684210526 0.3125
0 65 52 104	0.004803843074459567 0.09375
0 65 52 105	0.002277904328018223 0.03125
0 65 53 81	0.1 0.03125
0 65 56 102	0.16666666666666666 0.03125
0 65 91	0.3 0.09375
0 65 108	0.043478260869565216 0.03125
0 65 110	0.021148036253776436 0.1875
0 65 111	1.0 0.03125
0 65 116	0.07142857142857142 0.03125
0 65 116 123	0.3333333333333333 0.03125
0 81 0	1.0 0.0625
0 81 16	0.9210526315789473 0.03125
0 81 43	0.5714285714285714 0.03125
0 81 46	0.08450704225352113 0.03125
0 108 0	1.0 0.0625
0 108 16	0.6153846153846154 0.03125
0 108 43	0.8181818181818182 0.03125
0 108 46	0.12121212121212122 0.03125
0 111 0	1.0 0.0625
0 111 8 46	0.25 0.03125
0 111 16	0.04580152671755725 0.03125
0 111 43	0.07692307692307693 0.03125
0 111 46	0.357421875 0.0625
0 111 58 46	0.09090909090909091 0.03125
0 111 73 46	0.25 0.03125
0 111 123 46	0.06666666666666667 0.03125
0 123	0.5 0.03125
0 123 26 91	1.0 0.21875
0 123 35 100	0.04329004329004329 0.3125
0 123 49 114	0.03289473684210526 0.3125
0 123 58	1.0 0.0625
0 123 58 123	0.5 0.03125
0 123 65 0	1.0 0.3125
0 123 65 91	0.3 0.09375
14 20 15 100	0.00013049719431032232 0.03125
14 20 95 0	1.0 0.03125
14 20 95 108	0.058823529411764705 0.03125
14 20 95 111	1.0 0.03125
14 24 89	0.0015822784810126582 0.03125
14 35 100	0.00013049719431032232 0.03125
14 43 0	1.0 0.03125
14 43 108	0.058823529411764705 0.03125
14 43 111	1.0 0.03125
14 46 111	0.00012413108242303873 0.03125
14 79 0	1.0 0.03125
14 79 108	0.058823529411764705 0.03125
14 79 111	1.0 0.03125
16	1.0 0.03125
16 65 0	1.0 0.0625
16 65 16	1.0 0.03125
16 65 43	1.0 0.03125
16 65 46	0.2 0.03125
16 81 0	1.0 0.0625
16 81 16	0.9210526315789473 0.03125
16 81 43	0.5714285714285714 0.03125
16 81 46	0.08450704225352113 0.03125
16 108 0	1.0 0.0625
16 108 16	0.6153846153846154 0.03125
16 108 43	0.8181818181818182 0.03125
16 108 46	0.12121212121212122 0.03125
20 15 100 0	1.0 0.0625
20 15 100 16	0.04054054054054054 0.03125
20 15 100 43	0.056910569105691054 0.03125
20 15 100 46	0.018131868131868133 0.03125
20 18 85 16	0.0008424599831508003 0.03125
20 18 85 46	0.007153520776312515 0.03125
20 18 104 46	0.014084507042253521 0.03125
20 27 85 16	0.0006218905472636816 0.03125
20 27 85 46	0.00981143645561858 0.03125
20 34 77 46	0.03076923076923077 0.03125
20 34 104 16	0.022727272727272728 0.03125
20 34 104 46	0.03305785123966942 0.03125
20 34 105 46	0.02040816326530612 0.03125
20 83 85 16	0.0008424599831508003 0.03125
20 83 85 46	0.007153520776312515 0.03125
20 83 104 46	0.014084507042253521 0.03125
20 85 0	1.0 0.0625
20 85 16	0.1090146750524109 0.03125
20 85 43	0.12875536480686695 0.03125
20 85 46	0.028225806451612902 0.03125
20 92 85 16	0.0006131207847946045 0.03125
20 92 85 46	0.01 0.03125
20 95 7 0	1.0 0.0625
20 95 7 16	1.0 0.03125
20 95 7 43	0.6666666666666666 0.03125
20 95 7 46	0.25 0.03125
20 95 56 46	0.0625 0.03125
20 95 77 46	0.022988505747126436 0.03125
20 95 81 46	0.10256410256410256 0.03125
20 95 104 16	0.02702702702702703 0.03125
20 95 104 43	0.01639344262295082 0.03125
20 95 104 46	0.04245283018867924 0.03125
20 95 105 16	0.04878048780487805 0.03125
20 95 105 43	0.043478260869565216 0.03125
20 95 105 46	0.040376850605652756 0.03125
20 95 108 46	0.08333333333333333 0.03125
24 89 0	1.0 0.03125
25 90 0	0.3333333333333333 0.125
25 90 28 104	0.0009174311926605505 0.03125
25 90 110	0.003663003663003663 0.0625
28 15 80 85	0.002459016393442623 0.09375
28 15 80 104	0.0017064846416382253 0.03125
28 15 80 105	0.0026041666666666665 0.03125
28 15 100	0.002654867256637168 0.09375
28 19 84 105	0.002652519893899204 0.03125
28 27 27 104	0.0410958904109589 0.0625
28 27 33 0	1.0 0.03125
28 27 45 0	1.0 0.03125
28 27 92 104	0.00801068090787717 0.03125
28 27 104	0.03571428571428571 0.03125
28 30 1 66	0.010526315789473684 0.03125
28 30 15 100	0.00031072627087044786 0.1875
28 30 34 104	0.0010804970286331713 0.03125
28 30 34 105	0.0018115942028985507 0.03125
28 30 85	0.0018951358180669614 0.09375
28 30 95 0	0.5 0.09375
28 30 95 104	0.0019599608007839844 0.125
28 30 117 104	0.0034423407917383822 0.03125
28 30 117 105	0.005420054200542005 0.03125
28 33 0	1.0 0.03125
28 45 110 104	0.002564102564102564 0.09375
28 52 1 66	0.010526315789473684 0.03125
28 52 15 100	0.0023357664233576644 0.09375
28 52 34 104	0.0025906735751295338 0.03125
28 52 34 105	0.004213483146067416 0.03125
28 52 85	0.0025996533795493936 0.09375
28 52 95 0	0.75 0.09375
28 52 95 104	0.003169572107765452 0.03125
28 52 95 105	0.004672897196261682 0.03125
28 52 117 104	0.0022996057818659658 0.15625
28 52 117 105	0.0015090543259557343 0.03125
28 56 121 104	0.004491017964071856 0.09375
28 77 12 104	0.0019998032980362585 0.125
28 77 16 81	0.0007246376811594203 0.03125
28 77 16 108	0.003766478342749529 0.03125
28 77 20 85	0.00039826753621745407 0.0625
28 77 35 100	0.00021557157524361415 0.125
28 77 39 104	0.002031144211238998 0.09375
28 77 40 104	0.002861685214626391 0.09375
28 77 43 108	0.002898550724637681 0.0625
28 77 43 110	0.0024937655860349127 0.03125
28 77 45 0	0.5 0.0625
28 77 45 110	0.0010615711252653928 0.125
28 77 46 102	0.0012004801920768306 0.03125
28 77 46 111	8.486983089686194e-05 0.21875
28 77 51 116	0.00018474043968224645 0.03125
28 92 27 104	0.03787878787878788 0.0625
28 92 33 0	1.0 0.03125
28 92 45 0	1.0 0.03125
28 92 92 104	0.032520325203252036 0.03125
28 93 0	0.7647058823529411 0.40625
28 93 28 104	0.0016575730368119344 0.15625
28 93 29 102	0.16666666666666666 0.03125
28 93 30 85	0.0008791818981074453 0.09375
28 93 38 100	0.0009132420091324201 0.03125
28 93 52 104	0.0022002200220022 0.125
28 93 52 105	0.0008305647840531562 0.03125
28 93 53 81	0.1 0.03125
28 93 56 102	0.16666666666666666 0.03125
28 93 110	0.007987220447284345 0.15625
28 99 1 66	0.010526315789473684 0.03125
28 99 15 100	0.0019907100199071004 0.09375
28 99 34 104	0.0013020833333333333 0.03125
28 99 34 105	0.002161383285302594 0.03125
28 99 85	0.0024630541871921183 0.09375
28 99 95 0	0.75 0.09375
28 99 95 104	0.0010911074740861974 0.03125
28 99 95 105	0.0016260162601626016 0.03125
28 99 117 104	0.0025884383088869713 0.03125
28 99 117 105	0.004092769440654843 0.03125
28 104	0.003869969040247678 0.15625
28 104 1 66	0.001566579634464752 0.03125
28 104 12 104	0.002072538860103627 0.09375
28 104 16 81	0.0031363486299108615 0.125
28 104 16 108	0.007007007007007007 0.125
28 104 20 85	0.0008375560115582729 0.125
28 104 24 89	0.0003530609563846558 0.09375
28 104 35 100	0.00023540348673862718 0.25
28 104 37 102	0.0003120611639881417 0.0625
28 104 37 111	0.00012449424214130097 0.125
28 104 39 104	0.0018412038612778715 0.15625
28 104 39 105	1.0898648022712783e-05 0.03125
28 104 40 104	0.0012875050212695829 0.125
28 104 40 105	0.0001153369280009227 0.09375
28 104 43 81	0.0038256819693945443 0.125
28 104 43 108	0.006437768240343348 0.15625
28 104 43 110	0.004777070063694267 0.09375
28 104 45 0	0.4931506849315068 0.1875
28 104 45 110	0.0023983352731633337 0.1875
28 104 46 102	0.0006514657980456026 0.03125
28 104 46 111	5.950809905228101e-05 0.34375
28 104 51 116	5.5847202055177036e-05 0.03125
28 104 57 104	0.001584786053882726 0.03125
28 104 57 122	0.003950767360583498 0.03125
28 104 65 0	0.6470588235294118 0.28125
28 104 65 110	0.010610079575596816 0.15625
28 105	0.0010718113612004287 0.03125
28 105 1 66	0.00426049908703591 0.03125
28 105 1 85	0.0009191176470588235 0.03125
28 105 12 104	0.0028957528957528956 0.09375
28 105 16 81	0.001778003556007112 0.09375
28 105 16 108	0.004078303425774877 0.09375
28 105 20 85	0.0008605157716406271 0.125
28 105 24 89	0.00036255967127923135 0.09375
28 105 35 100	0.0002196136252600243 0.25
28 105 39 104	0.0013252335061437826 0.125
28 105 39 105	3.194020793075363e-05 0.03125
28 105 40 104	0.0021686832332996407 0.15625
28 105 40 105	4.809156634231577e-05 0.03125
28 105 45 0	0.5 0.0625
28 105 45 110	0.0010875968640957085 0.125
28 105 46 111	4.8703818424882096e-05 0.375
28 105 57 122	0.002126151665485471 0.03125
28 105 65 0	0.5 0.0625
28 108 16 81	0.0016286644951140066 0.03125
28 117 0	0.7142857142857143 0.15625
28 117 28 104	0.0022002200220022 0.125
28 117 28 105	0.0008305647840531562 0.03125
28 117 30 85	0.0010836042343919314 0.09375
28 117 52 104	0.0010545186122535063 0.125
28 117 110	0.004862236628849271 0.09375
28 118 1 66	0.021739130434782608 0.03125
28 118 21 85	0.0009191176470588235 0.03125
28 118 30 85	0.000751597143930853 0.03125
28 118 35 100	0.0008849557522123894 0.03125
28 118 53 104	0.0010574177857671566 0.125
28 118 53 105	0.00016795431642593214 0.03125
28 121 56 104	0.004491017964071856 0.09375
28 122 16 108	0.01098901098901099 0.03125
28 122 20 85	0.0006222775357809583 0.03125
28 122 35 100	0.0001574951963965099 0.09375
28 122 37 111	0.00641025641025641 0.09375
28 122 39 104	0.0016313213703099511 0.03125
28 122 43 108	0.013953488372093023 0.0625
28 122 45 110	0.0031028368794326243 0.0625
28 122 46 111	0.00029456320484766874 0.15625
28 122 57 104	0.0016216216216216215 0.03125
28 126 21 85	0.0009045680687471732 0.03125
28 126 61 104	0.0009195402298850574 0.09375
29 94 0	1.0 0.09375
29 94 28 104	0.09090909090909091 0.03125
29 94 29 102	0.16666666666666666 0.03125
29 94 56 102	0.16666666666666666 0.03125
29 94 110	0.2222222222222222 0.0625
29 102	0.16666666666666666 0.03125
29 102 16 81	0.0035587188612099642 0.03125
29 102 16 108	0.010526315789473684 0.03125
29 102 37 102	0.16666666666666666 0.03125
29 102 39 104	0.0017211703958691911 0.03125
29 102 40 105	0.0022271714922048997 0.03125
29 102 43 81	0.0030959752321981426 0.03125
29 102 43 108	0.013605442176870748 0.03125
29 102 45 0	1.0 0.09375
29 102 45 110	0.005451713395638629 0.0625
29 102 46 111	0.001053370786516854 0.09375
29 102 51 116	0.002583979328165375 0.03125
29 102 65 0	1.0 0.09375
29 102 65 110	0.2222222222222222 0.0625
29 121 0	1.0 0.09375
29 121 28 104	0.09090909090909091 0.03125
29 121 29 102	0.16666666666666666 0.03125
29 121 56 102	0.16666666666666666 0.03125
29 121 110	0.2222222222222222 0.0625
30 1 66	0.006944444444444444 0.03125
30 1 66 85	0.0009097111667045713 0.09375
30 15 80 85	0.000584932147870847 0.09375
30 15 80 104	0.0006825938566552901 0.03125
30 15 100	0.0004016870857601928 0.125
30 18 15 100	3.8430498443564814e-05 0.0625
30 18 18 85	9.079942160505181e-05 0.15625
30 18 27 85	5.475951446563841e-05 0.15625
30 18 83 85	9.094987882497136e-05 0.15625
30 18 92 85	5.4008706203439994e-05 0.15625
30 18 95 110	0.000777000777000777 0.03125
30 27 15 100	0.00015416238437821172 0.0625
30 27 18 85	6.378527325611062e-05 0.15625
30 27 27 85	0.0004026527711984841 0.15625
30 27 83 85	6.382815757895543e-05 0.15625
30 27 92 85	0.0003806026955626203 0.15625
30 34 15 100	0.001348314606741573 0.09375
30 34 30 85	0.001284796573875803 0.09375
30 34 52 85	0.0013175230566534915 0.09375
30 34 93 0	0.75 0.09375
30 34 99 85	0.0012474012474012475 0.09375
30 34 104	0.0008695652173913044 0.03125
30 34 105	0.0014534883720930232 0.03125
30 34 117 0	0.75 0.09375
30 45 110 85	0.00015756633542721486 0.15625
30 77 12 85	0.00045955882352941176 0.03125
30 77 20 85	0.0004584352078239609 0.03125
30 77 35 100	0.0001331085278196823 0.03125
30 83 15 100	4.747526538673351e-05 0.0625
30 83 18 85	8.69617313116539e-05 0.15625
30 83 27 85	7.281659441642354e-05 0.15625
30 83 83 85	8.461909161739092e-05 0.15625
30 83 92 85	7.248092543645597e-05 0.15625
30 83 95 110	0.0007797270955165692 0.03125
30 85	0.0017901897601145722 0.15625
30 85 1 66	0.004185130477597243 0.03125
30 85 12 85	0.00045955882352941176 0.03125
30 85 16 81	0.0012777833820908572 0.125
30 85 16 108	0.0024976213130352047 0.0625
30 85 20 85	0.0008008528601411605 0.15625
30 85 24 89	0.0003092091313873772 0.09375
30 85 35 100	0.00031278124901822725 0.15625
30 85 37 102	3.843640696467694e-05 0.03125
30 85 39 85	0.0011923688394276629 0.09375
30 85 39 104	6.894816132490787e-06 0.03125
30 85 40 104	3.6830513343694984e-05 0.03125
30 85 40 105	6.0033738961296247e-05 0.03125
30 85 43 0	0.7142857142857143 0.0625
30 85 43 81	0.002177786576915462 0.03125
30 85 43 108	0.003619153674832962 0.09375
30 85 43 111	0.6 0.03125
30 85 45 0	0.9473684210526315 0.125
30 85 45 110	0.0016431721871486638 0.09375
30 85 46 111	4.5102276819997585e-05 0.1875
30 85 65 0	0.9 0.15625
30 85 65 110	0.015267175572519083 0.0625
30 85 79 0	1.0 0.03125
30 85 79 108	0.058823529411764705 0.03125
30 85 79 111	1.0 0.03125
30 86 11 89	0.0015822784810126582 0.03125
30 86 21 85	0.0005422503389064618 0.09375
30 86 30 85	0.0004574565416285453 0.03125
30 86 35 100	0.00045662100456621003 0.03125
30 86 38 100	0.0001712719799040877 0.0625
30 86 61 85	0.00045714285714285713 0.03125
30 92 15 100	0.00020835937825561528 0.0625
30 92 18 85	7.464357692020602e-05 0.15625
30 92 27 85	0.00048330191870861726 0.15625
30 92 83 85	7.469605297268321e-05 0.15625
30 92 92 85	0.0004911337434730911 0.15625
30 95 0	0.7777777777777778 0.21875
30 95 15 100	0.0005435110815870523 0.125
30 95 21 85	0.0004553734061930783 0.03125
30 95 28 81	0.006756756756756757 0.03125
30 95 28 104	5.13083632632119e-05 0.03125
30 95 28 105	8.682816705739342e-05 0.03125
30 95 28 108	0.010638297872340425 0.03125
30 95 30 85	0.0006074582977190747 0.15625
30 95 38 100	0.0003044510747122937 0.0625
30 95 52 85	0.0007763305442939705 0.09375
30 95 52 104	7.869678130164477e-05 0.03125
30 95 52 105	0.00013239772275916854 0.03125
30 95 53 81	0.05 0.03125
30 95 93 0	0.375 0.09375
30 95 99 85	0.0012376237623762376 0.09375
30 95 104	0.0004725897920604915 0.03125
30 95 105	0.0004940711462450593 0.03125
30 95 108	0.010101010101010102 0.03125
30 95 110	0.0024009603841536613 0.0625
30 95 111	1.0 0.03125
30 95 117 0	0.5 0.09375
30 102 35 100	0.00013049719431032232 0.03125
30 102 46 111	7.283321194464675e-05 0.03125
30 104 1 66	0.021739130434782608 0.03125
30 104 20 85	0.0007067137809187279 0.09375
30 104 35 100	0.0001712719799040877 0.0625
30 104 39 85	0.0010173974972021568 0.15625
30 104 46 111	1.5520238390861685e-05 0.03125
30 105 20 85	0.0020491803278688526 0.0625
30 105 35 100	0.0001252661906551422 0.03125
30 105 40 85	0.0013614703880190605 0.09375
30 105 46 111	3.853416053331278e-05 0.0625
30 108 35 100	0.00045662100456621003 0.03125
30 117 15 100	0.0005747598324985631 0.125
30 117 30 85	0.001276595744680851 0.09375
30 117 52 85	0.0012733446519524619 0.09375
30 117 93 0	0.75 0.09375
30 117 99 85	0.0012474012474012475 0.09375
30 117 104	0.0008695652173913044 0.03125
30 117 105	0.0014347202295552368 0.03125
30 117 117 0	0.75 0.09375
30 121 30 85	0.00045955882352941176 0.03125
30 122 57 85	0.06896551724137931 0.0625
30 126 21 85	0.00045955882352941176 0.03125
30 126 61 85	0.00045955882352941176 0.03125
32 91	1.0 0.21875
32 91 26 91	1.0 0.21875
32 91 35 100	0.04329004329004329 0.3125
32 91 46 111	0.003458498023715415 0.125
32 91 49 114	0.03289473684210526 0.3125
32 91 58	1.0 0.03125
32 91 58 123	1.0 0.03125
32 91 65 0	1.0 0.3125
32 91 65 91	0.3 0.09375
32 91 123	1.0 0.03125
32 97 0	1.0 0.3125
32 97 32 91	1.0 0.21875
32 97 33 0	1.0 0.3125
32 97 33 91	0.6585365853658537 0.3125
32 97 49 114	0.03289473684210526 0.3125
32 97 91	0.3 0.09375
32 98 0	1.0 0.3125
32 98 0 58	1.0 0.03125
32 98 32 91	1.0 0.21875
32 98 33 0	1.0 0.3125
32 98 33 91	0.6585365853658537 0.3125
32 98 49 114	0.03289473684210526 0.3125
32 98 91	0.3 0.09375
33 91	1.0 0.21875
33 91 26 91	1.0 0.21875
33 91 35 100	0.04329004329004329 0.3125
33 91 46 111	0.003458498023715415 0.125
33 91 49 114	0.03289473684210526 0.3125
33 91 58	1.0 0.03125
33 91 65 0	1.0 0.3125
33 91 65 91	0.3 0.09375
33 91 123	1.0 0.03125
33 91 123 58	1.0 0.03125
33 97 0	1.0 0.3125
33 97 0 58	1.0 0.03125
33 97 32 91	1.0 0.21875
33 97 33 0	1.0 0.3125
33 97 33 91	0.6585365853658537 0.3125
33 97 49 114	0.03289473684210526 0.3125
33 97 91	0.3 0.09375
33 98 0	1.0 0.3125
33 98 32 91	1.0 0.21875
33 98 33 0	1.0 0.3125
33 98 33 91	0.6585365853658537 0.3125
33 98 49 114	0.03289473684210526 0.3125
33 98 91	0.3 0.09375
35 80 77 46	0.012121212121212121 0.03125
35 80 85 0	1.0 0.0625
35 80 85 16	0.04102167182662539 0.03125
35 80 85 43	0.04484304932735426 0.03125
35 80 85 46	0.013463736822050045 0.03125
35 80 104 16	0.010810810810810811 0.03125
35 80 104 46	0.021875 0.03125
35 80 105 16	0.013793103448275862 0.03125
35 80 105 43	0.021739130434782608 0.03125
35 80 105 46	0.016597510373443983 0.03125
35 100 0	1.0 0.09375
35 100 16	0.007509386733416771 0.03125
35 100 43	0.0054858934169279 0.03125
35 100 46	0.0023247863247863247 0.0625
37 102 0	1.0 0.125
37 102 16	0.25 0.03125
37 102 43	0.5 0.03125
37 102 46	0.02040816326530612 0.03125
37 102 53 81	0.1 0.03125
43	1.0 0.03125
43 65 0	1.0 0.0625
43 65 16	1.0 0.03125
43 65 43	1.0 0.03125
43 65 46	0.2 0.03125
43 81 16	0.9210526315789473 0.03125
43 81 43	0.5714285714285714 0.03125
43 81 46	0.08450704225352113 0.03125
43 108 0	1.0 0.0625
43 108 16	0.6153846153846154 0.03125
43 108 43	0.8181818181818182 0.03125
43 108 46	0.12121212121212122 0.03125
45 110 0	0.5714285714285714 0.125
45 110 28 104	0.001229256299938537 0.03125
45 110 110	0.004464285714285714 0.0625
45 110 116	0.03333333333333333 0.03125
45 110 116 123	0.16666666666666666 0.03125
46	0.1 0.03125
46 65 0	1.0 0.0625
46 65 16	1.0 0.03125
46 65 43	1.0 0.03125
46 65 46	0.2 0.03125
46 111 0	1.0 0.09375
46 111 8 46	0.0033444816053511705 0.03125
46 111 16	0.002642706131078224 0.03125
46 111 43	0.007590132827324478 0.03125
46 111 46	0.019733713742272944 0.0625
46 111 58 46	0.0045871559633027525 0.03125
46 111 73 46	0.0033444816053511705 0.03125
46 111 109 46	0.001949317738791423 0.03125
46 111 123 46	0.004597701149425287 0.0625
49 113 48 114	0.03289473684210526 0.3125
49 114	0.03289473684210526 0.3125
49 114 0	1.0 0.3125
49 114 0 58	1.0 0.03125
49 114 20 85	4.439353985208072e-05 0.03125
49 114 26 0	1.0 0.3125
49 114 26 91	0.0611353711790393 0.3125
49 114 32 91	1.0 0.21875
49 114 33 0	1.0 0.3125
49 114 33 91	0.7083333333333334 0.3125
49 114 35 100	0.00095649975745899 0.3125
49 114 46 111	7.43157746626807e-05 0.15625
49 114 49 114	0.03211900938213169 0.3125
49 114 58	0.25 0.03125
49 114 65 0	1.0 0.3125
49 114 65 91	0.3 0.09375
49 114 91	0.039473684210526314 0.09375
49 114 123	0.5 0.03125
49 114 123 58	0.5 0.03125
51 116 0	1.0 0.0625
51 116 51 0	1.0 0.03125
51 116 51 116	0.007610006027727547 0.03125
51 116 58	0.06666666666666667 0.03125
51 116 116	0.07142857142857142 0.03125
51 116 116 123	0.3333333333333333 0.03125
52 15 80 85	0.002459016393442623 0.09375
52 15 80 105	0.0026041666666666665 0.03125
52 15 100	0.002654867256637168 0.09375
52 30 1 66	0.010526315789473684 0.03125
52 30 15 100	0.00047458967767451056 0.15625
52 30 34 104	0.0011179429849077697 0.03125
52 30 34 105	0.0018674136321195146 0.03125
52 30 85	0.0021691973969631237 0.09375
52 30 95 0	0.6 0.09375
52 30 95 104	0.0022281639928698753 0.09375
52 30 95 105	0.00044072278536800354 0.03125
52 30 117 104	0.0034423407917383822 0.03125
52 30 117 105	0.005420054200542005 0.03125
52 45 110 104	0.004672897196261682 0.0625
52 45 110 105	0.0025 0.03125
52 52 1 66	0.010526315789473684 0.03125
52 52 15 100	0.0023357664233576644 0.09375
52 52 34 104	0.0025906735751295338 0.03125
52 52 34 105	0.004213483146067416 0.03125
52 52 85	0.0025996533795493936 0.09375
52 52 95 0	0.75 0.09375
52 52 95 104	0.003169572107765452 0.03125
52 52 95 105	0.004672897196261682 0.03125
52 52 117 104	0.0018768768768768769 0.09375
52 52 117 105	0.0017772511848341231 0.03125
52 56 121 104	0.005988023952095809 0.0625
52 77 12 104	0.0016223370191691927 0.0625
52 77 20 85	0.0004741733577796042 0.03125
52 77 35 100	0.0002722092502752338 0.09375
52 77 39 104	0.0019111323459149545 0.0625
52 77 40 104	0.0031141868512110727 0.0625
52 77 43 81	0.003367003367003367 0.0625
52 77 45 110	0.0007312614259597807 0.0625
52 77 46 111	2.7236082361913064e-05 0.0625
52 93 0	0.7142857142857143 0.15625
52 93 28 104	0.001241413556236034 0.09375
52 93 28 105	0.00013220518244315177 0.03125
52 93 30 85	0.0009717178949521812 0.09375
52 93 38 100	0.0009132420091324201 0.03125
52 93 52 104	0.0020215633423180594 0.09375
52 93 52 105	0.0010570824524312897 0.03125
52 93 110	0.004651162790697674 0.0625
52 99 1 66	0.010526315789473684 0.03125
52 99 15 100	0.0019907100199071004 0.09375
52 99 34 104	0.0013020833333333333 0.03125
52 99 34 105	0.002161383285302594 0.03125
52 99 85	0.0024630541871921183 0.09375
52 99 95 0	0.75 0.09375
52 99 95 104	0.0010911074740861974 0.03125
52 99 95 105	0.0016260162601626016 0.03125
52 99 117 104	0.0025884383088869713 0.03125
52 99 117 105	0.004092769440654843 0.03125
52 104	0.003293084522502744 0.09375
52 104 1 66	0.0021474588403722263 0.03125
52 104 1 85	0.0009191176470588235 0.03125
52 104 12 104	0.0018075011296882061 0.0625
52 104 16 81	0.003653802237953871 0.09375
52 104 16 108	0.007570977917981073 0.0625
52 104 20 85	0.0008511602206152378 0.09375
52 104 24 89	2.3129409043598938e-05 0.0625
52 104 35 100	0.00033425353250675724 0.15625
52 104 39 104	0.0015276094957297403 0.09375
52 104 39 105	1.4291124497131057e-05 0.03125
52 104 40 104	0.0010440618979553789 0.09375
52 104 40 105	0.00013034168140769017 0.0625
52 104 43 0	0.75 0.09375
52 104 43 81	0.004588471465443074 0.0625
52 104 43 108	0.005723006486074018 0.0625
52 104 45 0	0.9452054794520548 0.09375
52 104 45 110	0.0020199619771863117 0.0625
52 104 46 102	0.0009787472035794184 0.03125
52 104 46 111	4.254591547170175e-05 0.125
52 104 57 122	0.004644515898535191 0.03125
52 104 65 0	0.75 0.125
52 104 65 110	0.010723860589812333 0.0625
52 105	0.001644736842105263 0.03125
52 105 1 66	0.006294964028776978 0.03125
52 105 1 85	0.0009191176470588235 0.03125
52 105 12 104	0.0031424581005586594 0.0625
52 105 16 81	0.0022099447513812156 0.09375
52 105 16 108	0.005984440454817474 0.09375
52 105 20 85	0.0008769508662946904 0.09375
52 105 24 89	7.128345867341483e-05 0.0625
52 105 35 100	0.00031128381035679196 0.15625
52 105 39 104	0.001064234131508932 0.09375
52 105 39 105	3.997361741250774e-05 0.03125
52 105 40 104	0.0018862599537723412 0.09375
52 105 40 105	6.630896663001254e-05 0.03125
52 105 43 81	0.0025393600812595226 0.0625
52 105 43 108	0.0019181585677749361 0.0625
52 105 45 0	1.0 0.0625
52 105 45 110	0.0006996431819771917 0.0625
52 105 46 111	4.002335480468603e-05 0.15625
52 105 57 122	0.002426202992317024 0.03125
52 105 65 0	1.0 0.0625
52 117 0	1.0 0.15625
52 117 28 104	0.0020215633423180594 0.09375
52 117 28 105	0.0010570824524312897 0.03125
52 117 30 85	0.0010836042343919314 0.09375
52 117 52 104	0.0008279124778237729 0.09375
52 117 52 105	0.00019305019305019305 0.03125
52 117 110	0.004640371229698376 0.0625
52 118 1 66	0.021739130434782608 0.03125
52 118 21 85	0.0009191176470588235 0.03125
52 118 30 85	0.0008269588587967748 0.03125
52 118 53 104	0.0008279124778237729 0.09375
52 118 53 105	0.00019305019305019305 0.03125
52 122 35 100	0.0009132420091324201 0.03125
52 126 61 104	0.0006829434864264982 0.0625
53 81	0.1 0.03125
53 81 16 81	0.07936507936507936 0.03125
53 81 46 111	2.131105617594408e-05 0.03125
53 81 65 0	0.3333333333333333 0.03125
53 118 0	1.0 0.03125
53 118 53 81	0.1 0.03125
56 94 0	1.0 0.09375
56 94 28 104	0.09090909090909091 0.03125
56 94 29 102	0.16666666666666666 0.03125
56 94 56 102	0.16666666666666666 0.03125
56 94 110	0.2222222222222222 0.0625
56 102	0.16666666666666666 0.03125
56 102 16 81	0.0035587188612099642 0.03125
56 102 16 108	0.010526315789473684 0.03125
56 102 37 102	0.16666666666666666 0.03125
56 102 39 104	0.0017211703958691911 0.03125
56 102 40 105	0.0022271714922048997 0.03125
56 102 43 81	0.0030959752321981426 0.03125
56 102 43 108	0.013605442176870748 0.03125
56 102 45 0	1.0 0.09375
56 102 45 110	0.005451713395638629 0.0625
56 102 46 111	0.001053370786516854 0.09375
56 102 51 116	0.002583979328165375 0.03125
56 102 65 0	1.0 0.09375
56 102 65 110	0.2222222222222222 0.0625
56 121 0	1.0 0.09375
56 121 28 104	0.09090909090909091 0.03125
56 121 29 102	0.16666666666666666 0.03125
56 121 56 102	0.16666666666666666 0.03125
56 121 110	0.2222222222222222 0.0625
57 122 0	1.0 0.0625
57 122 16	0.4 0.03125
57 122 43	0.7142857142857143 0.03125
57 122 46	0.04878048780487805 0.03125
72 7 0	1.0 0.0625
72 7 16	1.0 0.03125
72 7 43	1.0 0.03125
72 7 46	0.2 0.03125
72 30 85 0	1.0 0.0625
72 30 85 16	0.10074626865671642 0.03125
72 30 85 43	0.10483870967741936 0.03125
72 30 85 46	0.02068519715578539 0.03125
72 81 46	0.125 0.03125
72 108 46	0.3333333333333333 0.03125
91	0.3 0.09375
91 20 18 85	6.338742393509128e-05 0.03125
91 20 85	0.0004361098996947231 0.03125
91 20 92 85	8.298066550493735e-05 0.03125
91 26 0	1.0 0.3125
91 26 0 58	1.0 0.03125
91 26 0 123	1.0 0.03125
91 26 32 91	1.0 0.21875
91 26 33 91	1.0 0.21875
91 26 49 114	0.03289473684210526 0.3125
91 26 91	0.15463917525773196 0.09375
91 35 100	0.03690036900369004 0.3125
91 35 100 58	0.16216216216216217 0.03125
91 35 100 123	0.5 0.03125
91 46 111	0.00041833502659415525 0.125
91 49 114	0.031446540880503145 0.3125
91 49 114 0	1.0 0.3125
91 49 114 58	0.23333333333333334 0.03125
91 49 114 91	0.039473684210526314 0.09375
91 49 114 123	0.5 0.03125
91 57 122	0.125 0.03125
91 65 0	1.0 0.3125
91 65 0 58	1.0 0.03125
91 65 0 123	1.0 0.03125
91 65 32 91	1.0 0.21875
91 65 33 91	1.0 0.21875
91 65 49 114	0.03289473684210526 0.3125
91 65 91	0.3 0.09375
98 27 33 0	1.0 0.03125
98 27 45 0	1.0 0.03125
98 27 93 0	1.0 0.03125
98 30 15 100	0.00013049719431032232 0.03125
98 32 91	1.0 0.21875
98 32 91 123	1.0 0.03125
98 32 97 0	1.0 0.3125
98 32 97 91	0.3 0.09375
98 32 98 0	1.0 0.3125
98 32 98 91	0.3 0.09375
98 33 0	1.0 0.34375
98 33 32 91	1.0 0.21875
98 33 33 91	1.0 0.21875
98 33 49 114	0.03289473684210526 0.3125
98 33 91	0.5882352941176471 0.3125
98 33 97 0	1.0 0.3125
98 33 97 91	0.3 0.09375
98 33 98 0	1.0 0.3125
98 33 98 91	0.3 0.09375
98 45 0	1.0 0.03125
98 49 114	0.03289473684210526 0.3125
98 49 114 0	1.0 0.3125
98 49 114 123	0.5 0.03125
98 77 35 100	0.00013049719431032232 0.03125
98 92 33 0	1.0 0.03125
98 92 45 0	1.0 0.03125
98 92 93 0	1.0 0.03125
98 93 0	1.0 0.03125
98 104 35 100	0.00013049719431032232 0.03125
98 104 43 108	0.011904761904761904 0.03125
98 104 46 111	8.18753770576575e-05 0.03125
98 105 16 108	0.002932551319648094 0.03125
98 105 35 100	0.00013033416034859103 0.03125
98 105 43 108	0.002699055330634278 0.03125
98 105 46 111	5.501292803808895e-05 0.03125
98 122 35 100	0.00013049719431032232 0.03125
98 122 46 111	9.906875371507826e-05 0.03125
108	0.045454545454545456 0.03125
108 20 15 100	0.00016584435507276422 0.0625
108 20 85	0.0006165228113440197 0.03125
108 20 95 0	0.7142857142857143 0.0625
108 20 95 108	0.021897810218978103 0.03125
108 20 95 111	1.0 0.03125
108 24 89	0.0015672536185120309 0.0625
108 35 100	0.0001552908506284712 0.15625
108 39 52 85	0.0006666666666666666 0.03125
108 39 93 0	0.3 0.09375
108 39 104	0.0011129660545353367 0.0625
108 43 0	1.0 0.15625
108 43 28 104	0.0013513513513513514 0.0625
108 43 108	0.05396825396825397 0.03125
108 43 110	0.00975609756097561 0.0625
108 43 111	1.0 0.03125
108 45 0	1.0 0.0625
108 45 28 104	0.005988023952095809 0.0625
108 45 110	0.0019588638589618022 0.0625
108 46 0	1.0 0.03125
108 46 108	0.058823529411764705 0.03125
108 46 111	0.00011534235431957117 0.0625
108 65 0	1.0 0.03125
108 65 108	0.058823529411764705 0.03125
108 65 111	1.0 0.03125
108 79 0	1.0 0.03125
108 79 108	0.058823529411764705 0.03125
108 79 111	1.0 0.03125
110	0.018292682926829267 0.1875
110 8 35 100	0.00023924485623559092 0.09375
110 8 46 111	0.0001177301624676242 0.09375
110 12 83 85	0.00014382281029771322 0.0625
110 12 93 110	0.010752688172043012 0.0625
110 12 104	0.004464285714285714 0.0625
110 12 117 0	1.0 0.0625
110 16 81	0.0007273256236817223 0.0625
110 16 108	0.0014291547570436914 0.0625
110 20 1 66	0.002 0.03125
110 20 15 100	0.00021177403105817434 0.15625
110 20 18 85	0.00021728549207247243 0.0625
110 20 34 105	4.332380209687202e-05 0.03125
110 20 83 85	0.00021740105688220152 0.0625
110 20 85	0.0009154947486204002 0.125
110 20 95 0	0.9642857142857143 0.125
110 20 95 104	0.0004596888260254597 0.09375
110 20 95 105	6.835737234260716e-05 0.0625
110 20 95 110	0.01054516514126542 0.0625
110 20 117 104	0.002053388090349076 0.03125
110 20 117 105	0.0008688097306689834 0.03125
110 23 35 100	0.00025919326097521465 0.0625
110 23 46 111	0.00023519134495850552 0.125
110 27 33 0	1.0 0.03125
110 27 93 0	1.0 0.03125
110 33 0	1.0 0.03125
110 35 80 85	8.9304319352246e-06 0.09375
110 35 80 104	1.814783224143876e-05 0.03125
110 35 80 105	1.470134223254583e-05 0.03125
110 35 100	0.00023088178852427558 0.21875
110 37 94 0	1.0 0.09375
110 37 94 110	0.2222222222222222 0.0625
110 37 102	0.000999666777740753 0.0625
110 37 111	0.002506265664160401 0.03125
110 37 121 0	1.0 0.09375
110 37 121 110	0.2222222222222222 0.0625
110 39 15 100	0.0002192790106131041 0.125
110 39 27 104	0.014285714285714285 0.03125
110 39 30 85	0.00010186065462447372 0.09375
110 39 92 104	0.012987012987012988 0.03125
110 39 93 0	0.496551724137931 0.1875
110 39 93 110	0.008989341209708488 0.125
110 39 99 85	3.923568878251658e-05 0.03125
110 39 104	0.0039032006245121 0.125
110 39 117 0	0.9583333333333334 0.09375
110 39 117 110	0.00890518596123625 0.0625
110 40 30 85	0.0006491097922848664 0.0625
110 40 93 0	0.5 0.0625
110 40 93 110	0.008077544426494346 0.0625
110 40 104	0.0023952095808383233 0.0625
110 40 105	0.00039261876717707107 0.0625
110 40 117 0	1.0 0.0625
110 40 117 110	0.00966183574879227 0.0625
110 43 0	1.0 0.0625
110 43 15 100	0.00026099438862064463 0.0625
110 43 28 104	0.005988023952095809 0.0625
110 43 81	0.0011306314141589842 0.0625
110 43 108	0.002497918401332223 0.09375
110 43 110	0.0026954177897574125 0.09375
110 44 35 100	0.00022836263987211693 0.0625
110 44 45 110	0.0003863987635239567 0.03125
110 44 46 111	0.00010297600659046442 0.09375
110 45 0	0.868766404199475 0.375
110 45 28 104	0.003066721257516277 0.125
110 45 28 105	1.115361879161694e-05 0.03125
110 45 29 102	0.16666666666666666 0.03125
110 45 30 85	0.001029756409345927 0.15625
110 45 52 104	0.0029752408908174334 0.09375
110 45 52 105	1.1162084630925671e-05 0.03125
110 45 56 102	0.16666666666666666 0.03125
110 45 108	0.0007507507507507507 0.03125
110 45 110	0.003578887711086156 0.1875
110 45 111	1.0 0.03125
110 46 102	0.002221673660824488 0.03125
110 46 111	0.00020813239250723386 0.21875
110 51 116	8.495454931611588e-05 0.03125
110 57 15 100	0.0002599766021058105 0.0625
110 57 18 85	0.0001509433962264151 0.0625
110 57 83 85	0.0001509433962264151 0.0625
110 57 122	0.0041109969167523125 0.03125
110 58 20 85	0.00039261876717707107 0.0625
110 58 46 111	0.00020611650735578285 0.125
110 65 0	0.7 0.21875
110 65 28 104	0.007407407407407408 0.09375
110 65 29 102	0.16666666666666666 0.03125
110 65 30 85	0.003827751196172249 0.0625
110 65 52 104	0.005952380952380952 0.0625
110 65 56 102	0.16666666666666666 0.03125
110 65 110	0.01848998459167951 0.1875
110 73 35 100	0.00023924485623559092 0.09375
110 73 46 111	0.0001177301624676242 0.09375
110 88 35 100	0.00025919326097521465 0.0625
110 88 46 111	0.00023519134495850552 0.125
110 92 33 0	1.0 0.03125
110 92 93 0	1.0 0.03125
110 104 35 100	0.00013049719431032232 0.03125
110 104 46 111	7.528136409831747e-05 0.03125
110 105 35 100	0.00013049719431032232 0.03125
110 105 43 108	0.00684931506849315 0.03125
110 105 46 111	6.945623485468212e-05 0.03125
110 109 35 100	0.00019235701461913312 0.09375
110 109 45 110	0.00018453589223103894 0.03125
110 109 46 111	0.00012897234832851836 0.125
110 123 35 100	0.0002348949497585802 0.09375
110 123 45 110	0.000649772579597141 0.03125
110 123 46 111	0.00011386063458327007 0.09375
111	1.0 0.03125
111 24 89	0.0015822784810126582 0.03125
111 35 100	0.00013049719431032232 0.03125
111 43 0	1.0 0.03125
111 43 108	0.058823529411764705 0.03125
111 43 111	1.0 0.03125
111 46 0	1.0 0.03125
111 46 108	0.058823529411764705 0.03125
111 46 111	0.00024823135161970955 0.03125
111 65 0	1.0 0.03125
111 65 108	0.058823529411764705 0.03125
111 65 111	1.0 0.03125
116	0.07142857142857142 0.03125
116 8 51 0	1.0 0.03125
116 8 51 116	0.07142857142857142 0.03125
116 12 77	0.2 0.03125
116 12 105 123	0.3333333333333333 0.03125
116 16 81 58	0.14285714285714285 0.03125
116 16 81 123	0.3333333333333333 0.03125
116 40 77	0.007194244604316547 0.03125
116 40 105 123	0.025 0.03125
116 45 110 123	0.04 0.03125
116 46 111 58	0.0036150022593764122 0.03125
116 46 111 123	0.0029171528588098016 0.03125
116 49 114 123	0.5 0.03125
116 51 0	1.0 0.03125
116 51 116	0.030181086519114688 0.03125
116 51 116 0	1.0 0.03125
116 51 116 58	0.034482758620689655 0.03125
116 51 116 116	0.07142857142857142 0.03125
116 51 116 123	0.21875 0.03125
116 58 40 77	0.014285714285714285 0.03125
116 58 51 0	1.0 0.03125
116 58 51 116	0.07142857142857142 0.03125
116 58 123	0.25 0.03125
116 62 127 123	1.0 0.03125
116 65 0	1.0 0.03125
116 65 116	0.07142857142857142 0.03125
116 65 116 123	0.3333333333333333 0.03125
116 73 51 0	1.0 0.03125
116 73 51 116	0.07142857142857142 0.03125
116 85 51 116	0.000267022696929239 0.03125
116 123	0.3333333333333333 0.03125
116 123 12 77	1.0 0.03125
116 123 51 0	1.0 0.03125
116 123 51 116	0.017094017094017096 0.03125
116 123 58	0.3333333333333333 0.03125
116 123 58 123	0.3333333333333333 0.03125
116 123 65 0	1.0 0.03125
116 123 65 116	0.07142857142857142 0.03125
116 123 123 58	1.0 0.03125
