2	0.04134275618374558 0.18780096308186195
2 1 66	0.0004565283554834128 0.025682182985553772
2 6 71	0.0004334050693448111 0.030497592295345103
2 6 71 2	0.0012991302433116813 0.025682182985553772
2 6 71 4	0.0207946528035648 0.027287319422150885
2 6 71 23	0.00032808398950131233 0.0016051364365971107
2 6 71 44	0.0009569377990430622 0.0016051364365971107
2 6 71 55	0.011764705882352941 0.0016051364365971107
2 6 71 88	0.00034094783498124785 0.0016051364365971107
2 6 71 109	0.00612088752869166 0.0016051364365971107
2 6 87	0.04477611940298507 0.004815409309791332
2 6 87 2	0.008620689655172414 0.0016051364365971107
2 6 87 4	0.06666666666666667 0.0016051364365971107
2 8	0.02040816326530612 0.0032102728731942215
2 8 8	0.028409090909090908 0.008025682182985553
2 8 8 123	0.35135135135135137 0.0032102728731942215
2 8 16 81	0.002540220152413209 0.0032102728731942215
2 8 35 100	0.00013031013812874641 0.012841091492776886
2 8 40 77	0.0018181818181818182 0.0016051364365971107
2 8 43 108	0.019867549668874173 0.004815409309791332
2 8 46 111	9.219077120094403e-05 0.04654895666131621
2 8 51 116	0.0005333333333333334 0.0016051364365971107
2 8 67 2	0.02385008517887564 0.008025682182985553
2 8 67 4	0.19047619047619047 0.008025682182985553
2 8 69 2	0.08163265306122448 0.0032102728731942215
2 8 69 4	0.47058823529411764 0.0032102728731942215
2 8 73	0.03317535545023697 0.011235955056179775
2 8 73 8	0.0007145409074669524 0.0032102728731942215
2 8 73 123	0.5 0.0032102728731942215
2 8 123	0.21875 0.0032102728731942215
2 10 75	0.00025749967812540236 0.0032102728731942215
2 12 77	0.003257328990228013 0.01765650080256822
2 12 77 123	0.014018691588785047 0.004815409309791332
2 12 83 85	1.284224585195459e-05 0.0016051364365971107
2 12 104	0.00010778765831312315 0.0032102728731942215
2 12 105	0.00018561484918793505 0.006420545746388443
2 12 105 23	0.0010615711252653928 0.0016051364365971107
2 12 117 81	0.0013413816230717639 0.0032102728731942215
2 12 121 81	0.022727272727272728 0.0016051364365971107
2 12 126 2	0.00013719303059404582 0.004815409309791332
2 12 126 4	0.02599388379204893 0.02247191011235955
2 12 126 55	0.03524229074889868 0.008025682182985553
2 16 28 77	0.0011441647597254005 0.0032102728731942215
2 16 28 104	0.0002642007926023778 0.0032102728731942215
2 16 28 105	0.00016977928692699492 0.0032102728731942215
2 16 30 85	0.000498355427090601 0.014446227929373997
2 16 32 81	0.00024213075060532688 0.0016051364365971107
2 16 33 81	0.00024509803921568627 0.0016051364365971107
2 16 52 77	0.00101010101010101 0.0032102728731942215
2 16 52 104	0.0007056451612903225 0.011235955056179775
2 16 56	0.2222222222222222 0.0016051364365971107
2 16 56 105	0.001937984496124031 0.0016051364365971107
2 16 81	0.0022128860524037075 0.08186195826645265
2 16 81 23	0.0030864197530864196 0.011235955056179775
2 16 81 50	0.004518072289156626 0.004815409309791332
2 16 81 88	0.0029644268774703555 0.009630818619582664
2 16 81 115	0.004885993485342019 0.004815409309791332
2 16 81 123	0.005657708628005658 0.004815409309791332
2 16 97 81	0.000946969696969697 0.0016051364365971107
2 16 98 81	0.000946969696969697 0.0016051364365971107
2 16 108	0.0006109668550481136 0.004815409309791332
2 20 1 66	6.111722283339445e-05 0.0016051364365971107
2 20 15 100	0.0001976369712894292 0.06420545746388442
2 20 18 85	3.867915000419024e-05 0.052969502407704656
2 20 27 85	6.420384878584258e-05 0.027287319422150885
2 20 34 77	0.0002829654782116582 0.004815409309791332
2 20 34 104	0.00043436406752600314 0.02247191011235955
2 20 34 105	0.0002950432730133753 0.014446227929373997
2 20 83 85	3.8612984811306616e-05 0.052969502407704656
2 20 85	0.0003633014810872008 0.09309791332263243
2 20 85 23	0.00322234156820623 0.02086677367576244
2 20 85 44	0.00018876828692779613 0.0032102728731942215
2 20 85 50	0.0012140131807145335 0.008025682182985553
2 20 85 88	0.00297000297000297 0.016051364365971106
2 20 85 115	0.0012674271229404308 0.008025682182985553
2 20 86 2	0.001295010832673553 0.08828250401284109
2 20 86 4	0.046258598904955775 0.13643659711075443
2 20 92 85	6.506738441810715e-05 0.027287319422150885
2 20 95 56	0.0017050298380221654 0.0016051364365971107
2 20 95 77	0.0004243881737162258 0.004815409309791332
2 20 95 81	0.002007819930254676 0.012841091492776886
2 20 95 104	0.00030608040496792044 0.024077046548956663
2 20 95 105	0.00028271690950029785 0.02086677367576244
2 20 95 108	0.0002473716759431045 0.0016051364365971107
2 20 117 77	0.0019646365422396855 0.0032102728731942215
2 20 117 104	0.00033280638988268576 0.0032102728731942215
2 20 126 2	0.0009455493968046952 0.025682182985553772
2 20 126 4	0.05766766339171294 0.06420545746388442
2 20 126 55	0.17307692307692307 0.0032102728731942215
2 22 71	0.5714285714285714 0.004815409309791332
2 22 87	0.02336448598130841 0.006420545746388443
2 22 87 23	0.05 0.0016051364365971107
2 22 116	0.0005167958656330749 0.0016051364365971107
2 22 116 23	0.007142857142857143 0.0016051364365971107
2 23	0.03508771929824561 0.012841091492776886
2 23 6 71	6.390184676337147e-05 0.0016051364365971107
2 23 16 14	0.4 0.0032102728731942215
2 23 20 85	0.000470405366711662 0.025682182985553772
2 23 23	0.09482758620689655 0.028892455858747994
2 23 23 23	0.02867383512544803 0.011235955056179775
2 23 23 88	0.02867383512544803 0.011235955056179775
2 23 35 100	0.0001713754100768741 0.024077046548956663
2 23 36 101	0.000455857772375019 0.004815409309791332
2 23 39 104	0.001218026796589525 0.006420545746388443
2 23 40 104	0.0004224757076468103 0.0032102728731942215
2 23 40 105	0.0007862871520679352 0.008025682182985553
2 23 46 111	7.449593713047963e-05 0.08667736757624397
2 23 50 115	0.016666666666666666 0.0016051364365971107
2 23 57 104	0.16666666666666666 0.0016051364365971107
2 23 57 122	0.004784688995215311 0.0016051364365971107
2 23 67 2	0.014365717068419772 0.012841091492776886
2 23 67 4	0.2927927927927928 0.030497592295345103
2 23 69 2	0.08527131782945736 0.009630818619582664
2 23 69 4	0.4189189189189189 0.012841091492776886
2 23 88	0.08550185873605948 0.030497592295345103
2 23 88 23	0.027777777777777776 0.012841091492776886
2 23 88 88	0.029197080291970802 0.011235955056179775
2 24 89	0.00021497833244701916 0.025682182985553772
2 24 89 23	0.00025687130747495504 0.0016051364365971107
2 35 80 77	0.00032411408815903196 0.004815409309791332
2 35 80 85	0.00013224878445407376 0.052969502407704656
2 35 80 104	0.00022860844136669747 0.02086677367576244
2 35 80 105	0.00013425221516155016 0.014446227929373997
2 35 100	0.00010758395982271109 0.12520064205457465
2 35 100 23	0.0010438716037927335 0.019261637239165328
2 35 100 50	0.0007346189164370982 0.004815409309791332
2 35 100 58	0.0010560777273207309 0.006420545746388443
2 35 100 88	0.001034598180324377 0.016051364365971106
2 35 100 115	0.0007272727272727272 0.004815409309791332
2 35 100 123	0.0021208907741251328 0.004815409309791332
2 36 101	0.0005092297899427117 0.04975922953451043
2 36 101 23	0.000671366230278617 0.0032102728731942215
2 36 101 58	0.000390015600624025 0.0016051364365971107
2 36 101 88	0.0007867820613690008 0.0032102728731942215
2 36 127 58	0.009615384615384616 0.0016051364365971107
2 37 102	0.002151694459386767 0.009630818619582664
2 37 111	0.00021609940572663426 0.0032102728731942215
2 37 111 23	0.002861230329041488 0.0032102728731942215
2 37 111 88	0.0032414910858995136 0.0032102728731942215
2 37 111 123	0.022099447513812154 0.0032102728731942215
2 39 15 100	0.00022970024118525325 0.01765650080256822
2 39 30 85	0.00027364964425546245 0.019261637239165328
2 39 104	0.0012239302849309703 0.04012841091492777
2 39 104 58	0.0042643923240938165 0.0032102728731942215
2 39 105	0.00021090372245070126 0.006420545746388443
2 39 117 104	0.017167381974248927 0.006420545746388443
2 39 117 105	0.045454545454545456 0.006420545746388443
2 39 126 2	0.0007975460122699386 0.019261637239165328
2 39 126 4	0.051932367149758456 0.027287319422150885
2 40 15 100	0.00020416175893207694 0.02086677367576244
2 40 30 85	0.00012389599815925946 0.016051364365971106
2 40 77	0.0002652519893899204 0.0032102728731942215
2 40 86 4	0.17391304347826086 0.0032102728731942215
2 40 93 56	0.04 0.0016051364365971107
2 40 93 108	0.0012610340479192938 0.0016051364365971107
2 40 99 85	0.00011279512250143962 0.01765650080256822
2 40 104	0.0002498625755834291 0.016051364365971106
2 40 105	0.0008252527336496802 0.06260032102728733
2 40 105 23	0.0060577819198508855 0.016051364365971106
2 40 105 50	0.0037220843672456576 0.004815409309791332
2 40 105 58	0.0007733952049497294 0.0016051364365971107
2 40 105 88	0.006369426751592357 0.016051364365971106
2 40 105 115	0.0036452004860267314 0.004815409309791332
2 40 105 123	0.0009760858955588092 0.0032102728731942215
2 40 117 81	0.00045945325063174823 0.0032102728731942215
2 40 117 104	0.0038022813688212928 0.0016051364365971107
2 40 117 105	0.004784688995215311 0.0016051364365971107
2 40 121 81	0.00909090909090909 0.0016051364365971107
2 40 126 2	0.0004783856658258676 0.025682182985553772
2 40 126 4	0.057760141093474424 0.05457463884430177
2 40 126 55	0.0547945205479452 0.004815409309791332
2 41 106	0.00021074815595363542 0.0032102728731942215
2 43 81	0.003663003663003663 0.0032102728731942215
2 43 81 23	0.02631578947368421 0.0016051364365971107
2 43 81 88	0.02857142857142857 0.0016051364365971107
2 43 108	0.020491803278688523 0.02086677367576244
2 44 6 71	0.006134969325153374 0.0016051364365971107
2 44 44 109	0.028037383177570093 0.0016051364365971107
2 44 46 111	0.00013992460533030437 0.009630818619582664
2 44 109	0.10294117647058823 0.004815409309791332
2 44 109 44	0.006329113924050633 0.0016051364365971107
2 44 109 109	0.02197802197802198 0.0016051364365971107
2 45 110	0.0006387292065872421 0.027287319422150885
2 45 110 58	0.003940886699507389 0.0016051364365971107
2 45 110 123	0.001392757660167131 0.0016051364365971107
2 46 102 8	0.0007727975270479134 0.0016051364365971107
2 46 111	7.656338583616496e-05 0.3258426966292135
2 46 111 8	0.00019229375385511997 0.019261637239165328
2 46 111 23	0.00028133489413554306 0.09470304975922954
2 46 111 44	0.00018294809419539999 0.025682182985553772
2 46 111 50	0.00028642573027011796 0.03210272873194221
2 46 111 58	0.0001918354818907305 0.014446227929373997
2 46 111 73	0.00014135365399195568 0.012841091492776886
2 46 111 88	0.0001409481582606192 0.0449438202247191
2 46 111 109	0.00012648088030692693 0.008025682182985553
2 46 111 115	0.00027510222934695484 0.028892455858747994
2 46 111 123	0.0005913748535510386 0.01765650080256822
2 50	0.028409090909090908 0.008025682182985553
2 50 16 81	0.0026609898882384245 0.008025682182985553
2 50 24 89	0.00010535187526337969 0.0016051364365971107
2 50 35 100	0.0001680248676804167 0.008025682182985553
2 50 45 110	0.0005726283641916397 0.004815409309791332
2 50 46 111	7.817316025051148e-05 0.060995184590690206
2 50 50	0.028169014084507043 0.009630818619582664
2 50 50 50	0.017064846416382253 0.008025682182985553
2 50 50 115	0.016666666666666666 0.008025682182985553
2 50 51 116	0.0006289308176100629 0.006420545746388443
2 50 67 2	0.004080839486980179 0.012841091492776886
2 50 67 4	0.10276679841897234 0.016051364365971106
2 50 67 55	0.3181818181818182 0.004815409309791332
2 50 69 2	0.018072289156626505 0.0032102728731942215
2 50 69 4	0.288135593220339 0.008025682182985553
2 50 69 55	0.6666666666666666 0.0032102728731942215
2 50 115	0.03474903474903475 0.014446227929373997
2 50 115 50	0.01272264631043257 0.008025682182985553
2 50 115 115	0.016556291390728478 0.008025682182985553
2 51 87	0.0005002501250625312 0.0016051364365971107
2 51 87 23	0.016666666666666666 0.0032102728731942215
2 51 87 88	0.016666666666666666 0.0032102728731942215
2 51 116	0.0006147503932594428 0.048154093097913325
2 51 116 88	0.0010193679918450561 0.004815409309791332
2 57 122	0.00395908940943583 0.019261637239165328
2 57 126 4	0.07692307692307693 0.0016051364365971107
2 58	0.011627906976744186 0.0016051364365971107
2 58 8 123	0.19480519480519481 0.004815409309791332
2 58 20 85	0.00027893138287981157 0.012841091492776886
2 58 35 100	0.00014089666638487334 0.014446227929373997
2 58 46 111	5.697251719283543e-05 0.028892455858747994
2 58 67 2	0.012531328320802004 0.009630818619582664
2 58 67 4	0.3125 0.012841091492776886
2 58 69 2	0.027777777777777776 0.0016051364365971107
2 58 69 4	0.45454545454545453 0.0016051364365971107
2 58 73 123	0.2 0.004815409309791332
2 58 88 23	0.07142857142857142 0.0016051364365971107
2 58 123	0.10714285714285714 0.012841091492776886
2 58 123 23	0.05263157894736842 0.0032102728731942215
2 58 123 58	0.005050505050505051 0.0016051364365971107
2 62 101 44	0.009708737864077669 0.0016051364365971107
2 62 101 58	0.02127659574468085 0.0016051364365971107
2 62 127 23	0.010752688172043012 0.0016051364365971107
2 62 127 44	0.005780346820809248 0.0016051364365971107
2 62 127 58	0.015384615384615385 0.0016051364365971107
2 62 127 115	0.15384615384615385 0.0032102728731942215
2 63 128	0.0014692918013517484 0.008025682182985553
2 67 2	0.012797928973927262 0.2504012841091493
2 67 2 8	0.013691128148959474 0.009630818619582664
2 67 2 23	0.011077775213477959 0.01765650080256822
2 67 2 50	0.011497777096428024 0.014446227929373997
2 67 2 58	0.006666666666666667 0.006420545746388443
2 67 2 73	0.013302217036172695 0.008025682182985553
2 67 2 88	0.018397962071893575 0.03210272873194221
2 67 2 109	0.0006365372374283895 0.0016051364365971107
2 67 2 115	0.009541000515729758 0.012841091492776886
2 67 2 123	0.058283433133732535 0.009630818619582664
2 67 4	0.5480740958541606 0.85553772070626
2 67 4 44	0.005319148936170213 0.0016051364365971107
2 67 4 58	0.002336448598130841 0.0016051364365971107
2 67 4 109	0.0022222222222222222 0.0016051364365971107
2 67 6 71	4.5284802980986406e-05 0.01765650080256822
2 67 21 85	0.00018141773684749544 0.12680577849117175
2 67 22 71	0.07766990291262135 0.0032102728731942215
2 67 30 85	0.0007220216606498195 0.0016051364365971107
2 67 55	0.5775862068965517 0.038523274478330656
2 67 61 77	0.0001456734971350879 0.011235955056179775
2 67 61 85	0.00010618706204343467 0.07223113964686999
2 67 61 104	5.660395158475341e-05 0.025682182985553772
2 67 61 105	3.098189046538517e-05 0.014446227929373997
2 69 2	0.10410192666252331 0.18780096308186195
2 69 2 8	0.06896551724137931 0.006420545746388443
2 69 2 23	0.07308970099667775 0.011235955056179775
2 69 2 50	0.04245283018867924 0.004815409309791332
2 69 2 58	0.012987012987012988 0.0032102728731942215
2 69 2 73	0.021164021164021163 0.0032102728731942215
2 69 2 115	0.0391304347826087 0.004815409309791332
2 69 2 123	0.0990990990990991 0.006420545746388443
2 69 4	0.7408 0.1926163723916533
2 69 6 71	8.862983488783112e-05 0.008025682182985553
2 69 21 85	0.0003353189474929978 0.048154093097913325
2 69 22 71	0.07142857142857142 0.0016051364365971107
2 69 55	0.5555555555555556 0.008025682182985553
2 69 61 85	0.00024095556091012358 0.01765650080256822
2 69 61 104	0.00026643322041639705 0.009630818619582664
2 73	0.017094017094017096 0.0032102728731942215
2 73 1 66	0.0034602076124567475 0.0032102728731942215
2 73 8	0.036 0.014446227929373997
2 73 8 123	0.36633663366336633 0.0032102728731942215
2 73 16 81	0.00498220640569395 0.006420545746388443
2 73 20 85	0.0002872160151650056 0.014446227929373997
2 73 35 100	0.00012045794970095005 0.012841091492776886
2 73 40 104	0.000160926939169617 0.0016051364365971107
2 73 43 108	0.019867549668874173 0.004815409309791332
2 73 46 111	8.403182320651235e-05 0.052969502407704656
2 73 51 116	0.00044306601683650863 0.0016051364365971107
2 73 58 123	0.2222222222222222 0.0032102728731942215
2 73 63 128	0.006666666666666667 0.0032102728731942215
2 73 67 2	0.014857142857142857 0.011235955056179775
2 73 67 4	0.2 0.011235955056179775
2 73 69 2	0.03389830508474576 0.0032102728731942215
2 73 69 4	0.4 0.0032102728731942215
2 73 73	0.025252525252525252 0.008025682182985553
2 73 73 123	0.43859649122807015 0.0032102728731942215
2 73 123	0.25 0.0032102728731942215
2 79 14	0.14285714285714285 0.0032102728731942215
2 79 81 23	0.2 0.0032102728731942215
2 79 81 88	0.2 0.0032102728731942215
2 88	0.04895104895104895 0.02247191011235955
2 88 6 71	5.121376626037079e-05 0.0016051364365971107
2 88 12 77	0.024390243902439025 0.0016051364365971107
2 88 16 14	0.4 0.0032102728731942215
2 88 16 81	0.00048567265662943174 0.004815409309791332
2 88 20 85	0.0003669811655795343 0.03531300160513644
2 88 23	0.11526479750778816 0.052969502407704656
2 88 23 23	0.028268551236749116 0.011235955056179775
2 88 23 88	0.038560411311053984 0.02247191011235955
2 88 35 100	0.00012904027490357825 0.033707865168539325
2 88 36 101	0.000535475234270415 0.012841091492776886
2 88 39 104	0.0014269406392694063 0.008025682182985553
2 88 39 122	0.013333333333333334 0.0016051364365971107
2 88 40 104	0.00033573946617424877 0.0032102728731942215
2 88 40 105	0.0006669334400426837 0.008025682182985553
2 88 43 108	0.05442176870748299 0.012841091492776886
2 88 46 111	7.034088098549843e-05 0.11717495987158909
2 88 50 115	0.01098901098901099 0.0016051364365971107
2 88 57 104	0.08333333333333333 0.0016051364365971107
2 88 67 2	0.016380854875863833 0.02086677367576244
2 88 67 4	0.28634361233480177 0.03531300160513644
2 88 69 2	0.04780114722753346 0.014446227929373997
2 88 69 4	0.48026315789473684 0.024077046548956663
2 88 69 55	0.5 0.009630818619582664
2 88 88	0.09606986899563319 0.028892455858747994
2 88 88 23	0.028268551236749116 0.011235955056179775
2 88 88 88	0.028985507246376812 0.011235955056179775
2 88 120 4	0.4090909090909091 0.011235955056179775
2 88 120 55	0.5 0.009630818619582664
2 96 31	1.0 0.0016051364365971107
2 96 55	1.0 0.0016051364365971107
2 109 1 66	0.0009601536245799327 0.0032102728731942215
2 109 6 71	0.0002632964718272775 0.0016051364365971107
2 109 44	0.11515151515151516 0.025682182985553772
2 109 44 109	0.0103359173126615 0.0016051364365971107
2 109 45 110	0.000719165767709457 0.0016051364365971107
2 109 46 111	6.22608345825411e-05 0.02086677367576244
2 115	0.025380710659898477 0.008025682182985553
2 115 16 81	0.0017730496453900709 0.008025682182985553
2 115 20 85	0.00012524567420709853 0.012841091492776886
2 115 24 89	0.00020990764063811922 0.004815409309791332
2 115 35 100	0.0001288659793814433 0.009630818619582664
2 115 46 111	6.55942561666939e-05 0.0738362760834671
2 115 50	0.02127659574468085 0.011235955056179775
2 115 50 50	0.015772870662460567 0.008025682182985553
2 115 50 88	0.021505376344086023 0.0032102728731942215
2 115 50 115	0.011363636363636364 0.008025682182985553
2 115 50 123	0.037037037037037035 0.0016051364365971107
2 115 67 2	0.0049382716049382715 0.012841091492776886
2 115 67 4	0.10276679841897234 0.016051364365971106
2 115 67 55	0.4117647058823529 0.004815409309791332
2 115 69 2	0.016042780748663103 0.0032102728731942215
2 115 69 4	0.2537313432835821 0.008025682182985553
2 115 69 55	0.6666666666666666 0.0032102728731942215
2 115 115	0.02643171806167401 0.009630818619582664
2 115 115 50	0.015772870662460567 0.008025682182985553
2 115 115 115	0.016025641025641024 0.008025682182985553
2 115 120 55	0.6666666666666666 0.0032102728731942215
2 120 2	0.04395604395604396 0.006420545746388443
2 120 2 50	0.17647058823529413 0.004815409309791332
2 120 2 115	0.13636363636363635 0.004815409309791332
2 120 4	0.6666666666666666 0.009630818619582664
2 120 31	1.0 0.0016051364365971107
2 120 55	0.1323529411764706 0.009630818619582664
2 121 56 77	0.08333333333333333 0.0016051364365971107
2 121 56 104	0.008333333333333333 0.0016051364365971107
2 123	0.09090909090909091 0.008025682182985553
2 123 1 66	0.023809523809523808 0.004815409309791332
2 123 16 81	0.0057692307692307696 0.004815409309791332
2 123 23 58	0.05555555555555555 0.0016051364365971107
2 123 35 100	0.00014093013891685122 0.016051364365971106
2 123 36 101	0.00018772292096865028 0.0016051364365971107
2 123 39 77	0.008298755186721992 0.0032102728731942215
2 123 39 104	0.0008805400645729381 0.004815409309791332
2 123 40 105	0.000518000518000518 0.0032102728731942215
2 123 46 111	0.00011684047512486088 0.03210272873194221
2 123 51 116	0.0007396449704142012 0.0032102728731942215
2 123 58	0.0625 0.011235955056179775
2 123 58 123	0.10429447852760736 0.008025682182985553
2 123 63 128	0.006 0.004815409309791332
2 123 67 2	0.03626373626373627 0.011235955056179775
2 123 67 4	0.30612244897959184 0.016051364365971106
2 123 69 2	0.029023746701846966 0.009630818619582664
2 123 69 4	0.38636363636363635 0.008025682182985553
2 123 88 58	0.05555555555555555 0.0016051364365971107
2 123 88 88	0.02631578947368421 0.0016051364365971107
4	1.0 1.0
4 1 66	0.010059171597633136 0.052969502407704656
4 1 66 85	0.0007716049382716049 0.004815409309791332
4 6 71	0.006023470765396199 0.06581059390048154
4 6 71 2	0.0021975545162562686 0.016051364365971106
4 6 71 4	0.03259726603575184 0.016051364365971106
4 6 71 23	0.0049261083743842365 0.0016051364365971107
4 6 71 44	0.005434782608695652 0.0016051364365971107
4 6 71 55	0.0625 0.0016051364365971107
4 6 71 88	0.005434782608695652 0.0016051364365971107
4 6 71 109	0.043243243243243246 0.0016051364365971107
4 6 87	0.030927835051546393 0.009630818619582664
4 6 87 2	0.008620689655172414 0.0032102728731942215
4 6 87 4	0.06666666666666667 0.0032102728731942215
4 8 8	1.0 0.016051364365971106
4 8 16 81	0.05042016806722689 0.004815409309791332
4 8 20 85	0.0006423432682425488 0.006420545746388443
4 8 35 100	0.0002553191489361702 0.004815409309791332
4 8 40 105	0.002857142857142857 0.006420545746388443
4 8 43 108	0.1 0.004815409309791332
4 8 46 111	0.00012088098058651452 0.008025682182985553
4 8 67 2	0.010452961672473868 0.004815409309791332
4 8 67 4	0.4 0.004815409309791332
4 8 73	1.0 0.02086677367576244
4 8 123 58	0.5 0.006420545746388443
4 10 75	0.00911854103343465 0.004815409309791332
4 12 15 100	0.0010542962572482868 0.009630818619582664
4 12 77	0.08924485125858124 0.0593900481540931
4 12 85	0.0016420361247947454 0.0016051364365971107
4 12 93 81	0.025 0.004815409309791332
4 12 99 85	0.0002053388090349076 0.0032102728731942215
4 12 104	0.0008873114463176575 0.004815409309791332
4 12 105	0.0015438054805094559 0.006420545746388443
4 12 126 2	0.0009940357852882703 0.0016051364365971107
4 16 28 77	0.014423076923076924 0.004815409309791332
4 16 28 105	0.0011086474501108647 0.004815409309791332
4 16 30 85	0.0007875178422011124 0.025682182985553772
4 16 32 108	0.00261437908496732 0.0032102728731942215
4 16 33 81	0.0005175983436853002 0.0016051364365971107
4 16 33 108	0.002577319587628866 0.0032102728731942215
4 16 52 104	0.0023094688221709007 0.008025682182985553
4 16 52 105	0.0009140767824497258 0.0032102728731942215
4 16 81	0.027958595667484792 0.3146067415730337
4 16 81 8	0.008379888268156424 0.004815409309791332
4 16 81 23	0.01366742596810934 0.004815409309791332
4 16 81 73	0.020134228187919462 0.004815409309791332
4 16 81 88	0.016574585635359115 0.004815409309791332
4 16 98 81	0.004132231404958678 0.0016051364365971107
4 16 108	0.0015463917525773195 0.004815409309791332
4 20 1 66	0.0012809564474807857 0.004815409309791332
4 20 15 100	0.0006252154187740968 0.0738362760834671
4 20 18 85	2.1924679954484365e-05 0.016051364365971106
4 20 27 85	3.0511060259344013e-05 0.006420545746388443
4 20 34 104	0.0012283000327546676 0.038523274478330656
4 20 34 105	0.0008794816921227756 0.033707865168539325
4 20 77	0.0009267840593141798 0.0016051364365971107
4 20 83 85	2.1850019282642017e-05 0.016051364365971106
4 20 85	0.001018149623727313 0.18940609951845908
4 20 85 8	0.0014675052410901468 0.006420545746388443
4 20 85 23	0.0053475935828877 0.019261637239165328
4 20 85 50	0.0011551790527531767 0.004815409309791332
4 20 85 58	0.000974025974025974 0.004815409309791332
4 20 85 73	0.0017430278884462151 0.006420545746388443
4 20 85 88	0.005941978329255505 0.019261637239165328
4 20 85 115	0.0012170385395537525 0.004815409309791332
4 20 86 2	0.001982201768733886 0.08186195826645265
4 20 86 4	0.04349171954805758 0.15248796147672553
4 20 86 55	0.048034934497816595 0.01765650080256822
4 20 92 85	3.0330373594376747e-05 0.006420545746388443
4 20 95 81	0.0036413290851160674 0.025682182985553772
4 20 95 104	0.0011440420435451003 0.04012841091492777
4 20 95 105	0.001065960333354868 0.04333868378812199
4 20 95 110	0.0002563883428766772 0.004815409309791332
4 20 105	0.0008818342151675485 0.0016051364365971107
4 20 117 105	0.0010197144799456153 0.004815409309791332
4 20 126 2	0.002460546410996097 0.019261637239165328
4 20 126 4	0.03415154749199573 0.04012841091492777
4 22 71	0.4 0.009630818619582664
4 22 87	0.06153846153846154 0.019261637239165328
4 23 6 71	0.0009970089730807576 0.0016051364365971107
4 23 12 104	0.013888888888888888 0.0016051364365971107
4 23 16 81	0.004966887417218543 0.004815409309791332
4 23 20 85	0.001370097619455386 0.025682182985553772
4 23 23	0.8181818181818182 0.06420545746388442
4 23 35 100	0.00032299741602067185 0.030497592295345103
4 23 39 104	0.0023094688221709007 0.004815409309791332
4 23 40 104	0.0028653295128939827 0.006420545746388443
4 23 40 105	0.0016483516483516484 0.004815409309791332
4 23 46 111	0.00011724851240949881 0.025682182985553772
4 23 57 122	0.009433962264150943 0.0016051364365971107
4 23 58 123	0.4 0.0032102728731942215
4 23 67 2	0.02098360655737705 0.012841091492776886
4 23 67 4	0.5748031496062992 0.0449438202247191
4 23 67 55	0.5757575757575758 0.02086677367576244
4 23 88	0.9253731343283582 0.09149277688603531
4 24 89	0.0023968242079245 0.051364365971107544
4 26 91	0.16666666666666666 0.0016051364365971107
4 35 80 77	0.001789442290486132 0.009630818619582664
4 35 80 85	0.00035517993506582214 0.0738362760834671
4 35 80 104	0.0006635192037769555 0.030497592295345103
4 35 80 105	0.00048607398045982596 0.02247191011235955
4 35 100	0.0002460377029421749 0.2231139646869984
4 35 100 8	0.00030129557095510696 0.004815409309791332
4 35 100 23	0.0018409143207793203 0.024077046548956663
4 35 100 50	0.0015189873417721519 0.004815409309791332
4 35 100 58	0.0006526198023494313 0.009630818619582664
4 35 100 88	0.0019305019305019305 0.024077046548956663
4 35 100 115	0.0015136226034308778 0.004815409309791332
4 35 100 123	0.0005623664379709819 0.004815409309791332
4 36 101	0.0045116091405934785 0.18780096308186195
4 36 101 123	0.002036659877800407 0.0016051364365971107
4 36 127	0.013020833333333334 0.008025682182985553
4 37 102	0.032327586206896554 0.02086677367576244
4 39 15 100	0.0011315171033162155 0.03531300160513644
4 39 30 85	0.001449209727820298 0.0449438202247191
4 39 77	0.0026109660574412533 0.004815409309791332
4 39 77 23	0.009523809523809525 0.0016051364365971107
4 39 77 88	0.011363636363636364 0.0016051364365971107
4 39 93 56	0.3333333333333333 0.0016051364365971107
4 39 93 81	0.00641025641025641 0.0016051364365971107
4 39 93 108	0.008547008547008548 0.0016051364365971107
4 39 99 85	0.0012743543271409152 0.04333868378812199
4 39 104	0.01056504103386473 0.17656500802568217
4 39 104 23	0.010752688172043012 0.004815409309791332
4 39 104 58	0.008 0.0032102728731942215
4 39 104 88	0.011278195488721804 0.004815409309791332
4 39 105	0.0016157264036623133 0.01765650080256822
4 39 105 23	0.013986013986013986 0.006420545746388443
4 39 105 88	0.014760147601476014 0.006420545746388443
4 39 117 81	0.004108463434675432 0.008025682182985553
4 39 122	0.01818181818181818 0.004815409309791332
4 39 126 2	0.003775959723096287 0.012841091492776886
4 39 126 4	0.06713780918727916 0.02247191011235955
4 40 15 100	0.0005861321141785358 0.025682182985553772
4 40 30 85	0.0009466437177280551 0.04654895666131621
4 40 52 85	0.0006392499467291711 0.004815409309791332
4 40 77	0.0029895366218236174 0.006420545746388443
4 40 85	0.0038910505836575876 0.0016051364365971107
4 40 92 85	0.00036643459142543056 0.0016051364365971107
4 40 93 81	0.008264462809917356 0.004815409309791332
4 40 99 85	0.000717394423454015 0.038523274478330656
4 40 104	0.001366742596810934 0.019261637239165328
4 40 105	0.015756012162535703 0.27447833065810595
4 40 105 8	0.0061068702290076335 0.006420545746388443
4 40 105 23	0.008771929824561403 0.004815409309791332
4 40 105 73	0.006514657980456026 0.006420545746388443
4 40 105 88	0.009174311926605505 0.004815409309791332
4 40 126 4	0.0171990171990172 0.009630818619582664
4 41 106	0.0029517183217372973 0.01765650080256822
4 43 28 104	0.0017452006980802793 0.0016051364365971107
4 43 56	1.0 0.0016051364365971107
4 43 81	0.0025252525252525255 0.004815409309791332
4 43 97 81	0.017241379310344827 0.0032102728731942215
4 43 98 81	0.017241379310344827 0.0032102728731942215
4 43 108	0.09362808842652796 0.09951845906902086
4 43 108 8	0.10714285714285714 0.004815409309791332
4 43 108 73	0.10714285714285714 0.004815409309791332
4 44 6 71	0.016826923076923076 0.0016051364365971107
4 44 44 109	0.027522935779816515 0.0016051364365971107
4 44 46 111	0.00015216424374370858 0.008025682182985553
4 44 109	0.38596491228070173 0.019261637239165328
4 44 109 44	0.011538461538461539 0.0016051364365971107
4 44 109 109	0.047619047619047616 0.0016051364365971107
4 45 30 85	0.0005287275290800141 0.004815409309791332
4 45 110	0.0027841052898000505 0.0738362760834671
4 46 111	0.0004108931353846244 0.5537720706260032
4 46 111 8	0.00024728313919437754 0.008025682182985553
4 46 111 23	0.0002528604842278273 0.025682182985553772
4 46 111 44	0.00010937927262783702 0.006420545746388443
4 46 111 50	0.0013231888852133643 0.024077046548956663
4 46 111 58	0.0002504312983471534 0.009630818619582664
4 46 111 73	0.0003384757900737521 0.008025682182985553
4 46 111 88	0.00028550743848844206 0.025682182985553772
4 46 111 109	0.0003887443557309889 0.008025682182985553
4 46 111 115	0.0014556835343996215 0.024077046548956663
4 46 111 123	0.0006080505898090721 0.016051364365971106
4 49 114	0.003033367037411527 0.004815409309791332
4 50 20 85	0.0002953628039775524 0.004815409309791332
4 50 35 100	0.0008708272859216256 0.004815409309791332
4 50 46 111	0.00013339516093173343 0.024077046548956663
4 50 50	0.72 0.028892455858747994
4 50 67 2	0.009127789046653144 0.008025682182985553
4 50 67 4	0.2833333333333333 0.011235955056179775
4 50 67 55	0.3333333333333333 0.006420545746388443
4 50 115	0.7586206896551724 0.03531300160513644
4 51 87	0.0011587485515643105 0.0016051364365971107
4 51 116	0.004010510302862674 0.09309791332263243
4 57 104	0.029411764705882353 0.004815409309791332
4 57 122	0.013229308005427409 0.06260032102728733
4 57 122 23	0.008695652173913044 0.0016051364365971107
4 57 122 88	0.01098901098901099 0.0016051364365971107
4 58 8 123	0.9565217391304348 0.009630818619582664
4 58 35 100	0.00014098804421385067 0.004815409309791332
4 58 36 101	0.005649717514124294 0.0016051364365971107
4 58 46 111	0.00014678360427140287 0.016051364365971106
4 58 67 2	0.017410228509249184 0.014446227929373997
4 58 67 4	0.38636363636363635 0.014446227929373997
4 58 73 123	0.9583333333333334 0.009630818619582664
4 58 123	0.9285714285714286 0.028892455858747994
4 58 123 23	0.13333333333333333 0.0032102728731942215
4 58 123 88	0.13333333333333333 0.0032102728731942215
4 62 101	0.026041666666666668 0.008025682182985553
4 62 127	0.03125 0.009630818619582664
4 63 128	0.01 0.012841091492776886
4 67 2	0.15510812826249068 0.42536115569823435
4 67 2 8	0.049586776859504134 0.006420545746388443
4 67 2 23	0.0900735294117647 0.012841091492776886
4 67 2 50	0.06779661016949153 0.011235955056179775
4 67 2 73	0.009202453987730062 0.004815409309791332
4 67 2 88	0.06648575305291723 0.012841091492776886
4 67 2 115	0.053268765133171914 0.008025682182985553
4 67 2 123	0.08247422680412371 0.014446227929373997
4 67 4	0.7847457627118644 0.3162118780096308
4 67 6 71	0.00012998700129987002 0.016051364365971106
4 67 21 85	0.0004495130798875903 0.07865168539325842
4 67 55	0.5555555555555556 0.008025682182985553
4 67 61 77	0.0003071724773460298 0.0016051364365971107
4 67 61 85	0.00039761431411530816 0.024077046548956663
4 67 61 104	0.00038021608947751975 0.014446227929373997
4 69 2	0.044613605704374636 0.3097913322632424
4 69 2 8	0.031746031746031744 0.006420545746388443
4 69 2 23	0.039897039897039896 0.02086677367576244
4 69 2 50	0.02702702702702703 0.011235955056179775
4 69 2 58	0.013927576601671309 0.008025682182985553
4 69 2 73	0.018518518518518517 0.004815409309791332
4 69 2 88	0.06558849955076371 0.04173354735152488
4 69 2 115	0.023255813953488372 0.011235955056179775
4 69 2 123	0.08133971291866028 0.014446227929373997
4 69 4	0.9266577361018085 1.0
4 69 6 71	4.069811712130402e-05 0.016051364365971106
4 69 21 85	0.000221626136425478 0.14606741573033707
4 69 55	0.9782608695652174 0.0593900481540931
4 69 61 104	0.0001936720215281742 0.02247191011235955
4 69 61 105	6.666984142102005e-05 0.008025682182985553
4 73 8	1.0 0.02247191011235955
4 73 16 81	0.05042016806722689 0.004815409309791332
4 73 46 111	6.446040197506672e-05 0.008025682182985553
4 73 67 2	0.040955631399317405 0.006420545746388443
4 73 67 4	0.47058823529411764 0.006420545746388443
4 73 73	1.0 0.016051364365971106
4 73 123 58	0.5 0.006420545746388443
4 79 14	1.0 0.0032102728731942215
4 79 81 23	0.5 0.0032102728731942215
4 88 6 71	0.0006662225183211193 0.0016051364365971107
4 88 16 14	1.0 0.0032102728731942215
4 88 16 81	0.004219409282700422 0.004815409309791332
4 88 20 85	0.001017617503021052 0.025682182985553772
4 88 23	0.8602150537634409 0.12038523274478331
4 88 35 100	0.0002695150148233258 0.030497592295345103
4 88 39 104	0.0021645021645021645 0.004815409309791332
4 88 40 104	0.0013183915622940012 0.006420545746388443
4 88 40 105	0.0009810333551340746 0.004815409309791332
4 88 46 111	6.399590426212723e-05 0.025682182985553772
4 88 57 122	0.009433962264150943 0.0016051364365971107
4 88 58 123	0.4 0.0032102728731942215
4 88 67 2	0.05289256198347107 0.012841091492776886
4 88 67 4	0.5740740740740741 0.02086677367576244
4 88 88	0.8490566037735849 0.06420545746388442
4 96 31	1.0 0.0016051364365971107
4 96 55	1.0 0.0016051364365971107
4 109 6 71	0.0019120458891013384 0.0016051364365971107
4 109 44	0.3404255319148936 0.04012841091492777
4 109 44 109	0.018867924528301886 0.0016051364365971107
4 109 46 111	2.1372659025941066e-05 0.006420545746388443
4 115 20 85	0.0002953628039775524 0.004815409309791332
4 115 35 100	0.0008708272859216256 0.004815409309791332
4 115 46 111	0.00010845594880879216 0.024077046548956663
4 115 50	0.6451612903225806 0.03210272873194221
4 115 67 2	0.014102564102564103 0.011235955056179775
4 115 67 4	0.3269230769230769 0.011235955056179775
4 115 67 55	1.0 0.006420545746388443
4 115 115	0.72 0.028892455858747994
4 120 2	0.017605633802816902 0.008025682182985553
4 120 2 50	0.14285714285714285 0.006420545746388443
4 120 2 88	0.3220338983050847 0.02086677367576244
4 120 2 115	0.07547169811320754 0.006420545746388443
4 120 4	0.9 0.06260032102728733
4 120 6 71	4.6803332397266686e-05 0.0016051364365971107
4 120 21 85	0.0004768303784299276 0.01765650080256822
4 120 31	1.0 0.0016051364365971107
4 120 55	1.0 0.09149277688603531
4 121 28 104	0.0017452006980802793 0.0016051364365971107
4 121 56	1.0 0.0016051364365971107
4 121 108	0.2 0.0016051364365971107
4 123 20 85	0.0009191176470588235 0.004815409309791332
4 123 23 58	1.0 0.0016051364365971107
4 123 35 100	0.00020626454901729674 0.009630818619582664
4 123 39 104	0.0008378718056137411 0.0032102728731942215
4 123 40 105	0.002717391304347826 0.004815409309791332
4 123 46 111	8.529835468951399e-05 0.009630818619582664
4 123 58	0.7894736842105263 0.02247191011235955
4 123 58 8	0.5 0.006420545746388443
4 123 67 4	0.45454545454545453 0.008025682182985553
4 123 88 58	1.0 0.0016051364365971107
6 71	4.7323837016705316e-05 0.014446227929373997
6 71 1 66	1.4601204599379449e-05 0.0016051364365971107
6 71 2	0.0006154339543381883 0.25842696629213485
6 71 2 8	0.0005112300194267407 0.006420545746388443
6 71 2 23	0.0008222577703359297 0.01765650080256822
6 71 2 50	0.000782641022129175 0.02247191011235955
6 71 2 58	0.00016157699143641945 0.0032102728731942215
6 71 2 73	0.000518245282443679 0.004815409309791332
6 71 2 88	0.0012840171036064675 0.03210272873194221
6 71 2 109	0.00017496282040066485 0.0016051364365971107
6 71 2 115	0.0007249178426445002 0.02247191011235955
6 71 2 123	0.002212278143697521 0.014446227929373997
6 71 4	0.032185428096574153 0.8170144462279294
6 71 4 44	0.001893939393939394 0.008025682182985553
6 71 4 109	0.0015738117721120553 0.0032102728731942215
6 71 6 71	3.815517800479815e-05 0.01765650080256822
6 71 12 77	0.0006637902422834385 0.006420545746388443
6 71 12 85	0.0010111223458038423 0.004815409309791332
6 71 20 85	3.727762859056048e-05 0.025682182985553772
6 71 21 85	2.6065972340943552e-05 0.1187800963081862
6 71 22 71	0.003067484662576687 0.0016051364365971107
6 71 31	0.002840909090909091 0.0016051364365971107
6 71 35 100	1.933635481781394e-05 0.025682182985553772
6 71 36 101	0.00010384215991692627 0.008025682182985553
6 71 38 100	4.452782692330527e-05 0.009630818619582664
6 71 39 77	0.00030613806826878924 0.0032102728731942215
6 71 39 104	7.715007618570024e-05 0.011235955056179775
6 71 45 110	0.00011202808170581425 0.0032102728731942215
6 71 46 111	4.8185679287426507e-05 0.18138041733547353
6 71 49 114	5.785463444549225e-06 0.0016051364365971107
6 71 51 116	0.00021743857360295715 0.008025682182985553
6 71 55	0.03337874659400545 0.04333868378812199
6 71 61 77	4.641633740821169e-05 0.024077046548956663
6 71 61 85	2.5434277441722747e-05 0.09791332263242375
6 71 61 104	1.0120878074730666e-05 0.030497592295345103
6 71 61 105	3.132945089458064e-05 0.0449438202247191
6 71 63 128	0.01 0.0016051364365971107
6 71 67 2	0.0009850350445160068 0.024077046548956663
6 71 67 4	0.020763811642565813 0.051364365971107544
6 71 69 2	0.0019340159271899887 0.011235955056179775
6 71 69 4	0.03384279475982533 0.014446227929373997
6 82 4	1.0 0.0016051364365971107
17 71 4	1.0 0.0016051364365971107
17 82 2	0.033582089552238806 0.004815409309791332
17 82 4	1.0 0.006420545746388443
17 82 21 85	0.015384615384615385 0.004815409309791332
21 1 66	0.0009062075215224287 0.0032102728731942215
21 1 66 85	0.0011118317427962568 0.014446227929373997
21 1 121 85	0.0019083969465648854 0.0032102728731942215
21 3 68 85	0.00019219680953296174 0.060995184590690206
21 15 80 77	0.0013726835964310226 0.006420545746388443
21 15 80 85	0.00029614162596810703 0.06420545746388442
21 15 80 104	0.0005368326871458396 0.028892455858747994
21 15 100	0.0003213908571953291 0.06741573033707865
21 15 100 23	0.0030257186081694403 0.011235955056179775
21 15 100 88	0.0032719836400817996 0.011235955056179775
21 18 15 100	3.459537380301394e-05 0.08025682182985554
21 18 18 85	8.106650687733808e-05 0.1476725521669342
21 18 27 85	6.724981168770965e-05 0.1348314606741573
21 18 34 104	2.70559110401645e-05 0.008025682182985553
21 18 34 105	2.81098250866134e-05 0.011235955056179775
21 18 83 85	7.93600277589121e-05 0.1476725521669342
21 18 85	3.0204837972117423e-05 0.048154093097913325
21 18 85 8	0.00013156163662675965 0.006420545746388443
21 18 85 50	0.0005494505494505495 0.006420545746388443
21 18 85 73	0.00016419687204958746 0.006420545746388443
21 18 86 2	0.00039146200758200097 0.07704654895666131
21 18 86 4	0.025499231950844855 0.12199036918138041
21 18 86 55	0.007017543859649123 0.009630818619582664
21 18 92 85	6.612871349860757e-05 0.1348314606741573
21 18 95 105	3.0946019826083366e-05 0.02086677367576244
21 18 105	5.0533124463085555e-05 0.0016051364365971107
21 18 117 104	1.42836737608913e-05 0.0016051364365971107
21 18 117 105	9.149298248824316e-06 0.0016051364365971107
21 18 126 2	9.318051728498596e-05 0.01765650080256822
21 18 126 4	0.012111947318908748 0.0738362760834671
21 19 84 85	0.00017676167463667324 0.11396468699839486
21 27 15 100	5.700683600284124e-05 0.08346709470304976
21 27 18 85	8.826451460602284e-05 0.13162118780096307
21 27 27 85	0.0001761517579919428 0.13162118780096307
21 27 34 104	6.230840166488049e-05 0.008025682182985553
21 27 83 85	8.789721119399736e-05 0.13162118780096307
21 27 85	5.3230893436187246e-05 0.038523274478330656
21 27 85 50	0.0005441683294032287 0.0032102728731942215
21 27 86 2	0.0007155047919128266 0.07223113964686999
21 27 86 4	0.04067746468456475 0.11717495987158909
21 27 92 85	0.0001757267889683831 0.13162118780096307
21 27 105	0.00027122321670735016 0.0016051364365971107
21 27 126 2	0.0001275315002805693 0.006420545746388443
21 27 126 4	0.03179650238473768 0.051364365971107544
21 33 98 85	0.0012921751615218953 0.011235955056179775
21 34 15 100	0.00037184594953519254 0.056179775280898875
21 34 30 85	0.00031308703819661864 0.07223113964686999
21 34 52 85	0.00022569287713279768 0.008025682182985553
21 34 77	0.0003948927208108464 0.004815409309791332
21 34 93 81	0.000925925925925926 0.004815409309791332
21 34 99 85	0.0002187929817785507 0.1332263242375602
21 34 104	0.0003762227238525207 0.033707865168539325
21 34 105	0.00023447927563940695 0.02086677367576244
21 34 105 23	0.0009107468123861566 0.0032102728731942215
21 34 105 88	0.0009411764705882353 0.0032102728731942215
21 34 117 110	0.00012172854534388314 0.0016051364365971107
21 34 126 2	0.0005044931420463503 0.04173354735152488
21 34 126 4	0.041932543299908843 0.056179775280898875
21 34 126 55	0.0019305019305019305 0.0016051364365971107
21 45 110 85	0.00010106809682821625 0.1476725521669342
21 45 110 105	4.7107118222042766e-05 0.0016051364365971107
21 66 1 85	0.00020039076198587245 0.06420545746388442
21 66 20 85	0.00019204722340145956 0.060995184590690206
21 77 6 71	3.203895937459951e-05 0.0032102728731942215
21 77 12 77	5.2500328127050794e-05 0.0032102728731942215
21 77 12 85	0.0002160426331180928 0.12841091492776885
21 77 12 105	2.4810509731922444e-05 0.0032102728731942215
21 77 20 85	0.00018395548995407497 0.08507223113964688
21 77 35 100	3.221859113786588e-05 0.048154093097913325
21 77 40 85	0.014925373134328358 0.0032102728731942215
21 77 45 110	2.298110952796801e-05 0.008025682182985553
21 77 46 111	1.2109840288025824e-05 0.0449438202247191
21 77 51 116	0.00010705262707146834 0.016051364365971106
21 83 15 100	3.495514736738729e-05 0.08025682182985554
21 83 18 85	8.89021932885531e-05 0.1476725521669342
21 83 27 85	7.831329606829596e-05 0.1348314606741573
21 83 34 105	2.7998068133298803e-05 0.011235955056179775
21 83 83 85	8.782146674822649e-05 0.1476725521669342
21 83 83 105	1.764703248125536e-05 0.0016051364365971107
21 83 85	3.0152670685152826e-05 0.048154093097913325
21 83 85 50	0.0005490196078431372 0.006420545746388443
21 83 85 115	0.0005529662690575875 0.006420545746388443
21 83 86 2	0.00039124167753449104 0.07704654895666131
21 83 86 4	0.025499231950844855 0.12199036918138041
21 83 92 85	7.772275826856882e-05 0.1348314606741573
21 83 92 105	8.413330080179036e-06 0.0016051364365971107
21 83 95 81	0.00010166217658720073 0.004815409309791332
21 83 95 105	3.0854293683508996e-05 0.02086677367576244
21 83 105	5.00776203114828e-05 0.0016051364365971107
21 83 126 2	9.325065108936743e-05 0.01765650080256822
21 83 126 4	0.012130491108232246 0.0738362760834671
21 85	0.0003254821922948792 0.1348314606741573
21 85 1 66	0.0010094187950109017 0.025682182985553772
21 85 1 85	0.00018974195094671246 0.060995184590690206
21 85 6 71	6.6598869018006335e-06 0.009630818619582664
21 85 8	0.00024354603019970775 0.0032102728731942215
21 85 12 77	0.0003826910266041132 0.009630818619582664
21 85 12 85	0.00019272297402997448 0.11556982343499198
21 85 12 104	0.00029949385538440037 0.038523274478330656
21 85 12 105	0.00020598447970001933 0.027287319422150885
21 85 16 81	5.92942129794774e-05 0.0593900481540931
21 85 16 108	2.296892304711725e-05 0.0032102728731942215
21 85 20 66	3.929543288831255e-05 0.012841091492776886
21 85 20 77	0.00011168239397185188 0.0016051364365971107
21 85 20 85	0.0002310494950147242 0.14606741573033707
21 85 22 71	2.8143557158001055e-05 0.004815409309791332
21 85 23	0.0019250962548127406 0.01765650080256822
21 85 23 23	0.0021438316117715845 0.01765650080256822
21 85 23 88	0.003048264182895851 0.028892455858747994
21 85 24 89	5.97637340381027e-05 0.008025682182985553
21 85 35 100	0.00016661932823800274 0.09951845906902086
21 85 36 101	0.00013603653815136104 0.06420545746388442
21 85 37 102	1.9507923468248686e-05 0.0032102728731942215
21 85 39 77	0.001084178734608534 0.009630818619582664
21 85 39 85	0.00016194049317183243 0.1187800963081862
21 85 39 104	0.0006138874829526031 0.04654895666131621
21 85 39 105	0.00038502816968145046 0.04173354735152488
21 85 40 77	0.0007991235419217632 0.008025682182985553
21 85 40 85	0.00020361658465934944 0.08346709470304976
21 85 40 104	0.0004883489584903385 0.0449438202247191
21 85 40 105	0.0003221023226051034 0.0449438202247191
21 85 41 106	2.745656861141542e-06 0.0032102728731942215
21 85 43 81	0.00015132159038991499 0.025682182985553772
21 85 43 108	0.00020348029567252194 0.030497592295345103
21 85 45 110	2.288410237035573e-05 0.01765650080256822
21 85 46 111	1.6163268036602693e-05 0.14285714285714285
21 85 49 114	1.6870626290134282e-05 0.0016051364365971107
21 85 50	0.0006102522375915378 0.0032102728731942215
21 85 51 116	8.625091863570327e-05 0.027287319422150885
21 85 57 85	0.0002070291319564253 0.06581059390048154
21 85 57 122	0.000598654672539158 0.03691813804173355
21 85 58	0.00018835938971557733 0.0016051364365971107
21 85 67 2	0.0013470453257527196 0.10914927768860354
21 85 67 4	0.04745445380571758 0.17495987158908508
21 85 69 2	0.004672897196261682 0.06741573033707865
21 85 69 4	0.03732731137088204 0.16211878009630817
21 85 73	0.00028575510787255323 0.0032102728731942215
21 85 88	0.002145922746781116 0.01765650080256822
21 85 88 23	0.0021068760773798123 0.01765650080256822
21 85 88 88	0.0021438316117715845 0.01765650080256822
21 85 109	0.0003199317478937827 0.004815409309791332
21 85 115	0.0006433626420759168 0.0032102728731942215
21 85 115 50	0.0012012012012012011 0.0032102728731942215
21 85 120 4	0.061224489795918366 0.024077046548956663
21 85 120 55	0.047619047619047616 0.019261637239165328
21 85 123	0.00017739932588256165 0.0016051364365971107
21 86 2	0.0012687899184963764 0.12359550561797752
21 86 2 23	0.003847915712322492 0.014446227929373997
21 86 2 50	0.0015347657813959696 0.004815409309791332
21 86 4	0.060345513892206035 0.26003210272873195
21 86 4 23	0.0005617977528089888 0.0016051364365971107
21 86 6 71	6.150560120327322e-06 0.006420545746388443
21 86 21 85	0.00020741158197723028 0.14125200642054575
21 86 28 104	0.0008493138438156542 0.027287319422150885
21 86 28 105	0.0006270029260136547 0.012841091492776886
21 86 30 85	0.00022862874008982347 0.12520064205457465
21 86 38 100	0.0004005719995865063 0.05778491171749599
21 86 53 85	0.000530755378637096 0.0449438202247191
21 86 55	0.03309692671394799 0.019261637239165328
21 86 61 85	0.00022303705957256784 0.12841091492776885
21 86 61 104	0.00026004216641743115 0.033707865168539325
21 86 61 105	0.00010850403930946339 0.024077046548956663
21 92 15 100	5.701799075991783e-05 0.08346709470304976
21 92 18 85	9.387352627544992e-05 0.13162118780096307
21 92 27 85	0.00016320058727577368 0.1332263242375602
21 92 34 105	2.7432584423778564e-05 0.0032102728731942215
21 92 83 85	9.296545836655083e-05 0.13162118780096307
21 92 85	5.3417614458367644e-05 0.038523274478330656
21 92 86 2	0.0007153310538992105 0.07223113964686999
21 92 86 4	0.04067746468456475 0.11717495987158909
21 92 92 85	0.00016101582952921667 0.13162118780096307
21 92 95 105	3.4582588160897964e-05 0.009630818619582664
21 92 105	0.0002726281352235551 0.0016051364365971107
21 92 126 2	0.0001278805084529016 0.006420545746388443
21 92 126 4	0.03185981680605336 0.051364365971107544
21 93 15 100	0.00013049719431032232 0.0032102728731942215
21 95 15 100	0.00014347803348569203 0.0593900481540931
21 95 21 85	0.0002316129833584799 0.12520064205457465
21 95 28 77	0.0014827995255041518 0.006420545746388443
21 95 28 104	0.0005839767892399959 0.028892455858747994
21 95 28 105	0.0006248587420396985 0.02247191011235955
21 95 30 77	7.172289143664538e-06 0.0016051364365971107
21 95 30 85	0.00025046780795645487 0.13162118780096307
21 95 33 81	0.037037037037037035 0.0016051364365971107
21 95 35 100	0.0009064128710627691 0.0032102728731942215
21 95 38 100	0.0005295645986065832 0.04975922953451043
21 95 52 85	0.00019884256548385838 0.06581059390048154
21 95 52 104	0.0004045405632822803 0.028892455858747994
21 95 52 105	0.0002784164391435551 0.016051364365971106
21 95 53 104	0.0005801006755365931 0.025682182985553772
21 95 53 105	0.0005655628764527896 0.011235955056179775
21 95 56 105	0.00041880431368443097 0.012841091492776886
21 95 77	0.0006540222367560497 0.0032102728731942215
21 95 81	0.0016240956739997047 0.01765650080256822
21 95 99 85	0.0004951501808182357 0.06902086677367576
21 95 104	0.00040957495221625556 0.028892455858747994
21 95 104 58	0.0011098779134295228 0.0016051364365971107
21 95 105	0.00037990122568132284 0.028892455858747994
21 95 117 81	0.006191950464396285 0.009630818619582664
21 95 126 2	0.0036474879397576185 0.038523274478330656
21 95 126 4	0.11276948590381426 0.051364365971107544
21 95 126 55	0.5 0.0016051364365971107
21 98 30 85	0.0001974463604054232 0.06260032102728733
21 98 33 85	0.0001974463604054232 0.06260032102728733
21 102 35 100	0.00013049719431032232 0.0016051364365971107
21 104 20 85	0.0001802206812143705 0.1187800963081862
21 104 35 100	4.62983562279707e-05 0.0754414125200642
21 104 39 85	0.0002519940442176857 0.12359550561797752
21 104 46 111	1.3110911692557689e-05 0.04975922953451043
21 105 16 81	3.809668939769134e-05 0.0016051364365971107
21 105 20 85	0.00019719078967327003 0.08346709470304976
21 105 35 100	3.181992857649878e-05 0.038523274478330656
21 105 39 104	4.517528008673654e-05 0.0032102728731942215
21 105 40 85	0.00024177041669013952 0.13162118780096307
21 105 46 111	2.6834990330093384e-05 0.0898876404494382
21 105 67 4	0.17391304347826086 0.006420545746388443
21 110 15 100	0.00013049719431032232 0.0032102728731942215
21 117 15 100	0.00046712887839897723 0.012841091492776886
21 117 30 85	0.00020231508029302175 0.06902086677367576
21 117 52 85	0.0002032520325203252 0.07223113964686999
21 117 77	0.003968253968253968 0.0016051364365971107
21 117 104	0.0009196811771919068 0.004815409309791332
21 117 126 4	0.21428571428571427 0.004815409309791332
21 117 126 55	0.5 0.0016051364365971107
21 118 21 85	0.000530755378637096 0.0449438202247191
21 118 46 111	6.09979260705136e-05 0.0016051364365971107
21 118 53 85	0.0005385792845399399 0.04654895666131621
21 122 20 85	0.00019417206418773664 0.06581059390048154
21 122 39 85	0.025 0.0016051364365971107
21 122 39 104	0.0007799551525787267 0.025682182985553772
21 122 39 105	0.0004675081813931744 0.009630818619582664
21 122 46 111	3.909840323362413e-05 0.07704654895666131
21 122 57 85	0.0003487159431625603 0.11717495987158909
21 126 2	0.0008982304859426928 0.02247191011235955
21 126 2 23	0.0030581039755351682 0.009630818619582664
21 126 2 50	0.0020147750167897917 0.004815409309791332
21 126 2 115	0.002152080344332855 0.004815409309791332
21 126 4	0.06315789473684211 0.07704654895666131
21 126 6 71	9.587239384379391e-06 0.004815409309791332
21 126 21 85	0.0002125638675694688 0.12520064205457465
21 126 55	0.4 0.0032102728731942215
21 126 61 85	0.0002985296776700084 0.13162118780096307
22 71	0.06666666666666667 0.0016051364365971107
22 71 6 71	0.06666666666666667 0.0016051364365971107
22 71 16 81	0.0017094017094017094 0.0016051364365971107
22 71 37 102	0.005128205128205128 0.0016051364365971107
22 71 40 105	0.0007936507936507937 0.0016051364365971107
22 71 45 110	0.00010288065843621399 0.0016051364365971107
22 71 46 111	7.293946024799416e-05 0.0032102728731942215
22 71 67 2	0.006060606060606061 0.0016051364365971107
22 71 67 4	0.06666666666666667 0.0016051364365971107
22 71 69 2	0.0026666666666666666 0.0016051364365971107
22 71 69 4	0.06666666666666667 0.0016051364365971107
22 87 2	0.003998223011994669 0.011235955056179775
22 87 2 23	0.007042253521126761 0.0016051364365971107
22 87 4	0.11678832116788321 0.03531300160513644
22 87 22 71	0.06666666666666667 0.0016051364365971107
22 87 61 105	0.00010877250231141567 0.0032102728731942215
30 15 100	0.00013049719431032232 0.0016051364365971107
30 27 15 100	0.00012790995139421848 0.0016051364365971107
30 85 20 85	0.0002003874156702959 0.0016051364365971107
30 85 35 100	0.00012891220518339161 0.0016051364365971107
30 85 46 111	1.5133884430932315e-05 0.0016051364365971107
30 86 38 100	0.00013049719431032232 0.0016051364365971107
30 93 15 100	0.00013049719431032232 0.0016051364365971107
30 95 4	1.0 0.0016051364365971107
33 98 4	1.0 0.0032102728731942215
38 80 15 100	0.0003109452736318408 0.0032102728731942215
38 80 126 2	0.08333333333333333 0.0016051364365971107
38 80 126 4	1.0 0.0016051364365971107
38 100	0.003179650238473768 0.0032102728731942215
38 100 12 105	0.0035587188612099642 0.0016051364365971107
38 100 23	0.045454545454545456 0.0016051364365971107
38 100 35 100	0.001770997387778853 0.0032102728731942215
38 100 39 105	0.0017445917655268667 0.0016051364365971107
38 100 40 105	0.004973062577704103 0.0016051364365971107
38 100 46 111	1.4579340772483857e-05 0.0032102728731942215
38 100 88	0.045454545454545456 0.0016051364365971107
38 103 4	0.6 0.004815409309791332
38 103 38 100	0.003561702790742541 0.0032102728731942215
49 114 2	0.015151515151515152 0.0016051364365971107
49 114 4	0.75 0.009630818619582664
49 114 35 100	2.3769794296200162e-05 0.0016051364365971107
49 114 36 101	6.48046140885231e-05 0.0016051364365971107
49 114 46 111	2.1429579493484337e-06 0.0032102728731942215
55	1.0 0.024077046548956663
55 1 66	0.0196078431372549 0.0032102728731942215
55 16 81	0.05263157894736842 0.008025682182985553
55 20 34 105	0.0012285012285012285 0.0016051364365971107
55 20 85	0.0010230179028132991 0.006420545746388443
55 20 86 4	0.0872093023255814 0.008025682182985553
55 20 95 81	0.00819672131147541 0.0016051364365971107
55 23 67 4	0.5294117647058824 0.006420545746388443
55 23 67 55	0.5555555555555556 0.004815409309791332
55 23 88	1.0 0.004815409309791332
55 35 100	0.00015896229414382907 0.008025682182985553
55 36 101	0.00273224043715847 0.0032102728731942215
55 40 30 85	0.0017401392111368909 0.004815409309791332
55 40 105	0.0228310502283105 0.008025682182985553
55 43 108	0.21739130434782608 0.008025682182985553
55 45 110	0.0015432098765432098 0.0016051364365971107
55 46 111	0.0005660496027170381 0.014446227929373997
55 46 111 50	0.00489853044086774 0.0032102728731942215
55 46 111 115	0.005355776587605203 0.0032102728731942215
55 50 46 111	0.0001024642655873764 0.0032102728731942215
55 50 50	1.0 0.0032102728731942215
55 50 115	1.0 0.0032102728731942215
55 51 116	0.0036855036855036856 0.004815409309791332
55 57 122	0.004901960784313725 0.0016051364365971107
55 67 2	0.10569105691056911 0.008025682182985553
55 67 2 115	0.2222222222222222 0.0016051364365971107
55 67 4	0.6666666666666666 0.006420545746388443
55 67 55	1.0 0.0032102728731942215
55 69 2	0.018726591760299626 0.004815409309791332
55 69 2 88	0.2222222222222222 0.004815409309791332
55 69 4	1.0 0.025682182985553772
55 69 21 85	0.0004232654932806603 0.006420545746388443
55 69 55	1.0 0.024077046548956663
55 115 50	1.0 0.0032102728731942215
55 115 67 4	0.6666666666666666 0.0016051364365971107
55 115 115	1.0 0.0032102728731942215
55 120 2	0.02040816326530612 0.0032102728731942215
55 120 2 88	0.2631578947368421 0.004815409309791332
55 120 4	1.0 0.025682182985553772
55 120 55	1.0 0.024077046548956663
61 15 100	0.0002860223097401597 0.02086677367576244
61 15 103 2	0.07692307692307693 0.0016051364365971107
61 15 103 4	1.0 0.0016051364365971107
61 18 15 100	1.5094171743074953e-05 0.012841091492776886
61 18 18 85	4.8539911418874424e-05 0.028892455858747994
61 18 27 85	1.976438839100124e-05 0.02086677367576244
61 18 83 85	4.877831793590054e-05 0.028892455858747994
61 18 85	1.8231872960309212e-05 0.011235955056179775
61 18 85 44	0.00021961128802020424 0.0032102728731942215
61 18 85 123	0.0001549666821633349 0.0016051364365971107
61 18 86 2	0.00028099622528404033 0.028892455858747994
61 18 86 4	0.011900635470826112 0.038523274478330656
61 18 92 85	1.952512254496404e-05 0.02086677367576244
61 18 95 77	0.0001073998496402105 0.0016051364365971107
61 18 95 81	8.001280204832773e-05 0.0016051364365971107
61 18 126 2	0.000415570023548968 0.01765650080256822
61 18 126 4	0.005443234836702955 0.014446227929373997
61 19 126 4	0.021897810218978103 0.0032102728731942215
61 27 15 100	3.791101862694715e-05 0.011235955056179775
61 27 18 85	4.387838082924289e-05 0.019261637239165328
61 27 27 85	0.00011374033839014452 0.014446227929373997
61 27 83 85	4.345831906745495e-05 0.019261637239165328
61 27 85	3.53544281421248e-05 0.004815409309791332
61 27 85 123	0.00072992700729927 0.0016051364365971107
61 27 86 2	0.00046626735052544745 0.016051364365971106
61 27 86 4	0.032586558044806514 0.024077046548956663
61 27 95 81	0.0006150061500615006 0.0016051364365971107
61 30 15 100	0.00024401296754627532 0.019261637239165328
61 30 18 85	2.311999741056029e-05 0.004815409309791332
61 30 27 85	3.5832875468813457e-05 0.0016051364365971107
61 30 83 85	2.311700440610104e-05 0.004815409309791332
61 30 85	0.00013671240835996378 0.012841091492776886
61 30 85 44	0.0005861664712778429 0.0016051364365971107
61 30 86 2	0.0021906579040350503 0.019261637239165328
61 30 86 4	0.10240963855421686 0.025682182985553772
61 30 86 55	0.11538461538461539 0.0032102728731942215
61 30 92 85	3.772256312242229e-05 0.0016051364365971107
61 30 95 104	0.00019209758557347132 0.009630818619582664
61 30 95 105	8.728626986974949e-05 0.008025682182985553
61 30 126 2	0.0018791946308724832 0.009630818619582664
61 30 126 4	0.1611842105263158 0.02247191011235955
61 33 98 85	0.0002808876048312668 0.008025682182985553
61 34 30 85	0.00013789616418836617 0.009630818619582664
61 34 52 85	0.0002902336380786533 0.0032102728731942215
61 34 104	0.0001845585973546601 0.004815409309791332
61 34 105	5.969436485195797e-05 0.0016051364365971107
61 34 126 2	0.0005422726152329307 0.016051364365971106
61 34 126 4	0.0621301775147929 0.028892455858747994
61 34 126 55	0.023809523809523808 0.006420545746388443
61 45 110 85	4.246181563326703e-05 0.028892455858747994
61 45 110 104	1.7483434445862547e-05 0.0016051364365971107
61 52 15 100	0.00022538766678687343 0.004815409309791332
61 52 18 85	8.079502302658157e-05 0.0016051364365971107
61 52 27 85	0.00036536353671903543 0.0016051364365971107
61 52 85	5.490282200505106e-05 0.0016051364365971107
61 52 86 4	0.21428571428571427 0.004815409309791332
61 52 86 55	0.25 0.0016051364365971107
61 52 95 105	9.211920224770853e-05 0.004815409309791332
61 52 117 104	0.00022842903125324472 0.006420545746388443
61 52 117 105	7.794687920182396e-05 0.0032102728731942215
61 52 126 4	0.03761755485893417 0.028892455858747994
61 52 126 55	0.05172413793103448 0.004815409309791332
61 77 6 71	1.3924602916740158e-05 0.004815409309791332
61 77 6 111	0.009900990099009901 0.0016051364365971107
61 77 12 85	0.00015349037103739026 0.01765650080256822
61 77 12 104	0.00016099145482611344 0.011235955056179775
61 77 12 105	7.145043500965463e-05 0.008025682182985553
61 77 16 81	0.000155688622754491 0.012841091492776886
61 77 20 85	0.00010349387276081461 0.03210272873194221
61 77 22 116	0.00012919896640826872 0.0016051364365971107
61 77 24 89	4.47888207103507e-05 0.004815409309791332
61 77 35 100	5.357226563807917e-05 0.03531300160513644
61 77 37 111	4.114337437384927e-05 0.006420545746388443
61 77 39 104	0.00012176807241141373 0.006420545746388443
61 77 39 105	4.8793975570482896e-05 0.0032102728731942215
61 77 40 104	0.00022180515270431666 0.008025682182985553
61 77 40 105	5.5108184254214054e-05 0.008025682182985553
61 77 43 81	8.37906908542461e-05 0.0032102728731942215
61 77 45 110	8.009651630214408e-05 0.014446227929373997
61 77 46 111	2.6236994665423832e-05 0.12038523274478331
61 77 51 116	5.768248265405343e-05 0.012841091492776886
61 77 63 128	0.0002376425855513308 0.0016051364365971107
61 77 67 4	0.025036818851251842 0.024077046548956663
61 77 67 55	0.07 0.006420545746388443
61 83 15 100	1.587277652162388e-05 0.012841091492776886
61 83 18 85	5.4164309519726044e-05 0.028892455858747994
61 83 27 85	2.4164893500481364e-05 0.02086677367576244
61 83 34 105	1.0979961570134504e-05 0.0016051364365971107
61 83 83 85	5.511349345284507e-05 0.028892455858747994
61 83 85	1.8165139281205438e-05 0.011235955056179775
61 83 85 44	0.00020951183741881415 0.0032102728731942215
61 83 85 123	0.00015453562046051616 0.0016051364365971107
61 83 86 2	0.0002806387337580333 0.028892455858747994
61 83 86 4	0.011882787263497924 0.038523274478330656
61 83 92 85	2.395290666925571e-05 0.02086677367576244
61 83 126 2	0.00041507171516856525 0.01765650080256822
61 83 126 4	0.005443234836702955 0.014446227929373997
61 84 18 85	2.034703022740277e-06 0.0016051364365971107
61 84 83 85	2.3889806560823448e-06 0.0016051364365971107
61 84 85 123	0.004464285714285714 0.0032102728731942215
61 84 126 2	0.001006036217303823 0.0032102728731942215
61 84 126 4	0.02127659574468085 0.004815409309791332
61 85	0.0002624534145189229 0.016051364365971106
61 85 6 71	2.0579228098878047e-05 0.009630818619582664
61 85 12 104	0.00020472846938930257 0.008025682182985553
61 85 12 105	9.174311926605505e-05 0.0032102728731942215
61 85 16 81	4.1458729460654446e-05 0.011235955056179775
61 85 16 108	0.00013501471660410985 0.0016051364365971107
61 85 20 85	0.00013952984850901058 0.02086677367576244
61 85 23	0.0012610340479192938 0.0016051364365971107
61 85 35 100	8.937365409934557e-05 0.01765650080256822
61 85 36 101	6.623098565717058e-05 0.009630818619582664
61 85 39 85	0.00021253985122210415 0.012841091492776886
61 85 39 104	0.00018434687970725322 0.009630818619582664
61 85 39 105	3.832361555938792e-05 0.011235955056179775
61 85 40 85	0.00015416796599895585 0.012841091492776886
61 85 40 104	0.00018801425084287744 0.006420545746388443
61 85 40 105	6.706280114993723e-05 0.006420545746388443
61 85 41 106	9.832503306179237e-06 0.0016051364365971107
61 85 43 81	8.652649374679686e-05 0.004815409309791332
61 85 44	0.0010030090270812437 0.0016051364365971107
61 85 45 110	2.8651905792533753e-05 0.009630818619582664
61 85 46 111	1.2310091526521726e-05 0.056179775280898875
61 85 50 123	0.04 0.0016051364365971107
61 85 51 116	5.926343558144638e-05 0.009630818619582664
61 85 57 104	0.00024198427102238354 0.0032102728731942215
61 85 57 122	0.0004821934815200734 0.0016051364365971107
61 85 67 2	0.0015286991635419672 0.019261637239165328
61 85 67 4	0.05725190839694656 0.03691813804173355
61 85 69 2	0.00510204081632653 0.008025682182985553
61 85 69 4	0.026688907422852376 0.016051364365971106
61 85 88	0.0013698630136986301 0.0016051364365971107
61 85 109 44	0.0001597444089456869 0.0016051364365971107
61 86 2	0.001501719711282275 0.01765650080256822
61 86 2 88	0.007079646017699115 0.0032102728731942215
61 86 2 123	0.007462686567164179 0.0016051364365971107
61 86 4	0.060767590618336885 0.03691813804173355
61 86 4 44	0.022988505747126436 0.0016051364365971107
61 86 6 71	2.617202372680894e-05 0.004815409309791332
61 86 21 85	0.00010699602173318374 0.019261637239165328
61 86 28 104	0.0001794043774668102 0.0016051364365971107
61 86 55	0.037037037037037035 0.0032102728731942215
61 86 61 85	0.00013495029711938297 0.019261637239165328
61 86 61 104	0.00019689842181634513 0.004815409309791332
61 86 61 105	6.951266984262331e-05 0.0032102728731942215
61 92 15 100	3.932154604454738e-05 0.012841091492776886
61 92 18 85	4.6654874991510586e-05 0.02086677367576244
61 92 27 85	0.000115657798056949 0.016051364365971106
61 92 83 85	4.568437834396471e-05 0.02086677367576244
61 92 85	3.5165865666393155e-05 0.004815409309791332
61 92 85 123	0.0007230657989877079 0.0016051364365971107
61 92 86 2	0.0004646009792359101 0.016051364365971106
61 92 86 4	0.032533550223668155 0.024077046548956663
61 92 92 85	0.00011530007457706952 0.014446227929373997
61 92 95 81	0.0006150061500615006 0.0016051364365971107
61 93 28 104	0.00015751132112620594 0.008025682182985553
61 93 28 105	7.31407806046048e-05 0.0016051364365971107
61 93 30 85	0.0004012519059465532 0.011235955056179775
61 93 33 81	0.0625 0.0016051364365971107
61 93 38 100	9.519794372441555e-05 0.008025682182985553
61 93 81 23	0.004830917874396135 0.0016051364365971107
61 95 6 71	5.062778452814905e-05 0.0016051364365971107
61 95 30 85	0.00010509873450862532 0.016051364365971106
61 95 33 85	0.00015401991990964166 0.004815409309791332
61 95 52 85	0.000164471751976598 0.006420545746388443
61 95 81	0.002014098690835851 0.0032102728731942215
61 95 104	0.0002013895881582922 0.0032102728731942215
61 95 105	0.0002845220030349014 0.004815409309791332
61 95 126 2	0.004723665564478035 0.014446227929373997
61 95 126 4	0.17073170731707318 0.019261637239165328
61 99 15 100	0.0003796839860977248 0.014446227929373997
61 99 18 85	1.0646707638746563e-05 0.004815409309791332
61 99 34 104	0.00022118266370281897 0.006420545746388443
61 99 83 85	1.061216259955535e-05 0.004815409309791332
61 99 85	7.144643303683063e-05 0.011235955056179775
61 99 85 44	0.00025176233635448137 0.0016051364365971107
61 99 86 2	0.0008177450679750588 0.02247191011235955
61 99 86 4	0.03986135181975736 0.03210272873194221
61 99 92 85	1.5800159581611774e-05 0.0016051364365971107
61 99 126 2	0.0003623844899438304 0.008025682182985553
61 99 126 4	0.05971563981042654 0.03531300160513644
61 99 126 55	0.05172413793103448 0.004815409309791332
61 104	0.00030845157310302283 0.009630818619582664
61 104 6 71	3.257830640193337e-05 0.006420545746388443
61 104 12 104	0.0002017947865723375 0.009630818619582664
61 104 12 105	6.484523603665918e-05 0.0032102728731942215
61 104 16 81	0.0001753275632034484 0.016051364365971106
61 104 20 85	0.00017301270993459717 0.03531300160513644
61 104 23	0.009852216748768473 0.0032102728731942215
61 104 23 88	0.006920415224913495 0.0032102728731942215
61 104 24 89	3.46180838575875e-05 0.004815409309791332
61 104 35 100	8.707784987930782e-05 0.04333868378812199
61 104 36 101	3.3549166303217366e-05 0.02086677367576244
61 104 39 85	0.0002751548584965807 0.016051364365971106
61 104 39 104	0.0002975273030053478 0.014446227929373997
61 104 39 105	6.19136847351724e-05 0.006420545746388443
61 104 40 104	0.0002782435712793473 0.012841091492776886
61 104 40 105	6.80295857087743e-05 0.016051364365971106
61 104 45 110	8.5077709980296e-05 0.014446227929373997
61 104 46 111	1.4828555810185412e-05 0.10914927768860354
61 104 51 116	1.937721626911078e-05 0.0032102728731942215
61 104 57 105	6.942309408812766e-05 0.0016051364365971107
61 104 57 122	0.0003093777866749167 0.004815409309791332
61 104 58	0.002320185614849188 0.0016051364365971107
61 104 63 128	0.00021626297577854672 0.0016051364365971107
61 104 67 2	0.0016150119203260785 0.027287319422150885
61 104 67 4	0.05119047619047619 0.03210272873194221
61 104 69 4	0.04859335038363171 0.014446227929373997
61 104 88	0.009950248756218905 0.0032102728731942215
61 104 88 88	0.006968641114982578 0.0032102728731942215
61 105	8.49437247823317e-05 0.0032102728731942215
61 105 6 71	2.8273921283636028e-05 0.004815409309791332
61 105 6 111	0.005791505791505791 0.0016051364365971107
61 105 12 77	0.00010318320177475107 0.0032102728731942215
61 105 12 104	0.00026455544886241157 0.009630818619582664
61 105 12 105	6.186696834178849e-05 0.006420545746388443
61 105 16 81	0.0001910501680373069 0.027287319422150885
61 105 20 85	0.0001873461352527367 0.03210272873194221
61 105 23	0.002105263157894737 0.0032102728731942215
61 105 24 89	4.085838936229134e-05 0.006420545746388443
61 105 35 100	0.00013975617523260967 0.03691813804173355
61 105 36 101	3.0094251433708947e-05 0.014446227929373997
61 105 37 111	1.770277048358068e-05 0.004815409309791332
61 105 39 104	0.00030501265708387186 0.019261637239165328
61 105 39 105	6.58395690084561e-05 0.009630818619582664
61 105 40 85	0.00025358385304815717 0.016051364365971106
61 105 40 104	0.00022885682823751787 0.009630818619582664
61 105 40 105	7.049707680989052e-05 0.0032102728731942215
61 105 41 106	1.2543274296322313e-05 0.004815409309791332
61 105 43 81	8.741913729799936e-05 0.004815409309791332
61 105 43 108	6.119077243151732e-05 0.0016051364365971107
61 105 45 110	5.980644744980587e-05 0.012841091492776886
61 105 46 111	2.323697833323203e-05 0.14285714285714285
61 105 51 116	2.950345682169094e-05 0.011235955056179775
61 105 57 122	0.0001827151470856934 0.004815409309791332
61 105 63 128	0.00012064181445288937 0.0016051364365971107
61 105 67 2	0.0003924996877843393 0.027287319422150885
61 105 67 4	0.05683297180043384 0.056179775280898875
61 105 67 55	0.04961832061068702 0.006420545746388443
61 105 69 4	0.015418502202643172 0.008025682182985553
61 105 88	0.002197802197802198 0.0032102728731942215
61 105 115 115	0.003048780487804878 0.0016051364365971107
61 117 30 85	0.00020513541868138953 0.016051364365971106
61 117 33 81	0.007575757575757576 0.0016051364365971107
61 117 33 85	0.00010902747492368077 0.0032102728731942215
61 117 52 104	0.000278990235341763 0.008025682182985553
61 117 52 105	5.884256671276001e-05 0.0032102728731942215
61 117 81	0.0017079419299743809 0.0032102728731942215
61 117 81 23	0.009708737864077669 0.0016051364365971107
61 117 81 115	0.007575757575757576 0.0016051364365971107
61 117 104	0.0001177717583323519 0.0016051364365971107
61 117 105	0.0001997802417340925 0.0032102728731942215
61 117 110	0.00022650056625141563 0.0016051364365971107
61 117 126 2	0.00014443561782335524 0.0032102728731942215
61 117 126 4	0.03940886699507389 0.016051364365971106
61 117 126 55	0.03333333333333333 0.006420545746388443
61 118 46 111	3.2176973353443945e-05 0.019261637239165328
61 118 53 104	0.000136682125335111 0.008025682182985553
61 118 53 105	7.577303062979046e-05 0.0032102728731942215
61 121 56 85	0.000576036866359447 0.0016051364365971107
61 121 56 105	8.903530249744024e-05 0.0032102728731942215
61 122 16 81	0.0002781254345709915 0.0032102728731942215
61 122 35 100	2.5153831400156583e-05 0.011235955056179775
61 122 36 101	2.832660576446427e-05 0.0032102728731942215
61 122 46 111	1.0754891190077107e-05 0.0449438202247191
61 122 51 116	3.567478862687739e-05 0.0016051364365971107
61 122 67 4	0.07692307692307693 0.0016051364365971107
61 126 2	0.001825437255900832 0.09470304975922954
61 126 2 23	0.0026615049600774254 0.008025682182985553
61 126 2 50	0.0013268465280849183 0.004815409309791332
61 126 2 73	0.002059025394646534 0.0016051364365971107
61 126 2 88	0.004230459307010476 0.012841091492776886
61 126 2 115	0.002532561505065123 0.006420545746388443
61 126 4	0.16060961313012895 0.3756019261637239
61 126 4 44	0.037037037037037035 0.0016051364365971107
61 126 4 109	0.008 0.0016051364365971107
61 126 6 71	2.6162017841082003e-05 0.01765650080256822
61 126 21 85	7.902402172212309e-05 0.0449438202247191
61 126 22 71	0.01098901098901099 0.0016051364365971107
61 126 55	0.041666666666666664 0.011235955056179775
61 126 61 77	3.383064379715146e-05 0.008025682182985553
61 126 61 85	0.00013557455597603652 0.016051364365971106
61 126 61 104	9.411563389018416e-05 0.009630818619582664
61 126 61 105	6.15227420046275e-05 0.011235955056179775
