78	1.0 1.0
78 5 70	0.7258064516129032 0.21212121212121213
78 5 70 129	0.25 0.09090909090909091
78 13 78	0.8806228373702422 1.0
78 64 5 70	0.3333333333333333 0.030303030303030304
78 64 101 36	0.005865102639296188 0.06060606060606061
78 64 101 62	0.23076923076923078 0.06060606060606061
78 64 129	0.674457429048414 0.7272727272727273
78 64 129 64	0.00047460844803037496 0.030303030303030304
78 101 8 36	0.2857142857142857 0.12121212121212122
78 101 8 62	0.16666666666666666 0.030303030303030304
78 101 23 36	0.25 0.06060606060606061
78 101 36	0.9523141654978962 0.42424242424242425
78 101 36 129	0.5 0.06060606060606061
78 101 44 36	0.08 0.06060606060606061
78 101 62	0.8026315789473685 0.09090909090909091
78 101 73 36	0.2857142857142857 0.12121212121212122
78 101 73 62	0.16666666666666666 0.030303030303030304
78 101 88 36	0.25 0.06060606060606061
78 101 109 36	0.125 0.06060606060606061
78 127 8 36	0.5 0.030303030303030304
78 127 23 62	1.0 0.06060606060606061
78 127 36	0.7261904761904762 0.15151515151515152
78 127 36 129	0.5 0.06060606060606061
78 127 62	0.9937888198757764 0.3939393939393939
78 127 73 36	0.5 0.030303030303030304
78 127 88 62	1.0 0.06060606060606061
78 129 64	0.23076923076923078 0.030303030303030304
78 129 64 129	0.010309278350515464 0.030303030303030304
102 20 85 36	0.03954802259887006 0.06060606060606061
102 20 85 62	0.15789473684210525 0.06060606060606061
102 35 100 36	0.010460251046025104 0.06060606060606061
102 35 100 62	0.1 0.030303030303030304
102 37 78	1.0 1.0
102 40 77 36	0.16666666666666666 0.030303030303030304
102 40 77 62	1.0 0.030303030303030304
102 40 104 36	0.11538461538461539 0.030303030303030304
102 40 104 62	0.25 0.030303030303030304
102 40 105 36	0.045454545454545456 0.030303030303030304
102 40 105 62	1.0 0.030303030303030304
102 45 110 36	0.023809523809523808 0.030303030303030304
102 45 110 62	0.16666666666666666 0.030303030303030304
102 46 111 36	0.015410958904109588 0.12121212121212122
102 46 111 62	0.12222222222222222 0.030303030303030304
