80	1.0 1.0
80 1 66	0.037848605577689244 0.014161220043572984
80 1 66 18	0.02402022756005057 0.015250544662309368
80 1 66 20	0.39933993399339934 0.02505446623093682
80 1 66 40	0.10429447852760736 0.0054466230936819175
80 14 20	0.5625 0.00980392156862745
80 14 20 18	0.039634146341463415 0.02832244008714597
80 14 35 80	0.18620689655172415 0.058823529411764705
80 14 45	0.6 0.0032679738562091504
80 14 79	1.0 0.016339869281045753
80 15 80	0.9547304072443737 1.0
80 15 80 18	0.03842637133952537 0.06209150326797386
80 15 80 27	0.8126041937652614 0.5588235294117647
80 15 80 30	0.9523151347615757 0.058823529411764705
80 15 80 33	0.2684787792083929 0.0054466230936819175
80 15 80 34	0.1499075785582255 0.018518518518518517
80 15 80 52	0.011547719190118851 0.02832244008714597
80 15 80 83	0.037529697920338584 0.06427015250544663
80 15 80 92	0.8253183999834227 0.5392156862745098
80 15 80 95	0.26477908037698034 0.6808278867102396
80 15 80 98	0.3866758241758242 0.0054466230936819175
80 15 80 99	0.43461950696677387 0.03376906318082789
80 15 80 116	0.00663716814159292 0.006535947712418301
80 15 80 117	0.032587874443256205 0.026143790849673203
80 15 100 1	0.0005787665038885874 0.0032679738562091504
80 15 100 12	0.10701870830567774 0.04139433551198257
80 15 100 20	0.5748824678985811 0.144880174291939
80 15 100 21	0.4721311475409836 0.0032679738562091504
80 15 100 30	0.6616766467065869 0.0032679738562091504
80 15 100 39	0.12310528981490972 0.09368191721132897
80 15 100 40	0.09686618921720574 0.1644880174291939
80 15 100 51	0.008235554074146202 0.0010893246187363835
80 15 100 57	0.004423892871718658 0.011982570806100218
80 15 100 79	0.011852502194907815 0.015250544662309368
80 15 102	0.021922428330522766 0.0010893246187363835
80 15 103 21	0.7801626016260162 0.015250544662309368
80 15 103 28	0.3205298013245033 0.004357298474945534
80 15 103 30	0.87322695035461 0.017429193899782137
80 15 103 61	0.4112903225806452 0.0032679738562091504
80 15 121	1.0 0.0010893246187363835
80 15 121 95	1.0 0.0010893246187363835
80 18	0.20008133387555918 0.044662309368191724
80 18 1 66	0.0020933348219269845 0.008714596949891068
80 18 15 80	0.31415684102239455 0.7919389978213508
80 18 18	0.05366416320060206 0.08169934640522876
80 18 18 18	0.09834739375433828 0.08061002178649238
80 18 18 27	0.009069125963150456 0.0718954248366013
80 18 18 30	0.0032460428273078604 0.0010893246187363835
80 18 18 34	0.0410970003682395 0.011982570806100218
80 18 18 83	0.08710805722617739 0.08278867102396514
80 18 18 92	0.011192243529318543 0.07407407407407407
80 18 18 95	0.006924024369681275 0.6612200435729847
80 18 18 117	0.02218411007892594 0.006535947712418301
80 18 19 84	0.1795838995361042 0.037037037037037035
80 18 19 121	0.04645161290322581 0.0032679738562091504
80 18 27	0.1542971763616726 0.0664488017429194
80 18 27 18	0.11463164768686736 0.07625272331154684
80 18 27 27	0.07128000239420602 0.07516339869281045
80 18 27 83	0.11342212522878727 0.0784313725490196
80 18 27 92	0.08635554647838012 0.07952069716775599
80 18 27 95	0.013424768862401034 0.6241830065359477
80 18 27 110	0.8687214611872146 0.018518518518518517
80 18 30	0.08783783783783784 0.0010893246187363835
80 18 33 98	0.2144778674492541 0.027233115468409588
80 18 34	0.10292580982236155 0.007625272331154684
80 18 34 52	0.02386934673366834 0.010893246187363835
80 18 45 83	0.06494960806270997 0.0054466230936819175
80 18 45 110	0.08366556756539992 0.08496732026143791
80 18 77 12	0.05385305808436979 0.023965141612200435
80 18 77 20	0.1268357810413885 0.020697167755991286
80 18 83	0.05360133617718182 0.08387799564270153
80 18 83 18	0.08580442162092804 0.08061002178649238
80 18 83 27	0.07400753768272732 0.0718954248366013
80 18 83 34	0.040154505699881674 0.011982570806100218
80 18 83 83	0.08181253610294009 0.08278867102396514
80 18 83 92	0.07977302473377117 0.07407407407407407
80 18 83 95	0.0074071602296781145 0.6612200435729847
80 18 83 117	0.025442898980333296 0.006535947712418301
80 18 85 20	0.05184267533170864 0.0860566448801743
80 18 85 39	0.02184543312268684 0.08278867102396514
80 18 85 40	0.01730424729065291 0.1568627450980392
80 18 86 21	0.023434355052044397 0.0392156862745098
80 18 86 61	0.03457999406352033 0.029411764705882353
80 18 92	0.16205236232320192 0.06862745098039216
80 18 92 18	0.125381899905206 0.07625272331154684
80 18 92 27	0.10679473188154175 0.07516339869281045
80 18 92 83	0.12433450772366621 0.0784313725490196
80 18 92 92	0.1280262023789002 0.0784313725490196
80 18 92 95	0.013045607460716263 0.6241830065359477
80 18 92 117	0.09087325054208555 0.00980392156862745
80 18 95	0.013369020657470318 0.6100217864923747
80 18 95 21	0.04024468770122344 0.010893246187363835
80 18 95 30	0.0736399061336089 0.07734204793028322
80 18 95 52	0.006057044704606066 0.04139433551198257
80 18 95 99	0.11650485436893204 0.044662309368191724
80 18 104 12	0.05263157894736842 0.0010893246187363835
80 18 104 39	0.2536172980003252 0.017429193899782137
80 18 105 40	0.1628495152451876 0.020697167755991286
80 18 110	0.03669724770642202 0.004357298474945534
80 18 110 18	0.054048370136698214 0.008714596949891068
80 18 110 83	0.05319809563237425 0.008714596949891068
80 18 117 52	0.027697634160415464 0.013071895424836602
80 18 126 21	0.03699613473219216 0.020697167755991286
80 18 126 61	0.05162954021727203 0.02287581699346405
80 19 84	0.17684594348222424 0.0457516339869281
80 19 84 18	0.10806513053569688 0.037037037037037035
80 19 84 27	0.16041666666666668 0.030501089324618737
80 19 84 30	0.1295143212951432 0.010893246187363835
80 19 84 83	0.10467956481472059 0.037037037037037035
80 19 84 92	0.17902018918537344 0.03159041394335512
80 19 84 95	0.018968011573701978 0.03159041394335512
80 19 121	0.10526315789473684 0.0032679738562091504
80 19 121 27	0.017857142857142856 0.0010893246187363835
80 27	0.8457642725598526 0.5326797385620915
80 27 15 80	0.9897597798781624 0.8518518518518519
80 27 18	0.16033875479125662 0.06753812636165578
80 27 18 18	0.0473256801470515 0.07734204793028322
80 27 18 27	0.10087925791141254 0.06535947712418301
80 27 18 30	0.05177865612648221 0.0032679738562091504
80 27 18 52	0.0004182350480970305 0.0010893246187363835
80 27 18 83	0.04692437438085012 0.07952069716775599
80 27 18 92	0.10977397061238929 0.06753812636165578
80 27 18 95	0.06111141750139728 0.6241830065359477
80 27 18 117	0.046540284360189574 0.006535947712418301
80 27 19 84	0.1566686080372743 0.03594771241830065
80 27 19 121	0.10204081632653061 0.0032679738562091504
80 27 27	0.8317235531057876 0.6122004357298475
80 27 27 18	0.03901533130475733 0.07080610021786492
80 27 27 27	0.8497181810443519 0.5827886710239651
80 27 27 30	0.9914860967312528 0.011982570806100218
80 27 27 34	0.07185382878259085 0.014161220043572984
80 27 27 52	0.0028991596638655464 0.0032679738562091504
80 27 27 83	0.03860731096052843 0.07298474945533769
80 27 27 92	0.8409711950977703 0.5664488017429193
80 27 27 95	0.1971754685607229 0.664488017429194
80 27 27 117	0.1399492748910711 0.018518518518518517
80 27 30	0.9888663967611336 0.006535947712418301
80 27 30 34	0.6809145129224652 0.0054466230936819175
80 27 30 92	0.45696316863479747 0.020697167755991286
80 27 30 95	0.2773872990535026 0.6350762527233116
80 27 33 98	0.2764227642276423 0.044662309368191724
80 27 34	0.13307984790874525 0.00980392156862745
80 27 34 30	0.19501133786848074 0.034858387799564274
80 27 34 52	0.1271186440677966 0.013071895424836602
80 27 34 99	0.16876971608832808 0.04793028322440087
80 27 45 110	0.06618125891954055 0.08061002178649238
80 27 52 92	0.7611940298507462 0.010893246187363835
80 27 52 117	0.75040770213184 0.39106753812636164
80 27 77 12	0.33497133497133497 0.042483660130718956
80 27 77 40	0.48520710059171596 0.015250544662309368
80 27 83	0.157459266802444 0.06971677559912855
80 27 83 18	0.030908212398781547 0.07734204793028322
80 27 83 27	0.12056474366500157 0.06535947712418301
80 27 83 30	0.05169692186266772 0.0032679738562091504
80 27 83 52	0.0004192872117400419 0.0010893246187363835
80 27 83 83	0.03207891751317733 0.07952069716775599
80 27 83 92	0.13537668311704137 0.06753812636165578
80 27 83 95	0.06100921313983904 0.6241830065359477
80 27 85 12	0.10408432147562582 0.0392156862745098
80 27 85 20	0.20667050153575653 0.0860566448801743
80 27 85 39	0.13913635589854167 0.07298474945533769
80 27 85 40	0.10581603894440174 0.14270152505446623
80 27 86 21	0.1270870602265951 0.027233115468409588
80 27 86 61	0.10024524831391785 0.0196078431372549
80 27 92	0.8281509068183558 0.6034858387799564
80 27 92 18	0.05307170080611505 0.0718954248366013
80 27 92 27	0.8244861216981607 0.5904139433551199
80 27 92 30	0.9933470526879599 0.018518518518518517
80 27 92 34	0.04946764946764947 0.015250544662309368
80 27 92 52	0.0029557346909913733 0.0054466230936819175
80 27 92 83	0.05160161360841421 0.07407407407407407
80 27 92 92	0.843940133743764 0.565359477124183
80 27 92 95	0.1218318171389398 0.664488017429194
80 27 92 117	0.14740668089770956 0.018518518518518517
80 27 95	0.16369072336184703 0.6100217864923747
80 27 95 30	0.4867915745374142 0.08278867102396514
80 27 95 52	0.08071701315231226 0.05010893246187364
80 27 95 92	0.394876997210246 0.46296296296296297
80 27 95 99	0.18580645161290324 0.044662309368191724
80 27 99	0.30303030303030304 0.0032679738562091504
80 27 104 20	0.8402220851326342 0.020697167755991286
80 27 104 39	0.8738647830474269 0.05773420479302832
80 27 105 12	0.601063829787234 0.0196078431372549
80 27 105 20	0.89506548888212 0.0196078431372549
80 27 105 40	0.8478835978835979 0.11655773420479303
80 27 110 18	0.09857456140350877 0.02287581699346405
80 27 110 45	0.007936507936507936 0.002178649237472767
80 27 110 83	0.09881292591778412 0.02287581699346405
80 27 117	0.0710431654676259 0.010893246187363835
80 27 117 30	0.8028643639427128 0.026143790849673203
80 27 117 52	0.3618867924528302 0.030501089324618737
80 27 117 99	0.25 0.014161220043572984
80 27 118 30	0.9666666666666667 0.004357298474945534
80 27 118 53	0.8794326241134752 0.007625272331154684
80 27 126 21	0.18440463645943098 0.016339869281045753
80 27 126 61	0.2053996823716252 0.02505446623093682
80 30	0.9456681350954479 0.054466230936819175
80 30 15 80	0.7102395303834153 0.8572984749455338
80 30 15 102	0.020442930153321975 0.0010893246187363835
80 30 18	0.05711484695544824 0.034858387799564274
80 30 18 18	0.034946142993491816 0.054466230936819175
80 30 18 27	0.04629778996612357 0.042483660130718956
80 30 18 83	0.039056030270564326 0.05664488017429194
80 30 18 92	0.047525458987445875 0.044662309368191724
80 30 18 95	0.033284192136240426 0.12527233115468409
80 30 19 84	0.11291866028708133 0.034858387799564274
80 30 27	0.4155073270265257 0.032679738562091505
80 30 27 18	0.05903068037763721 0.04139433551198257
80 30 27 27	0.38847630859345816 0.05119825708061002
80 30 27 83	0.058497833413577276 0.042483660130718956
80 30 27 92	0.34585649243140965 0.05337690631808279
80 30 30	0.8181818181818182 0.0054466230936819175
80 30 30 18	0.17777777777777778 0.008714596949891068
80 30 30 95	0.29046563192904656 0.02178649237472767
80 30 30 117	0.3333333333333333 0.0010893246187363835
80 30 33 98	0.4883720930232558 0.016339869281045753
80 30 34	0.7736131934032984 0.016339869281045753
80 30 34 27	0.831858407079646 0.015250544662309368
80 30 34 30	0.8961892247043364 0.03812636165577342
80 30 34 52	0.08982035928143713 0.016339869281045753
80 30 34 92	0.8412887828162291 0.015250544662309368
80 30 34 99	0.5527777777777778 0.05555555555555555
80 30 45 110	0.05845999525739144 0.05773420479302832
80 30 52	0.25 0.0010893246187363835
80 30 52 95	0.047619047619047616 0.0010893246187363835
80 30 52 117	0.2222222222222222 0.002178649237472767
80 30 77 12	0.9667256637168141 0.013071895424836602
80 30 83	0.05646721605159441 0.034858387799564274
80 30 83 18	0.03783909509589766 0.054466230936819175
80 30 83 27	0.04311169576656302 0.04030501089324619
80 30 83 83	0.03705326311117084 0.054466230936819175
80 30 83 92	0.04344115490485979 0.04139433551198257
80 30 83 95	0.0332583449108955 0.12200435729847495
80 30 85 12	0.37261085626911317 0.0457516339869281
80 30 85 20	0.9237249120716561 0.07516339869281045
80 30 85 39	0.4745654231745622 0.08278867102396514
80 30 85 40	0.42262271226283094 0.16884531590413943
80 30 86 21	0.5693702770780856 0.023965141612200435
80 30 86 53	0.8291139240506329 0.011982570806100218
80 30 92	0.39675727229375296 0.03376906318082789
80 30 92 18	0.06934583853830241 0.04139433551198257
80 30 92 27	0.399405108426721 0.05119825708061002
80 30 92 83	0.06879317533835942 0.042483660130718956
80 30 92 92	0.39621149283385737 0.05337690631808279
80 30 95	0.32230467509344396 0.690631808278867
80 30 95 18	0.1134020618556701 0.007625272331154684
80 30 95 21	0.7678571428571429 0.010893246187363835
80 30 95 27	0.42833189443505776 0.4923747276688453
80 30 95 30	0.9739392894623031 0.08061002178649238
80 30 95 52	0.08914025062003766 0.05991285403050109
80 30 95 83	0.11407407407407408 0.007625272331154684
80 30 95 92	0.43126222213391674 0.47276688453159044
80 30 95 99	0.31980084258904634 0.06427015250544663
80 30 98	0.42857142857142855 0.0032679738562091504
80 30 104 39	0.9939106901217862 0.018518518518518517
80 30 105 20	0.4995850622406639 0.015250544662309368
80 30 117	0.5434782608695652 0.02287581699346405
80 30 117 30	0.5833333333333334 0.020697167755991286
80 30 117 52	0.5652173913043478 0.027233115468409588
80 30 117 95	0.010309278350515464 0.0010893246187363835
80 30 117 99	0.7264150943396226 0.029411764705882353
80 30 118 21	1.0 0.0032679738562091504
80 30 118 53	0.9882352941176471 0.0032679738562091504
80 30 126 61	0.3357897179993037 0.0196078431372549
80 33	0.07692307692307693 0.0054466230936819175
80 33 27 27	0.8256880733944955 0.0457516339869281
80 33 85 20	0.42857142857142855 0.002178649237472767
80 33 98	0.5466666666666666 0.06427015250544663
80 33 98 18	0.1218615124788891 0.03159041394335512
80 33 98 27	0.30494728304947283 0.046840958605664486
80 33 98 83	0.1175681554524362 0.030501089324618737
80 33 98 92	0.31965811965811963 0.046840958605664486
80 33 98 95	0.059602649006622516 0.011982570806100218
80 33 117	0.6363636363636364 0.00980392156862745
80 34	0.15254237288135594 0.018518518518518517
80 34 15 80	0.7263770712046574 0.8191721132897604
80 34 27	0.22580645161290322 0.007625272331154684
80 34 30	0.5119453924914675 0.0860566448801743
80 34 30 18	0.08868201861832435 0.03812636165577342
80 34 30 27	0.20461095100864554 0.0457516339869281
80 34 30 83	0.07267605633802816 0.0392156862745098
80 34 30 92	0.2098259979529171 0.044662309368191724
80 34 30 95	0.11873233149828895 0.6699346405228758
80 34 30 117	0.15708812260536398 0.014161220043572984
80 34 52	0.5142857142857142 0.04793028322440087
80 34 52 34	0.1952662721893491 0.007625272331154684
80 34 52 92	0.14903846153846154 0.016339869281045753
80 34 52 95	0.0568685376661743 0.017429193899782137
80 34 52 117	0.14761904761904762 0.04030501089324619
80 34 56	0.4 0.002178649237472767
80 34 77 20	0.5666666666666667 0.034858387799564274
80 34 92	0.4117647058823529 0.007625272331154684
80 34 92 27	0.40625 0.00980392156862745
80 34 93 21	0.9259259259259259 0.00980392156862745
80 34 93 30	0.812807881773399 0.02832244008714597
80 34 93 52	0.2765957446808511 0.0032679738562091504
80 34 99	0.6979405034324943 0.16884531590413943
80 34 99 27	0.15371024734982333 0.04357298474945534
80 34 99 30	0.5454545454545454 0.014161220043572984
80 34 99 34	0.13416815742397137 0.0196078431372549
80 34 99 52	0.17647058823529413 0.004357298474945534
80 34 99 83	0.1431163529144931 0.042483660130718956
80 34 99 92	0.17105263157894737 0.0457516339869281
80 34 99 95	0.1506719666855953 0.6633986928104575
80 34 99 117	0.16721311475409836 0.011982570806100218
80 34 104 20	0.7282033180374161 0.09041394335511982
80 34 104 39	0.4265340834750752 0.014161220043572984
80 34 104 40	0.2755235602094241 0.0392156862745098
80 34 105 20	0.7035157665820949 0.0784313725490196
80 34 105 39	0.32214490380679495 0.029411764705882353
80 34 105 40	0.32876916207769014 0.018518518518518517
80 34 117 30	0.9432989690721649 0.015250544662309368
80 34 118 20	0.8 0.004357298474945534
80 34 118 21	0.9130434782608695 0.013071895424836602
80 34 118 53	0.43455497382198954 0.007625272331154684
80 34 121	0.17647058823529413 0.0032679738562091504
80 34 122 20	0.26229508196721313 0.011982570806100218
80 34 124 30	0.875 0.0032679738562091504
80 34 126 21	0.5888501742160279 0.015250544662309368
80 37 80	1.0 0.014161220043572984
80 37 100 20	0.9304347826086956 0.0054466230936819175
80 37 102	0.03260869565217391 0.0010893246187363835
80 45 83	0.12121212121212122 0.0010893246187363835
80 45 83 18	0.11036339165545088 0.020697167755991286
80 45 83 83	0.11021505376344086 0.020697167755991286
80 45 92	0.2 0.0032679738562091504
80 45 92 83	0.18473895582329317 0.006535947712418301
80 45 108 20	0.05212620027434842 0.017429193899782137
80 45 110	0.06887076759439816 0.09041394335511982
80 45 110 18	0.029113279242511985 0.08061002178649238
80 45 110 27	0.04075204340222008 0.07407407407407407
80 45 110 30	0.12043991416309013 0.006535947712418301
80 45 110 34	0.02680487508604284 0.011982570806100218
80 45 110 52	0.0017513134851138354 0.0032679738562091504
80 45 110 83	0.02757369162153767 0.08278867102396514
80 45 110 92	0.04543789047459353 0.07625272331154684
80 45 110 95	0.028663465604355693 0.6633986928104575
80 45 110 117	0.021851046790985013 0.007625272331154684
80 51	0.08108108108108109 0.0010893246187363835
80 51 15 80	0.2854122621564482 0.05337690631808279
80 51 116	0.008481421647819063 0.037037037037037035
80 51 116 20	0.13980582524271845 0.054466230936819175
80 51 116 34	0.031818181818181815 0.0054466230936819175
80 51 116 40	0.025488530161427356 0.017429193899782137
80 51 116 51	0.13064653597954462 0.0010893246187363835
80 51 116 117	0.008928571428571428 0.0010893246187363835
80 52	0.054249547920433995 0.02505446623093682
80 52 1 66	0.03347280334728033 0.0032679738562091504
80 52 15 80	0.9321008403361345 0.7843137254901961
80 52 18	0.029605263157894735 0.008714596949891068
80 52 18 18	0.02051365342923822 0.023965141612200435
80 52 18 83	0.026386371660790168 0.026143790849673203
80 52 27	0.3977272727272727 0.03594771241830065
80 52 27 27	0.4378238341968912 0.06209150326797386
80 52 27 34	0.058823529411764705 0.0032679738562091504
80 52 27 92	0.4595959595959596 0.06427015250544663
80 52 34	0.5666666666666667 0.006535947712418301
80 52 34 52	0.4925373134328358 0.008714596949891068
80 52 34 99	0.504950495049505 0.017429193899782137
80 52 45 110	0.04449103191241556 0.02505446623093682
80 52 51 116	0.000925925925925926 0.0010893246187363835
80 52 83 18	0.045778127303530716 0.023965141612200435
80 52 83 27	0.015042117930204572 0.00980392156862745
80 52 83 83	0.04493640080097276 0.023965141612200435
80 52 83 92	0.017755231452124286 0.011982570806100218
80 52 83 117	0.04225352112676056 0.002178649237472767
80 52 85 20	0.8369680287952572 0.020697167755991286
80 52 85 39	0.4587289992695398 0.010893246187363835
80 52 85 40	0.3472630959387875 0.015250544662309368
80 52 86 21	0.7860082304526749 0.006535947712418301
80 52 92	0.3953488372093023 0.03376906318082789
80 52 92 18	0.03434225844004657 0.017429193899782137
80 52 92 27	0.3949367088607595 0.058823529411764705
80 52 92 34	0.0392156862745098 0.002178649237472767
80 52 92 92	0.4250681198910082 0.06209150326797386
80 52 95	0.11441647597254005 0.023965141612200435
80 52 95 30	0.5827107790821772 0.029411764705882353
80 52 95 52	0.3824451410658307 0.027233115468409588
80 52 95 95	0.01694915254237288 0.0010893246187363835
80 52 95 99	0.41836734693877553 0.02178649237472767
80 52 98	0.4827586206896552 0.0054466230936819175
80 52 98 33	0.2903225806451613 0.0032679738562091504
80 52 104 39	0.9090909090909091 0.006535947712418301
80 52 104 40	0.5454545454545454 0.00980392156862745
80 52 105 39	0.5 0.004357298474945534
80 52 117	0.6601078859491395 0.4477124183006536
80 52 117 27	0.8794345255676783 0.3660130718954248
80 52 117 30	0.9958294717330862 0.017429193899782137
80 52 117 52	0.10355673210494587 0.030501089324618737
80 52 117 92	0.901977235226669 0.3474945533769063
80 52 117 95	0.005747126436781609 0.002178649237472767
80 52 117 99	0.40969162995594716 0.018518518518518517
80 56 30	0.5 0.0032679738562091504
80 56 66 20	0.5384615384615384 0.004357298474945534
80 56 80	1.0 0.0032679738562091504
80 56 80 95	1.0 0.0010893246187363835
80 56 84	0.023809523809523808 0.004357298474945534
80 56 84 18	0.031229602851835115 0.004357298474945534
80 56 84 83	0.030403634457452384 0.004357298474945534
80 56 84 92	0.024955436720142603 0.004357298474945534
80 56 99	1.0 0.0032679738562091504
80 56 100 39	0.2 0.0010893246187363835
80 56 104 20	0.8181818181818182 0.0032679738562091504
80 56 105 20	0.5 0.0054466230936819175
80 56 121	0.8666666666666667 0.014161220043572984
80 56 121 52	0.4 0.002178649237472767
80 66 1	1.0 0.004357298474945534
80 66 1 95	0.027888446215139442 0.007625272331154684
80 77 12	0.6891891891891891 0.06971677559912855
80 77 12 18	0.0310122878876536 0.04030501089324619
80 77 12 27	0.31456548347613217 0.08714596949891068
80 77 12 30	0.5352564102564102 0.02832244008714597
80 77 12 83	0.032568895740990554 0.04139433551198257
80 77 12 92	0.33618581907090467 0.0915032679738562
80 77 12 99	0.5905044510385756 0.02505446623093682
80 77 20	0.6890243902439024 0.032679738562091505
80 77 20 18	0.0369183616606297 0.046840958605664486
80 77 20 27	0.2304093567251462 0.03159041394335512
80 77 20 83	0.03735790245691236 0.04793028322440087
80 77 20 95	0.24696753760886778 0.6427015250544662
80 77 35 80	0.5203194224142647 0.8257080610021786
80 77 39	0.35714285714285715 0.007625272331154684
80 77 40	0.4166666666666667 0.020697167755991286
80 77 40 27	0.6545454545454545 0.05228758169934641
80 77 40 30	0.34507042253521125 0.016339869281045753
80 77 51	0.11538461538461539 0.0010893246187363835
80 77 67 21	0.25 0.002178649237472767
80 77 67 61	0.375 0.0032679738562091504
80 83	0.19531560142913854 0.0457516339869281
80 83 1 66	0.0019871256647075288 0.008714596949891068
80 83 15 80	0.31445129437235153 0.7919389978213508
80 83 18	0.04984477878125859 0.08169934640522876
80 83 18 18	0.09174986823409957 0.08061002178649238
80 83 18 27	0.014380098576346154 0.0718954248366013
80 83 18 34	0.03411646813953703 0.011982570806100218
80 83 18 83	0.08871102946310942 0.08278867102396514
80 83 18 92	0.020401212407587216 0.07407407407407407
80 83 18 95	0.005536656835385586 0.6612200435729847
80 83 18 110	0.007553052228425012 0.026143790849673203
80 83 18 117	0.033603061484943124 0.006535947712418301
80 83 19 84	0.18147971577107314 0.037037037037037035
80 83 19 121	0.04881101376720901 0.0032679738562091504
80 83 27	0.10861740419225069 0.06535947712418301
80 83 27 18	0.12724781723494688 0.07625272331154684
80 83 27 27	0.06793541026520428 0.07516339869281045
80 83 27 83	0.11239494629419713 0.0784313725490196
80 83 27 92	0.0957145673726904 0.07952069716775599
80 83 27 95	0.007461101590631632 0.6241830065359477
80 83 30	0.087248322147651 0.0010893246187363835
80 83 33 98	0.2132335184737986 0.027233115468409588
80 83 34	0.10256410256410256 0.007625272331154684
80 83 34 99	0.1201032136992728 0.04357298474945534
80 83 45 83	0.06311207834602829 0.0054466230936819175
80 83 45 110	0.08386269161955116 0.08496732026143791
80 83 77 12	0.052951052563605834 0.023965141612200435
80 83 77 20	0.12673844773441004 0.020697167755991286
80 83 77 40	0.04604853764779091 0.004357298474945534
80 83 83	0.049243264241949566 0.08278867102396514
80 83 83 18	0.10608020458734635 0.08061002178649238
80 83 83 27	0.06036058012059044 0.0718954248366013
80 83 83 30	0.01195805493864684 0.0010893246187363835
80 83 83 34	0.03054542692814632 0.011982570806100218
80 83 83 83	0.10594154766335767 0.08278867102396514
80 83 83 92	0.06820378998610474 0.07407407407407407
80 83 83 95	0.006168398648216042 0.6612200435729847
80 83 83 117	0.047564090254566094 0.006535947712418301
80 83 85 12	0.028737739481162344 0.044662309368191724
80 83 85 20	0.047954166760561884 0.08496732026143791
80 83 85 39	0.019934440958257 0.08278867102396514
80 83 85 40	0.016094928255308102 0.15577342047930284
80 83 86 21	0.022887729260993018 0.04030501089324619
80 83 86 30	0.03493044822256569 0.011982570806100218
80 83 86 61	0.03447633940206262 0.02832244008714597
80 83 92	0.11742018427255196 0.06753812636165578
80 83 92 18	0.12514334801304547 0.07625272331154684
80 83 92 27	0.10025314590361509 0.07516339869281045
80 83 92 30	0.03211009174311927 0.0010893246187363835
80 83 92 83	0.11230935103447877 0.0784313725490196
80 83 92 92	0.1135545523516403 0.0784313725490196
80 83 95	0.01325181171782239 0.6100217864923747
80 83 95 21	0.03537812398571892 0.00980392156862745
80 83 95 30	0.07142324054033883 0.0784313725490196
80 83 95 52	0.005551904643205149 0.042483660130718956
80 83 95 99	0.11491894110404269 0.04357298474945534
80 83 104 39	0.25040335592126495 0.016339869281045753
80 83 105 12	0.011494252873563218 0.004357298474945534
80 83 105 20	0.1534078919603292 0.015250544662309368
80 83 105 39	0.09083850931677019 0.008714596949891068
80 83 117 52	0.02672864613596746 0.014161220043572984
80 83 126 21	0.036716583471991124 0.0196078431372549
80 83 126 61	0.051586862766780935 0.02287581699346405
80 85 1 66	0.006262939958592132 0.010893246187363835
80 85 8 20	0.8449612403100775 0.023965141612200435
80 85 8 40	0.09876543209876543 0.004357298474945534
80 85 10 30	0.9444444444444444 0.011982570806100218
80 85 12	0.2545045045045045 0.05555555555555555
80 85 12 30	0.41142020497803805 0.05119825708061002
80 85 12 83	0.04147615937295885 0.03594771241830065
80 85 12 99	0.3689922480620155 0.054466230936819175
80 85 12 121	0.0072992700729927005 0.0010893246187363835
80 85 16 30	0.8915254237288136 0.017429193899782137
80 85 20	0.9172211490305502 0.1775599128540305
80 85 20 18	0.06083999292274279 0.06862745098039216
80 85 20 27	0.2846694651180758 0.07407407407407407
80 85 20 30	0.5181102362204725 0.014161220043572984
80 85 20 34	0.3673122412773507 0.011982570806100218
80 85 20 52	0.11904761904761904 0.0010893246187363835
80 85 20 83	0.06034678987065786 0.07080610021786492
80 85 20 92	0.3034355903599655 0.07625272331154684
80 85 20 95	0.18699189777263264 0.6742919389978214
80 85 20 117	0.4160176804883183 0.02178649237472767
80 85 23 20	0.6695652173913044 0.020697167755991286
80 85 23 40	0.11904761904761904 0.0054466230936819175
80 85 26 30	1.0 0.0054466230936819175
80 85 35 80	0.5621503031785298 0.94880174291939
80 85 35 102	0.08927826449728828 0.0010893246187363835
80 85 39	0.27544581618655695 0.09259259259259259
80 85 39 18	0.06545378502718528 0.03159041394335512
80 85 39 27	0.3560455637997701 0.12745098039215685
80 85 39 30	0.4709604837575587 0.0860566448801743
80 85 39 52	0.258546239654552 0.03376906318082789
80 85 39 92	0.384554678692221 0.1318082788671024
80 85 39 95	0.13027371887219594 0.6372549019607843
80 85 39 99	0.49861027190332324 0.10457516339869281
80 85 39 121	0.00881488736532811 0.0032679738562091504
80 85 40	0.21890747833098165 0.1840958605664488
80 85 40 27	0.3339908544786156 0.23529411764705882
80 85 40 30	0.4951576576576577 0.10239651416122005
80 85 40 52	0.2701336222462983 0.04793028322440087
80 85 40 83	0.13058475689881735 0.03159041394335512
80 85 40 92	0.35621539049073897 0.2374727668845316
80 85 40 99	0.484462748034444 0.11764705882352941
80 85 40 121	0.009625668449197862 0.004357298474945534
80 85 43 30	0.9385964912280702 0.018518518518518517
80 85 43 99	0.5714285714285714 0.006535947712418301
80 85 43 110	0.016426512968299712 0.049019607843137254
80 85 45 21	1.0 0.0032679738562091504
80 85 45 30	0.7039877300613497 0.0196078431372549
80 85 51	0.0681551116333725 0.0010893246187363835
80 85 51 116	0.002065266237677723 0.02505446623093682
80 85 53 99	0.4444444444444444 0.004357298474945534
80 85 57	0.00999000999000999 0.010893246187363835
80 85 57 30	0.6836734693877551 0.02505446623093682
80 85 57 99	0.38095238095238093 0.014161220043572984
80 85 58 20	0.7777777777777778 0.02832244008714597
80 85 67 21	0.4462809917355372 0.02287581699346405
80 85 67 61	0.2684729064039409 0.016339869281045753
80 85 69 21	0.6344086021505376 0.013071895424836602
80 85 69 61	0.2777777777777778 0.010893246187363835
80 85 73 20	0.8449612403100775 0.023965141612200435
80 85 73 40	0.09876543209876543 0.004357298474945534
80 85 79	0.2647058823529412 0.008714596949891068
80 85 79 30	0.9411764705882353 0.014161220043572984
80 85 88 20	0.6695652173913044 0.020697167755991286
80 85 88 40	0.13333333333333333 0.0054466230936819175
80 85 121 30	0.5 0.0032679738562091504
80 85 123 20	0.8909090909090909 0.030501089324618737
80 85 123 40	0.25 0.0054466230936819175
80 86 2 12	0.09836065573770492 0.002178649237472767
80 86 2 20	0.5027932960893855 0.02505446623093682
80 86 2 40	0.15816326530612246 0.00980392156862745
80 86 4 20	0.6704545454545454 0.013071895424836602
80 86 10 28	0.3333333333333333 0.0054466230936819175
80 86 10 30	1.0 0.011982570806100218
80 86 21	0.6643073811931244 0.0457516339869281
80 86 21 18	0.04063763778613399 0.05555555555555555
80 86 21 27	0.19670399323896048 0.03594771241830065
80 86 21 83	0.04792704837452117 0.05664488017429194
80 86 21 95	0.09906909065409092 0.6492374727668845
80 86 28 52	0.36 0.00980392156862745
80 86 28 99	0.5 0.026143790849673203
80 86 30	0.7962962962962963 0.018518518518518517
80 86 30 18	0.018805674694820192 0.02287581699346405
80 86 35 80	0.3850267379679144 0.05228758169934641
80 86 38 80	0.9634538152610441 0.761437908496732
80 86 53	0.4782608695652174 0.011982570806100218
80 86 53 30	0.6129032258064516 0.013071895424836602
80 86 53 52	0.3548387096774194 0.00980392156862745
80 86 53 99	0.63 0.026143790849673203
80 86 61	0.375 0.027233115468409588
80 86 61 18	0.03660159716060337 0.03812636165577342
80 86 61 27	0.2541993281075028 0.029411764705882353
80 86 61 83	0.037020810514786416 0.04030501089324619
80 86 61 92	0.23397761953204477 0.03159041394335512
80 86 61 95	0.0431509611506923 0.15468409586056645
80 86 61 99	0.476056338028169 0.03376906318082789
80 92	0.8565095660289314 0.5130718954248366
80 92 15 80	0.9884857887909415 0.8518518518518519
80 92 18	0.15084433092095928 0.06753812636165578
80 92 18 18	0.04472691532735227 0.07734204793028322
80 92 18 27	0.083255270553316 0.06535947712418301
80 92 18 52	0.0010330578512396695 0.0010893246187363835
80 92 18 83	0.042161391003935504 0.07952069716775599
80 92 18 92	0.08500129701686122 0.06753812636165578
80 92 18 95	0.018779923956545236 0.6241830065359477
80 92 19 84	0.15303430079155672 0.03594771241830065
80 92 19 121	0.11627906976744186 0.0032679738562091504
80 92 27	0.8711070677807415 0.6176470588235294
80 92 27 18	0.04748242865578813 0.07080610021786492
80 92 27 27	0.9070574562894924 0.5816993464052288
80 92 27 30	0.9959953863898501 0.011982570806100218
80 92 27 34	0.12762645914396886 0.014161220043572984
80 92 27 52	0.002877106452938759 0.0032679738562091504
80 92 27 83	0.04753468592556372 0.07298474945533769
80 92 27 92	0.9161845700367972 0.5740740740740741
80 92 27 95	0.20971411288201566 0.664488017429194
80 92 27 99	0.0562015503875969 0.0032679738562091504
80 92 27 117	0.12786303693992443 0.018518518518518517
80 92 30	0.9886133603238867 0.007625272331154684
80 92 30 27	0.5505117587311509 0.014161220043572984
80 92 30 95	0.27690631878908517 0.6350762527233116
80 92 33 98	0.28076572470373745 0.044662309368191724
80 92 34	0.12653061224489795 0.010893246187363835
80 92 34 30	0.1883720930232558 0.037037037037037035
80 92 34 52	0.11607142857142858 0.013071895424836602
80 92 34 99	0.16134453781512606 0.05010893246187364
80 92 45 110	0.06084297983569828 0.08061002178649238
80 92 51 116	0.0027472527472527475 0.006535947712418301
80 92 52	0.008177172061328791 0.002178649237472767
80 92 52 117	0.7486381018513991 0.39106753812636164
80 92 83	0.15027554048325562 0.06971677559912855
80 92 83 18	0.036081553380004405 0.07734204793028322
80 92 83 27	0.07701343138756958 0.06535947712418301
80 92 83 30	0.11207729468599034 0.0032679738562091504
80 92 83 52	0.0010384215991692627 0.0010893246187363835
80 92 83 83	0.035156657047809875 0.07952069716775599
80 92 83 92	0.08088976197935631 0.06753812636165578
80 92 83 95	0.018782494429526366 0.6241830065359477
80 92 85 20	0.20476290937069533 0.08278867102396514
80 92 85 39	0.12749517063747584 0.0718954248366013
80 92 85 40	0.09671979087612784 0.14161220043572983
80 92 85 51	0.027743976636651253 0.0010893246187363835
80 92 86 21	0.13876979613264503 0.027233115468409588
80 92 86 61	0.11296162201303403 0.016339869281045753
80 92 92	0.8782277422170498 0.593681917211329
80 92 92 18	0.038260442535733206 0.07080610021786492
80 92 92 27	0.9073950337333635 0.5816993464052288
80 92 92 30	0.9962025555011119 0.011982570806100218
80 92 92 34	0.13614103819784526 0.015250544662309368
80 92 92 52	0.0029068042949516523 0.0032679738562091504
80 92 92 83	0.03719419284352509 0.07298474945533769
80 92 92 92	0.9277386277180343 0.5675381263616558
80 92 92 95	0.14656796444787942 0.664488017429194
80 92 92 117	0.1318743438585157 0.018518518518518517
80 92 95	0.1439696106362773 0.6100217864923747
80 92 95 30	0.4482674475353831 0.08496732026143791
80 92 95 52	0.0779269202087994 0.05010893246187364
80 92 95 83	0.375 0.0032679738562091504
80 92 95 92	0.37541819091392303 0.46296296296296297
80 92 95 99	0.17608409986859397 0.0457516339869281
80 92 99 95	0.37860983867755427 0.5206971677559913
80 92 104 20	0.8437176567998343 0.020697167755991286
80 92 104 39	0.8819338422391858 0.05664488017429194
80 92 104 40	0.6077627011675607 0.05119825708061002
80 92 105 20	0.9030470914127424 0.0196078431372549
80 92 105 39	0.7943674564148413 0.037037037037037035
80 92 105 40	0.8617765213509895 0.11655773420479303
80 92 110 45	0.4 0.002178649237472767
80 92 117	0.07246376811594203 0.010893246187363835
80 92 117 30	0.7969924812030075 0.026143790849673203
80 92 117 52	0.36318972033257746 0.030501089324618737
80 92 117 99	0.19083969465648856 0.015250544662309368
80 92 118 21	0.825 0.0032679738562091504
80 92 126 21	0.19732034104750304 0.016339869281045753
80 92 126 61	0.21036948748510131 0.023965141612200435
80 93	0.024390243902439025 0.0010893246187363835
80 93 28	0.8913043478260869 0.013071895424836602
80 93 28 99	0.6666666666666666 0.015250544662309368
80 93 30	0.925 0.013071895424836602
80 93 30 34	0.8857142857142857 0.0054466230936819175
80 93 30 52	0.3333333333333333 0.0010893246187363835
80 93 30 95	0.09900130264871906 0.05773420479302832
80 93 38 80	1.0 0.1895424836601307
80 93 52	0.6666666666666666 0.0054466230936819175
80 93 52 30	0.6363636363636364 0.0054466230936819175
80 93 52 99	0.7647058823529411 0.010893246187363835
80 93 75 20	1.0 0.0054466230936819175
80 93 75 53	0.8461538461538461 0.011982570806100218
80 93 110 20	0.55893536121673 0.00980392156862745
80 95	0.18426323319027182 0.6753812636165577
80 95 14 20	0.6666666666666666 0.016339869281045753
80 95 15 80	0.509570331529393 0.8627450980392157
80 95 18	0.0967741935483871 0.0054466230936819175
80 95 18 18	0.0072897555859415975 0.007625272331154684
80 95 18 92	0.07360594795539034 0.0054466230936819175
80 95 19 84	0.10297029702970296 0.032679738562091505
80 95 21	0.8269230769230769 0.0196078431372549
80 95 21 18	0.021032504780114723 0.027233115468409588
80 95 27	0.3177069731000261 0.4912854030501089
80 95 27 27	0.27088079914409097 0.5021786492374728
80 95 27 30	0.9912096562581999 0.023965141612200435
80 95 27 92	0.2759418934973804 0.4923747276688453
80 95 27 99	0.2638888888888889 0.00980392156862745
80 95 28	0.2569444444444444 0.011982570806100218
80 95 28 30	0.5245283018867924 0.03159041394335512
80 95 28 52	0.344 0.013071895424836602
80 95 28 99	0.5030487804878049 0.0457516339869281
80 95 30	0.8431412753742055 0.1514161220043573
80 95 30 18	0.05976617969515816 0.06209150326797386
80 95 30 27	0.2642670249628739 0.07407407407407407
80 95 30 30	0.4246153846153846 0.011982570806100218
80 95 30 34	0.3526805494018609 0.018518518518518517
80 95 30 52	0.08139534883720931 0.0054466230936819175
80 95 30 83	0.059548345722433074 0.06427015250544663
80 95 30 92	0.27846700908731725 0.07298474945533769
80 95 30 95	0.21636220310058096 0.681917211328976
80 95 30 117	0.24508050089445438 0.02287581699346405
80 95 33 92	0.4460093896713615 0.03159041394335512
80 95 34 30	0.5777777777777777 0.02178649237472767
80 95 34 99	0.7012987012987013 0.026143790849673203
80 95 35 80	0.4878587196467991 0.054466230936819175
80 95 38 80	0.8113673805601318 0.7352941176470589
80 95 45 110	0.05713195062985112 0.011982570806100218
80 95 51 116	0.0018910741301059002 0.004357298474945534
80 95 52	0.09397439900093663 0.07407407407407407
80 95 52 27	0.35642317380352645 0.0860566448801743
80 95 52 30	0.7878228782287823 0.02505446623093682
80 95 52 83	0.020353508302088912 0.016339869281045753
80 95 52 95	0.04129554655870445 0.02505446623093682
80 95 52 99	0.49728260869565216 0.03159041394335512
80 95 52 117	0.11559126370244689 0.41830065359477125
80 95 56	0.24 0.016339869281045753
80 95 56 20	0.2777777777777778 0.004357298474945534
80 95 59 30	0.8648648648648649 0.008714596949891068
80 95 75 20	0.9444444444444444 0.013071895424836602
80 95 77 12	0.16388616290480865 0.046840958605664486
80 95 77 20	0.5375722543352601 0.042483660130718956
80 95 81 20	0.7827380952380952 0.02287581699346405
80 95 83	0.09722222222222222 0.0054466230936819175
80 95 83 18	0.02237255677060629 0.007625272331154684
80 95 83 27	0.07922912205567452 0.0054466230936819175
80 95 83 92	0.08008658008658008 0.0054466230936819175
80 95 85 20	0.5321252059308073 0.026143790849673203
80 95 85 39	0.032 0.004357298474945534
80 95 92	0.3215657703007021 0.47058823529411764
80 95 92 27	0.3297098741043684 0.5065359477124183
80 95 92 30	0.991202731092437 0.023965141612200435
80 95 92 92	0.3428273994305166 0.48366013071895425
80 95 93 21	0.7368421052631579 0.00980392156862745
80 95 93 30	0.7861271676300579 0.02287581699346405
80 95 95	0.17475728155339806 0.010893246187363835
80 95 95 30	0.6934673366834171 0.02505446623093682
80 95 97 30	1.0 0.011982570806100218
80 95 99	0.5357142857142857 0.09586056644880174
80 95 99 27	0.1975560081466395 0.04139433551198257
80 95 99 34	0.17183098591549295 0.0196078431372549
80 95 99 52	0.13793103448275862 0.0010893246187363835
80 95 99 92	0.20649651972157773 0.04139433551198257
80 95 99 95	0.15681765923200736 0.6612200435729847
80 95 104 20	0.6468997488893181 0.08387799564270153
80 95 104 40	0.1438810724714627 0.07734204793028322
80 95 105 20	0.6759186248225831 0.08714596949891068
80 95 105 39	0.17872220658598367 0.05991285403050109
80 95 105 40	0.15517396385867122 0.16013071895424835
80 95 108 20	0.781021897810219 0.02287581699346405
80 95 110 20	0.44049904030710174 0.032679738562091505
80 95 116 20	0.33695652173913043 0.0054466230936819175
80 95 117 30	0.9302832244008714 0.02505446623093682
80 95 118 53	0.2610619469026549 0.014161220043572984
80 95 121	0.05555555555555555 0.0032679738562091504
80 95 122 20	0.6320754716981132 0.023965141612200435
80 98	0.38461538461538464 0.0054466230936819175
80 98 15 80	1.0 0.7080610021786492
80 98 33	0.9285714285714286 0.007625272331154684
80 99	0.7105263157894737 0.029411764705882353
80 99 15 80	0.8912087912087913 0.818082788671024
80 99 18	0.13799283154121864 0.02178649237472767
80 99 18 18	0.058739796511520795 0.037037037037037035
80 99 18 83	0.05538538992127675 0.037037037037037035
80 99 27	0.4 0.02178649237472767
80 99 27 27	0.35855263157894735 0.034858387799564274
80 99 27 92	0.375 0.037037037037037035
80 99 27 117	0.14285714285714285 0.002178649237472767
80 99 34	0.8333333333333334 0.023965141612200435
80 99 34 52	0.4032258064516129 0.010893246187363835
80 99 34 99	0.635593220338983 0.029411764705882353
80 99 45 110	0.08100832109642682 0.037037037037037035
80 99 51 116	0.006730769230769231 0.007625272331154684
80 99 83	0.13708260105448156 0.02287581699346405
80 99 83 18	0.06154509711278116 0.037037037037037035
80 99 83 83	0.05924678287141438 0.037037037037037035
80 99 85 12	0.4029126213592233 0.03376906318082789
80 99 85 20	0.641244031487934 0.034858387799564274
80 99 85 39	0.5594202898550724 0.07080610021786492
80 99 85 40	0.4111594776414721 0.1394335511982571
80 99 86 53	0.7857142857142857 0.011982570806100218
80 99 92	0.4032258064516129 0.026143790849673203
80 99 92 18	0.11189931350114417 0.026143790849673203
80 99 92 27	0.3589108910891089 0.03594771241830065
80 99 92 92	0.37402597402597404 0.0392156862745098
80 99 92 117	0.11538461538461539 0.0032679738562091504
80 99 95	0.3129169193450576 0.5435729847494554
80 99 95 27	0.47285395030892596 0.4008714596949891
80 99 95 52	0.11843790012804098 0.027233115468409588
80 99 105 40	0.4857142857142857 0.010893246187363835
80 99 117	0.6296296296296297 0.010893246187363835
80 99 117 52	0.7017543859649122 0.013071895424836602
80 99 117 99	0.8048780487804879 0.016339869281045753
80 99 126 61	0.45588235294117646 0.010893246187363835
80 104 1 66	0.006420545746388443 0.0032679738562091504
80 104 12	0.4411764705882353 0.007625272331154684
80 104 20	0.8325041459369817 0.044662309368191724
80 104 20 18	0.047402418630199936 0.04139433551198257
80 104 20 27	0.27394279698192664 0.03594771241830065
80 104 20 83	0.04676547231270358 0.04357298474945534
80 104 20 95	0.30186585257579174 0.6481481481481481
80 104 35 80	0.7860088056467958 0.8376906318082789
80 104 39	0.9949874686716792 0.13616557734204793
80 104 39 18	0.019150707743547043 0.030501089324618737
80 104 39 27	0.4395955295369878 0.13398692810457516
80 104 39 30	0.596579180182837 0.03159041394335512
80 104 39 52	0.344016465745369 0.00980392156862745
80 104 39 83	0.021212121212121213 0.032679738562091505
80 104 39 92	0.7047697368421053 0.1328976034858388
80 104 39 95	0.20013623978201636 0.6470588235294118
80 104 39 99	0.7155399473222125 0.02505446623093682
80 104 39 117	0.0033647375504710633 0.008714596949891068
80 104 40	0.5764192139737991 0.0718954248366013
80 104 40 27	0.7198014340871484 0.12854030501089325
80 104 40 30	0.5204918032786885 0.037037037037037035
80 104 40 52	0.2921225382932166 0.02505446623093682
80 104 40 92	0.7852834740651388 0.12854030501089325
80 104 40 99	0.6408794788273615 0.0457516339869281
80 104 40 117	0.0013520822065981612 0.004357298474945534
80 104 51 116	0.001891864980583491 0.011982570806100218
80 104 57	0.06465517241379311 0.010893246187363835
80 104 65 30	1.0 0.0010893246187363835
80 104 65 52	1.0 0.0010893246187363835
80 104 79 53	1.0 0.002178649237472767
80 105 8 20	0.4444444444444444 0.0054466230936819175
80 105 8 40	0.7777777777777778 0.004357298474945534
80 105 12	0.4794520547945205 0.023965141612200435
80 105 12 27	0.580952380952381 0.042483660130718956
80 105 20	0.8625893566322478 0.05555555555555555
80 105 20 18	0.050887321889003544 0.0457516339869281
80 105 20 27	0.2697976778140861 0.037037037037037035
80 105 20 34	0.781203007518797 0.014161220043572984
80 105 20 83	0.05014541420561869 0.04793028322440087
80 105 20 92	0.29359073858491785 0.042483660130718956
80 105 20 95	0.30923836229032126 0.6568627450980392
80 105 20 117	0.7168894289185905 0.010893246187363835
80 105 23 20	0.5 0.0054466230936819175
80 105 35 80	0.8606727549832591 0.869281045751634
80 105 39	0.7600767754318618 0.05337690631808279
80 105 39 27	0.6844919786096256 0.08278867102396514
80 105 39 30	0.545271629778672 0.032679738562091505
80 105 39 83	0.041758241758241756 0.017429193899782137
80 105 39 92	0.7692883895131086 0.08496732026143791
80 105 39 99	0.6725239616613419 0.0457516339869281
80 105 40	0.9918392969240427 0.2494553376906318
80 105 40 18	0.2 0.034858387799564274
80 105 40 27	0.48641655886157825 0.22875816993464052
80 105 40 30	0.6454749439042633 0.04139433551198257
80 105 40 34	0.17346938775510204 0.008714596949891068
80 105 40 52	0.33450859409431466 0.015250544662309368
80 105 40 83	0.1991755667978265 0.03594771241830065
80 105 40 92	0.6803355079217148 0.2233115468409586
80 105 40 95	0.1654467614970308 0.6546840958605664
80 105 40 99	0.7247375328083989 0.029411764705882353
80 105 51 116	0.0022739331463654967 0.013071895424836602
80 105 58 20	0.5555555555555556 0.004357298474945534
80 105 58 40	1.0 0.0032679738562091504
80 105 67 21	0.484375 0.00980392156862745
80 105 67 61	0.33766233766233766 0.007625272331154684
80 105 73 20	0.4444444444444444 0.0054466230936819175
80 105 73 39	0.8 0.0032679738562091504
80 105 88 20	0.45454545454545453 0.0054466230936819175
80 105 123 40	0.5625 0.0032679738562091504
80 108 35 80	0.9010791366906474 0.5708061002178649
80 108 43	0.35294117647058826 0.006535947712418301
80 108 43 18	0.024464831804281346 0.0032679738562091504
80 108 43 83	0.029850746268656716 0.0054466230936819175
80 108 43 92	0.2857142857142857 0.013071895424836602
80 110 35 80	0.014613778705636743 0.006535947712418301
80 110 45	0.8571428571428571 0.006535947712418301
80 110 45 27	0.6666666666666666 0.002178649237472767
80 110 45 92	0.5 0.002178649237472767
80 110 79	1.0 0.0032679738562091504
80 116	0.008849557522123894 0.0032679738562091504
80 116 15 80	0.20705521472392638 0.046840958605664486
80 116 20	0.3945578231292517 0.0196078431372549
80 116 20 18	0.204605963002011 0.018518518518518517
80 116 35 80	0.2533410138248848 0.046840958605664486
80 116 51	0.8968253968253969 0.0010893246187363835
80 116 51 116	0.009041042795392692 0.0054466230936819175
80 117	0.08547008547008547 0.02287581699346405
80 117 15 80	0.9342991913746631 0.7810457516339869
80 117 18 27	0.003424657534246575 0.0010893246187363835
80 117 18 92	0.003105590062111801 0.0010893246187363835
80 117 27 27	0.40404040404040403 0.02178649237472767
80 117 27 92	0.3504273504273504 0.02178649237472767
80 117 28	1.0 0.004357298474945534
80 117 30	0.7493540051679587 0.05773420479302832
80 117 30 18	0.04882027160306502 0.02505446623093682
80 117 30 27	0.37816472599081297 0.044662309368191724
80 117 30 52	0.13333333333333333 0.004357298474945534
80 117 30 83	0.043570338534367314 0.02505446623093682
80 117 30 92	0.40177690029615004 0.04357298474945534
80 117 30 95	0.35038882903256774 0.6198257080610022
80 117 30 117	0.2631578947368421 0.02287581699346405
80 117 45 110	0.003236245954692557 0.002178649237472767
80 117 52	0.4909297052154195 0.09477124183006536
80 117 52 18	0.03066812705366922 0.014161220043572984
80 117 52 27	0.6447963800904978 0.07516339869281045
80 117 52 34	0.20408163265306123 0.0054466230936819175
80 117 52 52	0.22018348623853212 0.00980392156862745
80 117 52 92	0.6148068669527897 0.07298474945533769
80 117 52 95	0.06060606060606061 0.023965141612200435
80 117 52 99	0.5524079320113314 0.013071895424836602
80 117 52 117	0.085558675138798 0.21459694989106753
80 117 77 20	0.48947368421052634 0.013071895424836602
80 117 83 27	0.003236245954692557 0.0010893246187363835
80 117 83 92	0.0033112582781456954 0.0010893246187363835
80 117 85 20	0.08298755186721991 0.0010893246187363835
80 117 85 39	0.10714285714285714 0.002178649237472767
80 117 92 27	0.3652173913043478 0.02178649237472767
80 117 92 92	0.39215686274509803 0.020697167755991286
80 117 95	0.043478260869565216 0.0010893246187363835
80 117 95 30	0.3181818181818182 0.010893246187363835
80 117 95 52	0.5714285714285714 0.0032679738562091504
80 117 99	0.5921052631578947 0.05337690631808279
80 117 99 34	0.13966480446927373 0.006535947712418301
80 117 99 83	0.029453015427769985 0.011982570806100218
80 117 99 92	0.14893617021276595 0.018518518518518517
80 117 99 95	0.06756756756756757 0.016339869281045753
80 117 99 117	0.1793478260869565 0.010893246187363835
80 117 104 20	0.7030332681017613 0.032679738562091505
80 117 104 39	0.3325753268902786 0.0054466230936819175
80 117 104 40	0.18248175182481752 0.010893246187363835
80 117 105 20	0.6684539767649688 0.03812636165577342
80 117 105 40	0.22895927601809954 0.010893246187363835
80 117 117 28	0.3181818181818182 0.002178649237472767
80 117 117 30	0.8676470588235294 0.00980392156862745
80 117 117 52	0.3905325443786982 0.006535947712418301
80 117 118 30	0.8604651162790697 0.0054466230936819175
80 117 124 30	1.0 0.0032679738562091504
80 118 21	1.0 0.004357298474945534
80 118 21 95	0.34048083170890187 0.05010893246187364
80 118 30	1.0 0.006535947712418301
80 118 52	1.0 0.002178649237472767
80 118 53	1.0 0.02178649237472767
80 118 53 30	0.7662337662337663 0.010893246187363835
80 118 53 99	0.8137254901960784 0.015250544662309368
80 121 30	1.0 0.008714596949891068
80 121 56	0.95 0.016339869281045753
80 121 99	1.0 0.002178649237472767
80 122 20	0.2777777777777778 0.008714596949891068
80 122 35 80	0.31054054054054053 0.710239651416122
80 122 39	0.625 0.00980392156862745
80 122 39 99	0.6976744186046512 0.011982570806100218
80 122 57	1.0 0.02287581699346405
80 126 2 12	0.03225806451612903 0.002178649237472767
80 126 2 20	0.4560669456066946 0.013071895424836602
80 126 4 20	0.6060606060606061 0.008714596949891068
80 126 21	0.5113636363636364 0.0196078431372549
80 126 21 18	0.046783271802941354 0.04357298474945534
80 126 21 83	0.04723035627135188 0.0457516339869281
80 126 38 80	0.6986301369863014 0.05555555555555555
80 126 61	0.6122994652406417 0.05010893246187364
80 126 61 18	0.09133995357234975 0.044662309368191724
80 126 61 27	0.304 0.049019607843137254
80 126 61 34	0.3263157894736842 0.007625272331154684
80 126 61 83	0.09030792582607126 0.046840958605664486
80 126 61 92	0.3121069182389937 0.054466230936819175
80 126 61 95	0.16321177764616296 0.6459694989106753
87 1 66	0.013888888888888888 0.0010893246187363835
87 20 18 18	0.010560549668786955 0.0010893246187363835
87 20 18 83	0.010674818132363038 0.0010893246187363835
87 20 27	0.1111111111111111 0.0010893246187363835
87 20 27 83	0.008565310492505354 0.0010893246187363835
87 20 45 110	0.005707762557077625 0.0010893246187363835
87 20 83	0.017543859649122806 0.0010893246187363835
87 20 83 18	0.010854275005133557 0.0010893246187363835
87 20 83 83	0.0033356312988762522 0.0010893246187363835
87 20 92	0.1 0.0010893246187363835
87 20 92 83	0.010752688172043012 0.0010893246187363835
87 22 80	1.0 0.006535947712418301
87 22 100 20	0.1111111111111111 0.002178649237472767
87 46 111 39	0.0015432098765432098 0.0010893246187363835
100 1	0.0020876826722338203 0.0010893246187363835
100 1 66	0.005155540020971688 0.00980392156862745
100 1 66 12	0.15588130139435108 0.015250544662309368
100 1 66 20	0.4754507405022537 0.05555555555555555
100 1 66 30	0.16346153846153846 0.002178649237472767
100 1 66 34	0.15671641791044777 0.0032679738562091504
100 1 66 39	0.1460101867572156 0.014161220043572984
100 1 66 40	0.14833112423183517 0.018518518518518517
100 1 66 53	0.2716049382716049 0.0010893246187363835
100 1 66 95	0.02053282307918752 0.013071895424836602
100 1 66 117	0.5442477876106194 0.0054466230936819175
100 1 121	0.41333333333333333 0.0010893246187363835
100 1 121 95	0.03090727816550349 0.002178649237472767
100 6 71 12	0.016336249861557205 0.017429193899782137
100 6 71 20	0.10743665185541011 0.05010893246187364
100 6 71 21	0.09049773755656108 0.020697167755991286
100 6 71 39	0.050307549568743344 0.02178649237472767
100 6 71 40	0.015592389323851276 0.032679738562091505
100 6 71 61	0.026615969581749048 0.010893246187363835
100 8 8 40	0.0028735632183908046 0.0032679738562091504
100 8 20	0.6513761467889908 0.015250544662309368
100 8 20 92	0.2917933130699088 0.02505446623093682
100 8 20 95	0.31375940152033144 0.6339869281045751
100 8 35 80	0.9190642510742015 0.7407407407407407
100 8 39	0.21904761904761905 0.0054466230936819175
100 8 39 30	0.52046783625731 0.02178649237472767
100 8 39 52	0.2159090909090909 0.008714596949891068
100 8 73 20	0.9504950495049505 0.016339869281045753
100 10 28	0.044444444444444446 0.004357298474945534
100 10 30	0.6470588235294118 0.007625272331154684
100 10 75 20	0.11734693877551021 0.02178649237472767
100 12	0.18205128205128204 0.034858387799564274
100 12 15 80	0.7083922853525951 0.8104575163398693
100 12 18	0.027785573954532697 0.032679738562091505
100 12 18 18	0.019206979924067964 0.046840958605664486
100 12 18 27	0.040706605222734255 0.0392156862745098
100 12 18 83	0.020055146229530137 0.04793028322440087
100 12 18 95	0.06817826671250429 0.6111111111111112
100 12 27	0.16666666666666666 0.06209150326797386
100 12 27 52	0.025 0.0010893246187363835
100 12 27 83	0.04349984672593264 0.030501089324618737
100 12 27 92	0.1983500717360115 0.11002178649237472
100 12 30	0.4223300970873786 0.05337690631808279
100 12 30 52	0.1891891891891892 0.0032679738562091504
100 12 30 83	0.03684130401687653 0.037037037037037035
100 12 30 95	0.19720222735298112 0.6623093681917211
100 12 33 98	0.043824701195219126 0.00980392156862745
100 12 34 52	0.09523809523809523 0.002178649237472767
100 12 45 110	0.03250746793182217 0.046840958605664486
100 12 52	0.19808306709265175 0.016339869281045753
100 12 52 27	0.15753424657534246 0.011982570806100218
100 12 77 12	0.17176292940732352 0.04030501089324619
100 12 77 20	0.3446054750402576 0.04357298474945534
100 12 83	0.02791597567716971 0.032679738562091505
100 12 83 18	0.021130390834648637 0.046840958605664486
100 12 83 27	0.03590447801185652 0.03812636165577342
100 12 83 83	0.02353311612120204 0.04793028322440087
100 12 83 92	0.048351338987225954 0.04139433551198257
100 12 83 95	0.06793313306457889 0.6111111111111112
100 12 85 12	0.10500610500610501 0.017429193899782137
100 12 85 20	0.2027836908465695 0.0392156862745098
100 12 85 40	0.09891667510377646 0.02505446623093682
100 12 86 21	0.07677589093518297 0.017429193899782137
100 12 86 61	0.06336088154269973 0.017429193899782137
100 12 92	0.19037199124726478 0.06427015250544663
100 12 93	0.002059025394646534 0.0010893246187363835
100 12 93 30	0.6605222734254992 0.014161220043572984
100 12 95 30	0.15874439461883408 0.02287581699346405
100 12 99	0.34029227557411273 0.04793028322440087
100 12 99 18	0.0303864867346002 0.037037037037037035
100 12 99 27	0.24070247933884298 0.03159041394335512
100 12 99 52	0.08333333333333333 0.0010893246187363835
100 12 99 83	0.030765735060213587 0.037037037037037035
100 12 99 92	0.25071496663489035 0.032679738562091505
100 12 99 95	0.11922621397552309 0.5599128540305011
100 12 104 20	0.5034985143295313 0.05555555555555555
100 12 104 39	0.4104134762633997 0.017429193899782137
100 12 104 40	0.24828886716021792 0.05555555555555555
100 12 105 12	0.13448275862068965 0.02287581699346405
100 12 105 20	0.49840601503759396 0.04793028322440087
100 12 105 39	0.3452031839128613 0.03812636165577342
100 12 105 40	0.3023294234264001 0.030501089324618737
100 12 117 30	0.5364667747163695 0.017429193899782137
100 12 117 52	0.2566574839302112 0.011982570806100218
100 12 118 21	0.5306122448979592 0.007625272331154684
100 12 118 30	0.5975609756097561 0.010893246187363835
100 12 118 53	0.24417731029301276 0.007625272331154684
100 12 122 39	0.24581005586592178 0.0032679738562091504
100 12 122 40	0.13829787234042554 0.0010893246187363835
100 12 122 57	0.3220675944333996 0.0054466230936819175
100 12 126 21	0.2921727395411606 0.017429193899782137
100 12 126 61	0.11205893757270259 0.02178649237472767
100 16 30	0.8230088495575221 0.008714596949891068
100 16 30 27	0.26744186046511625 0.020697167755991286
100 16 30 92	0.311046511627907 0.02287581699346405
100 16 52	0.4672897196261682 0.0032679738562091504
100 16 52 30	0.6188679245283019 0.016339869281045753
100 16 53	1.0 0.0010893246187363835
100 16 81 12	0.13435769162051098 0.026143790849673203
100 16 81 20	0.5745767712905249 0.09694989106753812
100 16 81 39	0.2093826157595451 0.042483660130718956
100 16 81 40	0.13532980342558254 0.07407407407407407
100 16 81 57	0.01412196240256763 0.007625272331154684
100 16 81 79	0.10555555555555556 0.007625272331154684
100 16 108 20	0.5938908362543815 0.05555555555555555
100 16 108 39	0.1729362897092377 0.026143790849673203
100 16 108 40	0.11755599133037466 0.04139433551198257
100 20	0.7015350877192983 0.12091503267973856
100 20 1 66	0.027097370022878493 0.010893246187363835
100 20 1 121	0.6506024096385542 0.0010893246187363835
100 20 15 80	0.759097887037164 0.9466230936819172
100 20 15 102	0.15242165242165243 0.0010893246187363835
100 20 15 121	1.0 0.0010893246187363835
100 20 18	0.0319015659623602 0.05991285403050109
100 20 18 18	0.007167352108044975 0.08061002178649238
100 20 18 27	0.04658234197832259 0.06971677559912855
100 20 18 30	1.8247440345190046e-05 0.002178649237472767
100 20 18 83	0.00845328372805321 0.08278867102396514
100 20 18 92	0.07725303152490637 0.07080610021786492
100 20 18 95	0.16491778744514474 0.659041394335512
100 20 18 110	0.0006679921938800966 0.02178649237472767
100 20 18 117	0.009416956151502853 0.006535947712418301
100 20 19 84	0.04985687514158035 0.0392156862745098
100 20 19 121	0.008879023307436182 0.0032679738562091504
100 20 27	0.21544225802341876 0.058823529411764705
100 20 27 18	0.040198965367270766 0.0718954248366013
100 20 27 27	0.20960270603394596 0.10021786492374728
100 20 27 30	0.0157590051457976 0.0032679738562091504
100 20 27 83	0.039752745338689596 0.07516339869281045
100 20 27 92	0.2692802494976865 0.10239651416122005
100 20 27 95	0.19514530596530902 0.6132897603485838
100 20 30	0.6875 0.010893246187363835
100 20 30 27	0.3390804597701149 0.015250544662309368
100 20 30 30	0.811965811965812 0.0032679738562091504
100 20 30 52	0.5 0.0010893246187363835
100 20 30 92	0.32065217391304346 0.015250544662309368
100 20 30 95	0.22819493829742732 0.032679738562091505
100 20 30 117	0.3710691823899371 0.010893246187363835
100 20 33 98	0.15037014188772363 0.026143790849673203
100 20 34	0.49391553328561205 0.013071895424836602
100 20 34 27	0.5708744710860366 0.007625272331154684
100 20 34 30	0.43931079894644426 0.06535947712418301
100 20 34 52	0.24370771312584574 0.032679738562091505
100 20 34 92	0.7836398838334947 0.007625272331154684
100 20 34 99	0.5439200594152994 0.10348583877995643
100 20 34 121	0.009467455621301775 0.0032679738562091504
100 20 45 92	0.15638766519823788 0.002178649237472767
100 20 45 110	0.04707059375211625 0.08823529411764706
100 20 51	0.035398230088495575 0.0010893246187363835
100 20 51 116	0.01262342207224097 0.017429193899782137
100 20 52	0.0782608695652174 0.0010893246187363835
100 20 52 95	0.2138728323699422 0.0032679738562091504
100 20 52 117	0.5625823451910409 0.011982570806100218
100 20 56 30	0.40476190476190477 0.0032679738562091504
100 20 56 80	1.0 0.0032679738562091504
100 20 56 84	0.021825396825396824 0.0054466230936819175
100 20 56 99	0.7727272727272727 0.0032679738562091504
100 20 56 121	0.9035971223021583 0.011982570806100218
100 20 66 1	0.6920454545454545 0.0032679738562091504
100 20 66 39	0.9516666666666667 0.0032679738562091504
100 20 66 40	0.7516688918558078 0.004357298474945534
100 20 77 12	0.5361119040822152 0.026143790849673203
100 20 77 20	0.427056164145366 0.030501089324618737
100 20 83	0.03160956561726581 0.05991285403050109
100 20 83 18	0.008102688639747746 0.08061002178649238
100 20 83 27	0.0455343689843196 0.06862745098039216
100 20 83 30	1.3628594612440436e-05 0.002178649237472767
100 20 83 83	0.0105376262830497 0.08278867102396514
100 20 83 92	0.07834055143525476 0.06971677559912855
100 20 83 95	0.16793017732948062 0.659041394335512
100 20 85 1	0.0010965928397121058 0.0010893246187363835
100 20 85 12	0.3561871425129044 0.05991285403050109
100 20 85 20	0.7269774551621178 0.1437908496732026
100 20 85 39	0.49577355262646294 0.09477124183006536
100 20 85 40	0.38127184543394854 0.19172113289760348
100 20 85 51	0.006021518523046827 0.0010893246187363835
100 20 85 57	0.009789251088690167 0.00980392156862745
100 20 86 21	0.45665425684244976 0.042483660130718956
100 20 86 30	0.7373491307717861 0.017429193899782137
100 20 86 53	0.629052992429653 0.011982570806100218
100 20 86 61	0.3630445417257253 0.03376906318082789
100 20 92	0.22060960450988287 0.06209150326797386
100 20 92 18	0.04081907503269025 0.0718954248366013
100 20 92 27	0.15512366999734975 0.10130718954248366
100 20 92 30	0.009407927747114903 0.0032679738562091504
100 20 92 83	0.040056545000513616 0.07516339869281045
100 20 92 92	0.1948200431151392 0.10239651416122005
100 20 92 95	0.19887496248916922 0.6132897603485838
100 20 93 28	0.8275862068965517 0.0032679738562091504
100 20 93 30	0.7037037037037037 0.004357298474945534
100 20 95	0.27867004995831735 0.6721132897603486
100 20 95 21	0.7413696165523446 0.017429193899782137
100 20 95 27	0.43309583792419903 0.49564270152505446
100 20 95 28	0.5802815583929657 0.010893246187363835
100 20 95 30	0.8506607171341499 0.12962962962962962
100 20 95 52	0.10833336397926374 0.07625272331154684
100 20 95 53	0.5593132602881546 0.006535947712418301
100 20 95 59	0.06394542090656799 0.0010893246187363835
100 20 95 92	0.4366994555141696 0.4738562091503268
100 20 95 93	0.00592274678111588 0.0010893246187363835
100 20 95 95	0.22955620635278215 0.00980392156862745
100 20 95 99	0.4071655159544691 0.0915032679738562
100 20 95 121	0.0019375427399133803 0.0032679738562091504
100 20 104 20	0.45154261809308 0.030501089324618737
100 20 104 39	0.7667013018764134 0.03594771241830065
100 20 104 40	0.12512250898399216 0.008714596949891068
100 20 105 12	0.013123359580052493 0.002178649237472767
100 20 105 20	0.2454340755566675 0.03376906318082789
100 20 105 40	0.5339525944907111 0.05010893246187364
100 20 108 43	0.800747198007472 0.004357298474945534
100 20 117	0.5121023513139695 0.020697167755991286
100 20 117 30	0.572296865003199 0.044662309368191724
100 20 117 52	0.5585415259959486 0.05119825708061002
100 20 117 99	0.678539626001781 0.037037037037037035
100 20 118 21	0.9143780290791599 0.0032679738562091504
100 20 118 53	0.8944881889763779 0.006535947712418301
100 20 121 30	0.9397590361445783 0.004357298474945534
100 20 121 56	0.9224704336399474 0.004357298474945534
100 20 122 20	0.07706708268330734 0.00980392156862745
100 20 122 57	0.6909003370245547 0.008714596949891068
100 20 126 21	0.42803003963563035 0.023965141612200435
100 20 126 61	0.4678449851592239 0.03594771241830065
100 21	0.6 0.0010893246187363835
100 21 18 18	0.007578825565084106 0.002178649237472767
100 21 27	0.3076923076923077 0.0032679738562091504
100 21 85 20	0.9083698030634574 0.006535947712418301
100 21 85 40	0.5130742049469965 0.006535947712418301
100 21 92	0.35714285714285715 0.004357298474945534
100 21 117	0.8571428571428571 0.002178649237472767
100 22 87 20	0.14740484429065745 0.02505446623093682
100 23 20	0.4666666666666667 0.015250544662309368
100 23 20 92	0.32608695652173914 0.023965141612200435
100 23 20 95	0.2482905982905983 0.5054466230936819
100 23 23 20	0.5564516129032258 0.0196078431372549
100 23 35 80	0.9394863019802863 0.7636165577342048
100 23 39	0.12903225806451613 0.0054466230936819175
100 23 39 30	0.5 0.010893246187363835
100 23 40 52	0.203125 0.008714596949891068
100 23 51 116	0.0019390581717451524 0.013071895424836602
100 23 57 30	0.75 0.0032679738562091504
100 23 88 20	0.5503875968992248 0.0196078431372549
100 24 76 21	0.9918864097363083 0.002178649237472767
100 24 89 12	0.1327798073729658 0.013071895424836602
100 24 89 20	0.5544005861342614 0.06427015250544663
100 24 89 39	0.14776512594979427 0.029411764705882353
100 24 89 40	0.06703997511277025 0.08278867102396514
100 24 89 57	8.783872809521718e-05 0.002178649237472767
100 26 30	1.0 0.002178649237472767
100 26 30 18	0.09366391184573003 0.007625272331154684
100 26 91 20	0.8111888111888111 0.004357298474945534
100 30	0.8333333333333334 0.002178649237472767
100 30 15 80	0.884 0.05337690631808279
100 30 18 18	0.008188726213771388 0.0032679738562091504
100 30 45 110	0.020381613183000868 0.0032679738562091504
100 30 83 18	0.011831594986475895 0.0032679738562091504
100 30 83 83	0.017051043533008237 0.004357298474945534
100 30 85 20	0.955632582322357 0.007625272331154684
100 30 86 21	0.8369565217391305 0.0032679738562091504
100 30 92 92	0.3076152304609218 0.0054466230936819175
100 30 95 30	0.9058823529411765 0.0054466230936819175
100 35 80	0.9456952993900063 0.9989106753812637
100 35 80 18	0.037931888545817666 0.06862745098039216
100 35 80 27	0.7940868943522758 0.5708061002178649
100 35 80 30	0.9437318264402814 0.06318082788671024
100 35 80 33	0.37066984999324293 0.0054466230936819175
100 35 80 34	0.12390438797799098 0.018518518518518517
100 35 80 52	0.011009634198753112 0.02832244008714597
100 35 80 83	0.03785963542624921 0.07080610021786492
100 35 80 92	0.8065830137056313 0.55119825708061
100 35 80 95	0.2871321253355794 0.681917211328976
100 35 80 98	0.4252454780361757 0.0054466230936819175
100 35 80 99	0.4161443097924502 0.034858387799564274
100 35 80 116	0.006505839091607063 0.006535947712418301
100 35 80 117	0.031239274224980948 0.027233115468409588
100 35 100 12	0.09946229307086457 0.042483660130718956
100 35 100 20	0.5509957143017324 0.14161220043572983
100 35 100 21	0.5144827586206897 0.0054466230936819175
100 35 100 30	0.6855365002276521 0.0032679738562091504
100 35 100 39	0.11924868192731927 0.09586056644880174
100 35 100 40	0.09229113824645314 0.16993464052287582
100 35 100 43	0.0016757082825134505 0.0054466230936819175
100 35 100 45	1.1367848912543452e-05 0.004357298474945534
100 35 100 51	0.001871140594793319 0.0010893246187363835
100 35 100 57	0.004155259528649316 0.013071895424836602
100 35 100 79	0.020519552300677077 0.014161220043572984
100 35 102	0.02526315789473684 0.0010893246187363835
100 35 102 30	0.8333333333333334 0.002178649237472767
100 35 103 21	0.7561949426452881 0.016339869281045753
100 35 103 28	0.5046233649075327 0.004357298474945534
100 35 103 30	0.8809186277289481 0.017429193899782137
100 35 103 61	0.12931034482758622 0.0032679738562091504
100 35 121	0.6585365853658537 0.0010893246187363835
100 35 121 34	0.6585365853658537 0.0010893246187363835
100 36 101 20	0.09355431046659447 0.06318082788671024
100 36 101 40	0.01213588985375383 0.03812636165577342
100 37 80	0.9441233140655106 0.5272331154684096
100 37 100 39	0.09675947056138749 0.0457516339869281
100 37 100 45	0.0032258064516129032 0.0010893246187363835
100 37 100 79	0.20588235294117646 0.0010893246187363835
100 37 102 20	0.3414126112478697 0.044662309368191724
100 37 102 40	0.1341221098265896 0.0196078431372549
100 37 111 20	0.05991048433475858 0.044662309368191724
100 37 112 20	0.020833333333333332 0.0010893246187363835
100 39	0.22801604443073126 0.07516339869281045
100 39 15 80	0.8929798475574546 0.8442265795206971
100 39 15 121	1.0 0.0010893246187363835
100 39 18	0.022322302721754454 0.018518518518518517
100 39 18 18	0.024243263531131636 0.04793028322440087
100 39 18 27	0.031628007804032084 0.03159041394335512
100 39 18 83	0.022201489806871613 0.049019607843137254
100 39 18 92	0.042097923430588546 0.034858387799564274
100 39 27	0.5714103707478659 0.10893246187363835
100 39 27 18	0.02887032382078959 0.030501089324618737
100 39 27 27	0.8006954443797678 0.1775599128540305
100 39 27 30	0.8534531162268388 0.016339869281045753
100 39 27 34	0.04950495049504951 0.0032679738562091504
100 39 27 52	0.006823144104803494 0.002178649237472767
100 39 27 83	0.02856724825341088 0.030501089324618737
100 39 27 92	0.7889850652554156 0.1840958605664488
100 39 27 117	0.021556701824620834 0.0032679738562091504
100 39 30	0.5604497150777761 0.07625272331154684
100 39 30 18	0.030722043089877818 0.05010893246187364
100 39 30 27	0.2476789626146476 0.05337690631808279
100 39 30 30	0.3969849246231156 0.008714596949891068
100 39 30 83	0.039710287281093805 0.05119825708061002
100 39 30 92	0.25393284301731456 0.054466230936819175
100 39 30 95	0.23361979196466373 0.6633986928104575
100 39 30 117	0.43891050583657587 0.02287581699346405
100 39 34 52	0.2222222222222222 0.006535947712418301
100 39 34 92	0.2608695652173913 0.0032679738562091504
100 39 45 110	0.02002623181880469 0.049019607843137254
100 39 52	0.2804540420819491 0.0457516339869281
100 39 52 18	0.021855696636925187 0.02832244008714597
100 39 52 27	0.2143015275625415 0.023965141612200435
100 39 52 30	0.1440972222222222 0.006535947712418301
100 39 52 52	0.04896907216494845 0.0010893246187363835
100 39 52 83	0.02737291900239037 0.030501089324618737
100 39 52 92	0.31459975114060557 0.027233115468409588
100 39 52 95	0.05522742701968771 0.017429193899782137
100 39 52 117	0.28013011656275416 0.3093681917211329
100 39 56 30	0.5 0.002178649237472767
100 39 77 12	0.31528907452187294 0.03376906318082789
100 39 77 20	0.5085618958834208 0.04030501089324619
100 39 77 40	0.21875 0.015250544662309368
100 39 83	0.023 0.0196078431372549
100 39 83 18	0.018038148696382504 0.04793028322440087
100 39 83 27	0.03686442549807837 0.03159041394335512
100 39 83 83	0.017727302149564843 0.049019607843137254
100 39 85 12	0.18376722817764166 0.02178649237472767
100 39 85 20	0.455901150404772 0.026143790849673203
100 39 85 39	0.30126277811184604 0.058823529411764705
100 39 85 57	0.012305699481865285 0.006535947712418301
100 39 92	0.6645944345766726 0.1111111111111111
100 39 92 18	0.040452813451341704 0.03159041394335512
100 39 92 27	0.8087399187782417 0.1830065359477124
100 39 92 52	0.007152317880794702 0.004357298474945534
100 39 92 83	0.040208607828304335 0.03159041394335512
100 39 92 92	0.8273481471080376 0.18191721132897604
100 39 92 117	0.0009336196433572963 0.0032679738562091504
100 39 93	0.0006197432492253209 0.0010893246187363835
100 39 93 21	0.7940251572327044 0.008714596949891068
100 39 93 28	0.4546802900461437 0.007625272331154684
100 39 93 30	0.8704323570432357 0.023965141612200435
100 39 95	0.2681924882629108 0.5010893246187363
100 39 95 21	0.43636363636363634 0.0054466230936819175
100 39 95 27	0.46842829978362077 0.38562091503267976
100 39 95 30	0.7937712640669982 0.03376906318082789
100 39 95 99	0.4444444444444444 0.02287581699346405
100 39 99	0.5537377868666212 0.09803921568627451
100 39 99 18	0.022606362931129914 0.05119825708061002
100 39 99 27	0.25422785936804626 0.04357298474945534
100 39 99 30	0.38507109004739337 0.013071895424836602
100 39 99 34	0.4367771025289159 0.016339869281045753
100 39 99 83	0.02266518292014496 0.05228758169934641
100 39 99 92	0.24946455889852115 0.044662309368191724
100 39 99 95	0.18166222207123808 0.6623093681917211
100 39 99 117	0.4736953306570885 0.011982570806100218
100 39 104 20	0.676559362825269 0.09694989106753812
100 39 104 39	0.530322489967625 0.07516339869281045
100 39 104 40	0.31882275634649354 0.09259259259259259
100 39 104 57	0.01814777867362696 0.013071895424836602
100 39 105 20	0.6951705125587094 0.07625272331154684
100 39 105 39	0.4511281633847645 0.054466230936819175
100 39 105 40	0.43463213269903594 0.05664488017429194
100 39 105 57	0.016058263439095007 0.0054466230936819175
100 39 108 20	0.9112903225806451 0.007625272331154684
100 39 117	0.0007619370132069082 0.004357298474945534
100 39 117 30	0.9248327847966875 0.027233115468409588
100 39 117 52	0.4389080521720384 0.02178649237472767
100 39 118 21	0.80440097799511 0.011982570806100218
100 39 118 30	0.8732022307014969 0.018518518518518517
100 39 118 52	0.7831858407079646 0.002178649237472767
100 39 118 53	0.51103663469317 0.013071895424836602
100 39 121	0.005870841487279843 0.0032679738562091504
100 39 121 30	0.8796296296296297 0.004357298474945534
100 39 122 39	0.3609666564698685 0.010893246187363835
100 39 122 57	0.4607996426178244 0.011982570806100218
100 39 126 21	0.46381578947368424 0.02287581699346405
100 39 126 61	0.2598847285478215 0.023965141612200435
100 40	0.16063708759954493 0.15359477124183007
100 40 15 80	0.9398190312076161 0.8681917211328976
100 40 18	0.03490759753593429 0.016339869281045753
100 40 18 18	0.019931006463530146 0.030501089324618737
100 40 18 27	0.058291961845261336 0.023965141612200435
100 40 18 83	0.027286273305156334 0.03159041394335512
100 40 19 84	0.009768009768009768 0.023965141612200435
100 40 27	0.4634920634920635 0.2222222222222222
100 40 27 27	0.8162809283815302 0.32679738562091504
100 40 27 30	0.8501328332551962 0.0196078431372549
100 40 27 52	0.038933333333333334 0.0054466230936819175
100 40 27 83	0.03218056737336806 0.023965141612200435
100 40 27 92	0.8435043338036686 0.3344226579520697
100 40 27 117	0.04318026045236463 0.004357298474945534
100 40 30	0.5898701298701299 0.07625272331154684
100 40 30 18	0.04955232226689569 0.046840958605664486
100 40 30 27	0.3180742614777885 0.0457516339869281
100 40 30 30	0.44625407166123776 0.008714596949891068
100 40 30 34	0.29883886738643306 0.015250544662309368
100 40 30 52	0.0870488322717622 0.0054466230936819175
100 40 30 83	0.0501456603779346 0.046840958605664486
100 40 30 92	0.3182544095205423 0.046840958605664486
100 40 30 95	0.23984580567617025 0.664488017429194
100 40 30 117	0.4167468719923003 0.02178649237472767
100 40 33 98	0.028215767634854772 0.030501089324618737
100 40 45 110	0.01295695558970273 0.03159041394335512
100 40 51 116	0.013333333333333334 0.0010893246187363835
100 40 52	0.2777777777777778 0.044662309368191724
100 40 52 34	0.34376716090060405 0.006535947712418301
100 40 52 95	0.052969224100563504 0.016339869281045753
100 40 52 117	0.3486745735481737 0.3638344226579521
100 40 77 12	0.29881825590872046 0.0392156862745098
100 40 77 20	0.5336563548266865 0.03812636165577342
100 40 77 39	0.3029596830575623 0.007625272331154684
100 40 77 40	0.2043632075471698 0.017429193899782137
100 40 83	0.034482758620689655 0.016339869281045753
100 40 83 18	0.013753470929217552 0.030501089324618737
100 40 83 27	0.03695425420950678 0.023965141612200435
100 40 83 34	0.023809523809523808 0.0054466230936819175
100 40 83 83	0.015735859286684608 0.03159041394335512
100 40 85 12	0.06293706293706294 0.006535947712418301
100 40 85 20	0.12324772905685769 0.02832244008714597
100 40 85 39	0.03507795100222717 0.013071895424836602
100 40 85 40	0.01593625498007968 0.018518518518518517
100 40 86 21	0.06694560669456066 0.00980392156862745
100 40 86 61	0.04923076923076923 0.0054466230936819175
100 40 92	0.5708176530961341 0.2222222222222222
100 40 92 27	0.7882802681189778 0.332244008714597
100 40 92 30	0.8486503354657513 0.026143790849673203
100 40 92 52	0.03937217345038574 0.007625272331154684
100 40 92 92	0.8096480492757911 0.3311546840958606
100 40 93	0.0016416214168455613 0.0010893246187363835
100 40 93 21	0.7759815242494227 0.006535947712418301
100 40 93 28	0.4251253881060425 0.008714596949891068
100 40 93 30	0.8382229673093042 0.02287581699346405
100 40 95	0.012718600953895072 0.007625272331154684
100 40 95 30	0.216289592760181 0.023965141612200435
100 40 99	0.562012142237641 0.09803921568627451
100 40 99 18	0.04020128559272762 0.04139433551198257
100 40 99 27	0.24410443571027512 0.04139433551198257
100 40 99 30	0.46657381615598886 0.013071895424836602
100 40 99 34	0.3664273334983907 0.0196078431372549
100 40 99 52	0.08051948051948052 0.004357298474945534
100 40 99 83	0.04025755942021018 0.04139433551198257
100 40 99 92	0.299146466370775 0.042483660130718956
100 40 99 95	0.20693608106149447 0.5642701525054467
100 40 99 117	0.39328743545611017 0.011982570806100218
100 40 104 20	0.6962385162073149 0.08387799564270153
100 40 104 39	0.470740898627334 0.058823529411764705
100 40 104 40	0.288926914785643 0.07625272331154684
100 40 105 12	0.16027942175220725 0.03159041394335512
100 40 105 20	0.6928623097244937 0.08932461873638345
100 40 105 39	0.3775069127024434 0.06753812636165578
100 40 105 40	0.3427987818465424 0.15468409586056645
100 40 105 57	0.01469205453690644 0.0054466230936819175
100 40 117	0.018241042345276872 0.08823529411764706
100 40 117 30	0.9283582089552239 0.026143790849673203
100 40 117 52	0.41012010238235874 0.02287581699346405
100 40 117 53	0.8414634146341463 0.002178649237472767
100 40 118 20	0.046511627906976744 0.002178649237472767
100 40 118 21	0.8090497737556561 0.00980392156862745
100 40 118 30	0.8707294552169899 0.015250544662309368
100 40 118 53	0.4849151477058454 0.011982570806100218
100 40 121	0.004705882352941176 0.002178649237472767
100 40 122 39	0.26716141001855287 0.006535947712418301
100 40 122 57	0.35823863636363634 0.006535947712418301
100 40 126 21	0.5394234109065648 0.02178649237472767
100 40 126 61	0.31804025826053933 0.020697167755991286
100 41 106 20	0.09736134864402639 0.03812636165577342
100 41 106 40	0.015733333333333332 0.02505446623093682
100 43	0.0015781167806417674 0.0032679738562091504
100 43 21	0.5 0.002178649237472767
100 43 21 18	0.030592734225621414 0.007625272331154684
100 43 30	0.7704918032786885 0.007625272331154684
100 43 30 27	0.2857142857142857 0.017429193899782137
100 43 30 83	0.02764833799316558 0.023965141612200435
100 43 30 92	0.28794642857142855 0.0196078431372549
100 43 81 12	0.11492936235204276 0.014161220043572984
100 43 81 20	0.5455255420801176 0.06209150326797386
100 43 81 39	0.15026122061268107 0.03594771241830065
100 43 81 40	0.09075796378667386 0.05555555555555555
100 43 99	0.6666666666666666 0.002178649237472767
100 43 104 20	0.6829268292682927 0.0032679738562091504
100 43 105 20	0.7631578947368421 0.002178649237472767
100 43 108 20	0.5154884273827005 0.05337690631808279
100 43 108 45	0.0002511511092507325 0.0032679738562091504
100 43 108 79	0.03296703296703297 0.0032679738562091504
100 43 110	0.017558765222316624 0.0457516339869281
100 43 110 18	0.023767135504866182 0.0457516339869281
100 43 110 27	0.04348213490154148 0.04139433551198257
100 43 110 83	0.024292828736554636 0.046840958605664486
100 43 110 92	0.04557133198106829 0.04357298474945534
100 44 1 66	0.0007597821957705458 0.002178649237472767
100 44 20 27	0.24924471299093656 0.020697167755991286
100 44 35 80	0.3871029285509873 0.7287581699346405
100 44 109 20	0.16638749302065886 0.0196078431372549
100 45	0.00035298270384751147 0.0010893246187363835
100 45 14 45	0.008064516129032258 0.0010893246187363835
100 45 14 79	0.0020242914979757085 0.0010893246187363835
100 45 15 80	0.009817671809256662 0.0054466230936819175
100 45 21	1.0 0.0010893246187363835
100 45 28	0.1807465618860511 0.004357298474945534
100 45 28 30	0.4305983960518199 0.018518518518518517
100 45 30	0.3866943866943867 0.014161220043572984
100 45 30 18	0.04774637468024992 0.04357298474945534
100 45 30 27	0.13638853386890634 0.023965141612200435
100 45 30 83	0.048506886050634065 0.044662309368191724
100 45 30 92	0.1479247960269599 0.02832244008714597
100 45 30 95	0.02383252818035427 0.023965141612200435
100 45 30 117	0.31588785046728973 0.0054466230936819175
100 45 52	0.169921875 0.0032679738562091504
100 45 52 30	0.426140231449966 0.011982570806100218
100 45 52 99	0.35251141552511417 0.016339869281045753
100 45 53	0.020689655172413793 0.0010893246187363835
100 45 110 20	0.254073283062873 0.06535947712418301
100 45 110 39	0.0793731476340546 0.023965141612200435
100 45 110 40	0.04598405885959534 0.03376906318082789
100 45 110 45	9.807286814102879e-07 0.0010893246187363835
100 45 110 79	0.0029308323563892145 0.002178649237472767
100 46 102 20	0.029126330782415565 0.020697167755991286
100 46 111 12	0.023188539748108805 0.06318082788671024
100 46 111 20	0.12040312372792081 0.16666666666666666
100 46 111 39	0.032389403898544354 0.11982570806100218
100 46 111 40	0.027440099476686533 0.21568627450980393
100 46 111 45	4.2824024418618856e-05 0.004357298474945534
100 46 111 51	0.0017871646117557272 0.0010893246187363835
100 46 111 57	0.0013784100169972671 0.02287581699346405
100 46 111 79	0.00512529735141289 0.014161220043572984
100 46 111 121	0.0031279091416868366 0.002178649237472767
100 49 114 20	0.1031914284077236 0.027233115468409588
100 49 114 30	0.12027491408934708 0.007625272331154684
100 49 114 40	0.012937656666936201 0.020697167755991286
100 50 20 83	0.0420017873100983 0.014161220043572984
100 50 35 80	0.6943235663862296 0.7254901960784313
100 50 40	0.16129032258064516 0.0032679738562091504
100 50 50 20	0.6226415094339622 0.014161220043572984
100 51	0.04298245614035088 0.0010893246187363835
100 51 15 80	0.39952761627906974 0.06100217864923747
100 51 30	0.3673469387755102 0.006535947712418301
100 51 30 95	0.04100811618966254 0.042483660130718956
100 51 116	0.0034488625952200204 0.029411764705882353
100 51 116 12	0.041956458447902176 0.02832244008714597
100 51 116 18	0.05804311774461028 0.006535947712418301
100 51 116 20	0.15561934166304855 0.10239651416122005
100 51 116 27	0.16360505166475317 0.007625272331154684
100 51 116 30	0.11521603005635567 0.008714596949891068
100 51 116 34	0.024162120031176928 0.0054466230936819175
100 51 116 39	0.031800484307487775 0.02287581699346405
100 51 116 40	0.02080015923566879 0.044662309368191724
100 51 116 51	0.05401995963220453 0.0010893246187363835
100 51 116 57	0.007948243992606284 0.014161220043572984
100 51 116 83	0.05247376311844078 0.006535947712418301
100 51 116 92	0.16718266253869968 0.0054466230936819175
100 51 116 95	0.020943997571710428 0.010893246187363835
100 51 116 117	0.03283018867924528 0.0032679738562091504
100 53 93 30	0.9722222222222222 0.0032679738562091504
100 53 104 20	0.8045454545454546 0.006535947712418301
100 53 105 20	0.8316498316498316 0.004357298474945534
100 53 105 40	0.43953185955786733 0.0010893246187363835
100 57	0.00903954802259887 0.008714596949891068
100 57 15 80	0.6695804195804196 0.7113289760348583
100 57 18 18	0.00994076466331982 0.007625272331154684
100 57 18 83	0.009892079702055913 0.007625272331154684
100 57 27 18	0.0312582085631731 0.008714596949891068
100 57 27 52	0.05 0.0010893246187363835
100 57 30	0.4473684210526316 0.02287581699346405
100 57 30 95	0.13575087624696683 0.5032679738562091
100 57 30 117	0.4548022598870056 0.014161220043572984
100 57 45 110	0.024566048837893498 0.010893246187363835
100 57 52	0.1935483870967742 0.008714596949891068
100 57 77 12	0.050340136054421766 0.006535947712418301
100 57 83 18	0.015101351783032927 0.007625272331154684
100 57 85 39	0.03889789303079417 0.006535947712418301
100 57 95	0.013824884792626729 0.0032679738562091504
100 57 99	0.3387096774193548 0.015250544662309368
100 57 104 20	0.24461269656377402 0.026143790849673203
100 57 104 39	0.15933503836317137 0.006535947712418301
100 57 104 40	0.08656906429026098 0.011982570806100218
100 57 105 20	0.2916666666666667 0.027233115468409588
100 57 105 39	0.10714285714285714 0.007625272331154684
100 57 105 40	0.08498642722906662 0.006535947712418301
100 57 122 12	0.09531502423263329 0.010893246187363835
100 57 122 20	0.4239017640954687 0.049019607843137254
100 57 122 39	0.36634283923534944 0.02178649237472767
100 57 122 40	0.15019011406844107 0.017429193899782137
100 58 18	0.038461538461538464 0.0010893246187363835
100 58 18 83	0.012515337840154149 0.0010893246187363835
100 58 20	0.4880952380952381 0.018518518518518517
100 58 20 95	0.2062196507903709 0.6045751633986928
100 58 20 117	0.27419354838709675 0.004357298474945534
100 58 23 20	0.6666666666666666 0.002178649237472767
100 58 35 80	0.915051235416759 0.7810457516339869
100 58 39 30	0.527027027027027 0.018518518518518517
100 58 40	0.2345679012345679 0.007625272331154684
100 58 51 116	0.004088237799165318 0.013071895424836602
100 58 58 20	0.2 0.002178649237472767
100 58 73 20	0.4666666666666667 0.0054466230936819175
100 58 88 20	0.5 0.002178649237472767
100 58 123 20	0.5639097744360902 0.023965141612200435
100 62 101 20	0.08915365653245687 0.02505446623093682
100 63 128 20	0.6232686980609419 0.0054466230936819175
100 63 128 40	0.05160390516039052 0.0032679738562091504
100 65 28	0.375 0.002178649237472767
100 65 28 52	0.6153846153846154 0.0054466230936819175
100 65 30	0.8 0.0032679738562091504
100 65 52	0.6 0.002178649237472767
100 65 52 30	0.8 0.007625272331154684
100 67 2 12	0.02494802494802495 0.004357298474945534
100 67 2 20	0.5178446466060181 0.02178649237472767
100 67 2 40	0.1111699311805188 0.014161220043572984
100 67 4 20	0.5912408759124088 0.010893246187363835
100 67 21	0.38698010849909587 0.015250544662309368
100 67 21 18	0.030573479363466997 0.034858387799564274
100 67 21 83	0.03343787787677631 0.03594771241830065
100 67 38 80	1.0 0.002178649237472767
100 67 61	0.16703296703296702 0.013071895424836602
100 67 61 18	0.025828866371534046 0.0196078431372549
100 67 61 30	0.14795918367346939 0.015250544662309368
100 67 61 95	0.10078185411117793 0.5915032679738562
100 69 2 20	0.582089552238806 0.011982570806100218
100 69 4 20	0.6902654867256637 0.00980392156862745
100 69 21	0.5 0.00980392156862745
100 69 21 92	0.36864864864864866 0.0196078431372549
100 69 21 95	0.13540051679586562 0.5010893246187363
100 69 61	0.26 0.007625272331154684
100 69 61 18	0.02847571189279732 0.010893246187363835
100 69 61 30	0.3684210526315789 0.014161220043572984
100 69 61 83	0.029950083194675542 0.011982570806100218
100 72 30 83	0.07857142857142857 0.011982570806100218
100 73 8 20	0.9226393629124005 0.015250544662309368
100 73 20	0.6454545454545455 0.015250544662309368
100 73 20 27	0.280040733197556 0.02505446623093682
100 73 20 92	0.29061553985872857 0.02505446623093682
100 73 20 95	0.3134694205577433 0.6339869281045751
100 73 35 80	0.9190642510742015 0.7407407407407407
100 73 40 30	0.6788990825688074 0.016339869281045753
100 73 40 52	0.1044776119402985 0.006535947712418301
100 73 73 20	0.9225512528473804 0.015250544662309368
100 79	0.125 0.0032679738562091504
100 79 14 45	0.034482758620689655 0.0010893246187363835
100 79 14 79	0.1 0.0032679738562091504
100 79 15 80	0.03770949720670391 0.04793028322440087
100 79 28	0.5 0.0032679738562091504
100 79 30	0.7692307692307693 0.006535947712418301
100 79 30 95	0.10990338164251208 0.054466230936819175
100 79 45 110	0.006930693069306931 0.002178649237472767
100 79 53	1.0 0.002178649237472767
100 79 83 83	0.01805985324689044 0.0010893246187363835
100 79 85 20	0.4306569343065693 0.0032679738562091504
100 79 95	0.020833333333333332 0.0010893246187363835
100 79 95 30	0.4 0.0010893246187363835
100 79 110 45	0.0005455537370430987 0.0010893246187363835
100 79 110 79	0.2 0.0010893246187363835
100 88 20	0.47115384615384615 0.015250544662309368
100 88 20 83	0.04607735008304457 0.032679738562091505
100 88 20 95	0.24855614973262033 0.5054466230936819
100 88 23 20	0.56 0.0196078431372549
100 88 35 80	0.9394863019802863 0.7636165577342048
100 88 39 30	0.5040650406504065 0.010893246187363835
100 88 40 52	0.21739130434782608 0.008714596949891068
100 88 51 116	0.0019390581717451524 0.013071895424836602
100 88 57 30	0.75 0.0032679738562091504
100 96 21 95	0.7 0.030501089324618737
100 96 31 20	1.0 0.002178649237472767
100 96 38 80	1.0 0.03376906318082789
100 109 20	0.1554054054054054 0.011982570806100218
100 109 35 80	0.4703774755966823 0.7265795206971678
100 109 44 20	0.24452234881682736 0.018518518518518517
100 115 20	0.40540540540540543 0.008714596949891068
100 115 35 80	0.6943235663862296 0.7254901960784313
100 115 40	0.1875 0.0032679738562091504
100 121	0.03571428571428571 0.0010893246187363835
100 121 30	0.43478260869565216 0.0032679738562091504
100 121 30 92	0.2564102564102564 0.00980392156862745
100 123 16 30	1.0 0.002178649237472767
100 123 20	0.7391304347826086 0.016339869281045753
100 123 35 80	0.9356587213389881 0.7810457516339869
100 123 39 30	0.45871559633027525 0.015250544662309368
102	0.07692307692307693 0.0010893246187363835
102 20 15 80	0.0033112582781456954 0.0010893246187363835
102 20 18 95	7.456565505927969e-05 0.0010893246187363835
102 20 34 30	0.047619047619047616 0.0010893246187363835
102 20 34 99	0.030303030303030304 0.0010893246187363835
102 20 83 95	7.481110196753198e-05 0.0010893246187363835
102 20 95 30	0.004207573632538569 0.002178649237472767
102 20 95 99	0.024390243902439025 0.0010893246187363835
102 20 117 30	0.047619047619047616 0.0010893246187363835
102 20 117 99	0.06666666666666667 0.0010893246187363835
102 30	1.0 0.0010893246187363835
102 30 15 80	1.0 0.014161220043572984
102 30 18 18	0.08036729561606189 0.007625272331154684
102 30 45 110	0.07554945054945054 0.008714596949891068
102 30 83 83	0.06190501754212689 0.007625272331154684
102 30 92 18	0.06770833333333333 0.0032679738562091504
102 35 80	0.7142857142857143 0.5272331154684096
102 35 80 95	0.16256830601092895 0.5174291938997821
102 35 100 45	0.002506265664160401 0.0010893246187363835
102 35 100 79	0.24242424242424243 0.002178649237472767
102 37 80	1.0 0.5773420479302832
102 37 80 95	0.33219877467665077 0.528322440087146
102 37 100 12	0.09210526315789473 0.017429193899782137
102 37 100 20	0.49801499779444197 0.02832244008714597
102 37 100 40	0.0835427135678392 0.1056644880174292
102 37 100 45	0.0033065658951346244 0.0010893246187363835
102 37 100 79	0.28 0.0010893246187363835
102 37 102	0.014778325123152709 0.0010893246187363835
102 40 30	0.1 0.0010893246187363835
102 40 99	0.0625 0.0010893246187363835
102 40 104 20	0.005836575875486381 0.0032679738562091504
102 40 105 20	0.006385696040868455 0.0032679738562091504
102 46 111 12	0.010005885815185403 0.008714596949891068
102 46 111 20	0.020049727556472517 0.014161220043572984
102 46 111 45	0.0011814124442110791 0.0010893246187363835
102 46 111 79	0.055900621118012424 0.0010893246187363835
103 2 35 80	1.0 0.002178649237472767
103 2 67 61	0.13333333333333333 0.0010893246187363835
103 2 69 61	0.25 0.0010893246187363835
103 4 35 80	1.0 0.002178649237472767
103 10 30	1.0 0.002178649237472767
103 11 89 20	0.5413533834586466 0.011982570806100218
103 21	0.7777777777777778 0.010893246187363835
103 21 15 80	0.9596 0.7374727668845316
103 21 18 18	0.01810673649939485 0.026143790849673203
103 21 18 27	0.02776891158633897 0.017429193899782137
103 21 18 83	0.018616488498028577 0.026143790849673203
103 21 34 99	0.5740740740740741 0.0196078431372549
103 21 45 110	0.03593827775012444 0.027233115468409588
103 21 83	0.03146853146853147 0.013071895424836602
103 21 83 18	0.012971354169379709 0.026143790849673203
103 21 83 83	0.015390997455599202 0.026143790849673203
103 21 83 92	0.03718500307314075 0.018518518518518517
103 21 85 20	0.6736744949235975 0.030501089324618737
103 21 86 21	0.45360262008733626 0.014161220043572984
103 21 92 18	0.028277634961439587 0.010893246187363835
103 21 92 92	0.24285714285714285 0.018518518518518517
103 21 95	0.07015590200445435 0.04793028322440087
103 21 95 30	0.6825980392156863 0.03376906318082789
103 21 104 39	0.7575757575757576 0.008714596949891068
103 21 105 20	0.2222222222222222 0.0054466230936819175
103 21 105 40	0.5161290322580645 0.00980392156862745
103 21 122 57	0.7857142857142857 0.004357298474945534
103 21 126 61	0.5550847457627118 0.008714596949891068
103 28	0.46153846153846156 0.004357298474945534
103 28 15 80	1.0 0.1895424836601307
103 28 27 27	0.2222222222222222 0.002178649237472767
103 28 30	0.3225806451612903 0.006535947712418301
103 28 98	1.0 0.0010893246187363835
103 28 104 20	0.5977351058591827 0.011982570806100218
103 28 104 39	0.6484230055658627 0.004357298474945534
103 28 105 20	0.637065637065637 0.010893246187363835
103 28 105 40	0.47186932849364793 0.0032679738562091504
103 28 117	0.027777777777777776 0.002178649237472767
103 30	0.9333333333333333 0.010893246187363835
103 30 15 80	0.6463254593175853 0.7145969498910676
103 30 18 18	0.03407106818582113 0.014161220043572984
103 30 18 27	0.01714474118034949 0.008714596949891068
103 30 18 83	0.032130900747773174 0.014161220043572984
103 30 18 95	0.012874615549674558 0.09803921568627451
103 30 27 18	0.03089887640449438 0.011982570806100218
103 30 27 27	0.2781065088757396 0.0196078431372549
103 30 27 83	0.031098546042003232 0.011982570806100218
103 30 27 92	0.3192090395480226 0.02178649237472767
103 30 33	0.2 0.0010893246187363835
103 30 34 99	0.7346938775510204 0.020697167755991286
103 30 45 110	0.03254266705235753 0.013071895424836602
103 30 66 40	1.0 0.0010893246187363835
103 30 77 12	0.7708333333333334 0.0054466230936819175
103 30 83 18	0.04653984824755692 0.014161220043572984
103 30 83 27	0.021967526265520534 0.008714596949891068
103 30 83 83	0.0454845446839542 0.014161220043572984
103 30 85 12	0.4930232558139535 0.008714596949891068
103 30 85 20	0.923406720741599 0.029411764705882353
103 30 85 39	0.6302131603336423 0.016339869281045753
103 30 85 40	0.4735714285714286 0.017429193899782137
103 30 86 21	0.6794310722100656 0.010893246187363835
103 30 92 92	0.2823529411764706 0.0196078431372549
103 30 95	0.06160458452722063 0.020697167755991286
103 30 95 30	0.7890148212728858 0.03594771241830065
103 30 105 40	0.8048780487804879 0.008714596949891068
103 30 126 61	0.704225352112676 0.006535947712418301
103 31 20	0.875 0.002178649237472767
103 31 20 27	0.13953488372093023 0.0010893246187363835
103 31 20 92	0.1590909090909091 0.002178649237472767
103 31 35 80	1.0 0.03376906318082789
103 31 40	0.14285714285714285 0.0010893246187363835
103 38 80	0.8449034879783272 0.8278867102396514
103 38 80 27	0.6757586179528559 0.5108932461873639
103 38 80 34	0.11604584527220631 0.010893246187363835
103 38 80 92	0.6842533127388017 0.49019607843137253
103 38 80 99	0.4576271186440678 0.017429193899782137
103 38 100 12	0.09830184166467353 0.032679738562091505
103 38 100 20	0.550379642930433 0.06535947712418301
103 38 100 39	0.15983813859382903 0.07516339869281045
103 38 100 40	0.07728726129277298 0.14161220043572983
103 38 100 79	0.10236220472440945 0.004357298474945534
103 38 103 30	0.797752808988764 0.010893246187363835
103 61	0.2857142857142857 0.002178649237472767
103 61 27	0.2 0.002178649237472767
103 61 99 95	0.7567567567567568 0.030501089324618737
103 61 104 39	0.24864864864864866 0.002178649237472767
103 61 104 40	0.2682926829268293 0.007625272331154684
103 61 105 20	0.6527777777777778 0.0010893246187363835
103 61 105 39	0.31666666666666665 0.004357298474945534
103 61 105 40	0.3128834355828221 0.002178649237472767
103 61 117 30	1.0 0.0010893246187363835
103 61 118 21	1.0 0.0010893246187363835
103 61 118 30	1.0 0.0010893246187363835
103 108 20	0.9090909090909091 0.0054466230936819175
116 35 80	0.0021008403361344537 0.0010893246187363835
116 46 111 20	0.0006242197253433209 0.002178649237472767
116 51 80	1.0 0.007625272331154684
116 51 100 20	0.40425531914893614 0.002178649237472767
121	1.0 0.0010893246187363835
121 1 66	0.2 0.0010893246187363835
121 15 80	1.0 0.0032679738562091504
121 15 100 20	1.0 0.0010893246187363835
121 15 121	1.0 0.0010893246187363835
121 18 18	0.05111092835622399 0.0010893246187363835
121 18 18 18	0.032842537566704355 0.0010893246187363835
121 18 18 27	0.007103787702565406 0.0010893246187363835
121 18 18 34	0.06353009734679448 0.0010893246187363835
121 18 18 83	0.03253781735693545 0.0010893246187363835
121 18 18 95	0.0018336680972060547 0.0010893246187363835
121 18 27	0.012295081967213115 0.0010893246187363835
121 18 27 18	0.037067377694700566 0.0010893246187363835
121 18 27 83	0.036425104967959546 0.0010893246187363835
121 18 45 110	0.008899524103998064 0.0010893246187363835
121 18 83	0.05057578835831024 0.0010893246187363835
121 18 83 18	0.03944761990499173 0.0010893246187363835
121 18 83 27	0.0038002787828572333 0.0010893246187363835
121 18 83 34	0.06347660850774484 0.0010893246187363835
121 18 83 83	0.039646603507469645 0.0010893246187363835
121 18 83 95	0.0018221309629692006 0.0010893246187363835
121 18 92	0.010676156583629894 0.0010893246187363835
121 18 92 18	0.03662134272456567 0.0010893246187363835
121 18 92 83	0.03578411425118425 0.0010893246187363835
121 27 18	0.1111111111111111 0.0010893246187363835
121 27 27	0.3333333333333333 0.0010893246187363835
121 27 45 110	0.011419249592169658 0.0010893246187363835
121 27 83	0.1111111111111111 0.0010893246187363835
121 27 83 18	0.016578592891928298 0.0010893246187363835
121 27 92	0.3333333333333333 0.0010893246187363835
121 27 92 34	0.5 0.0010893246187363835
121 34	1.0 0.0010893246187363835
121 34 15 80	1.0 0.0032679738562091504
121 34 99	1.0 0.0010893246187363835
121 45 110	0.012012012012012012 0.0010893246187363835
121 45 110 18	0.028459943488434444 0.0010893246187363835
121 45 110 34	0.022284122562674095 0.0010893246187363835
121 45 110 83	0.027583779842687128 0.0010893246187363835
121 45 110 92	0.0017148981779206859 0.0010893246187363835
121 56 80	1.0 0.0032679738562091504
121 56 100 20	1.0 0.0010893246187363835
121 56 121	1.0 0.0010893246187363835
121 83 18	0.0570469494418892 0.0010893246187363835
121 83 18 18	0.038645137745149584 0.0010893246187363835
121 83 18 27	0.012100438067513873 0.0010893246187363835
121 83 18 34	0.07306518583681548 0.0010893246187363835
121 83 18 83	0.03528600144928186 0.0010893246187363835
121 83 18 92	0.010062288813050912 0.0010893246187363835
121 83 18 95	0.0018962096299843308 0.0010893246187363835
121 83 27	0.028112449799196786 0.0010893246187363835
121 83 27 18	0.025615975905671315 0.0010893246187363835
121 83 27 27	0.024173027989821884 0.0010893246187363835
121 83 27 83	0.025498086347312137 0.0010893246187363835
121 83 27 95	0.001589464123524069 0.0010893246187363835
121 83 45 110	0.008899524103998064 0.0010893246187363835
121 83 83	0.05623410840465948 0.0010893246187363835
121 83 83 18	0.034470471588309334 0.0010893246187363835
121 83 83 34	0.07330990264249525 0.0010893246187363835
121 83 83 83	0.03472539557008145 0.0010893246187363835
121 83 83 95	0.0018904019236743615 0.0010893246187363835
121 83 92	0.012987012987012988 0.0010893246187363835
121 83 92 18	0.025460274487725656 0.0010893246187363835
121 83 92 83	0.025348830322933592 0.0010893246187363835
121 85 20	1.0 0.0010893246187363835
121 85 20 95	1.0 0.0010893246187363835
121 85 35 80	1.0 0.0032679738562091504
121 85 35 121	1.0 0.0010893246187363835
121 85 39	0.7142857142857143 0.0010893246187363835
121 85 40	1.0 0.0010893246187363835
121 85 40 99	1.0 0.0010893246187363835
121 85 57	1.0 0.0010893246187363835
121 92 18	0.1111111111111111 0.0010893246187363835
121 92 27	0.3333333333333333 0.0010893246187363835
121 92 83	0.1111111111111111 0.0010893246187363835
121 92 83 18	0.016578592891928298 0.0010893246187363835
121 92 92	0.3333333333333333 0.0010893246187363835
121 95	1.0 0.0010893246187363835
121 95 30	1.0 0.0010893246187363835
121 95 30 34	1.0 0.0010893246187363835
121 95 99	1.0 0.0010893246187363835
121 95 104 20	1.0 0.0010893246187363835
121 95 105 40	1.0 0.0010893246187363835
