76 11 89	1.0 0.1246814350127426
76 21 15 100	0.06376735997913542 0.09586355616545775
76 21 34 104	0.047619047619047616 0.00019603999215840032
76 21 85	0.1694915254237288 0.00607723975691041
76 21 95 104	0.09892729439809297 0.016663399333464026
76 21 95 105	0.057624113475177305 0.01293863948245442
76 21 95 108	0.8421052631578947 0.003136639874534405
76 28 15 100	0.0018264840182648401 0.00039207998431680063
76 28 30 77	0.2 0.00019603999215840032
76 28 30 85	0.0008680555555555555 0.00019603999215840032
76 28 52 77	0.2 0.00019603999215840032
76 28 52 85	0.0008904719501335708 0.00019603999215840032
76 28 77	0.038461538461538464 0.00019603999215840032
76 28 99 77	0.2 0.00019603999215840032
76 28 99 85	0.0008424599831508003 0.00019603999215840032
76 28 104	0.0017452006980802793 0.00019603999215840032
76 28 117 81	0.017241379310344827 0.00019603999215840032
76 30 15 100	0.0017528483786152498 0.00039207998431680063
76 30 18 85	6.778282383244086e-05 0.00019603999215840032
76 30 34 77	0.03333333333333333 0.00019603999215840032
76 30 34 104	0.003367003367003367 0.00039207998431680063
76 30 77	0.2 0.00019603999215840032
76 30 83 85	6.777363605557438e-05 0.00019603999215840032
76 30 85	0.001635322976287817 0.00039207998431680063
76 30 95 77	0.03571428571428571 0.00019603999215840032
76 30 95 81	0.009900990099009901 0.00019603999215840032
76 30 95 104	0.0016025641025641025 0.00019603999215840032
76 30 95 105	0.0024875621890547263 0.00019603999215840032
76 30 117 77	0.038461538461538464 0.00019603999215840032
76 30 117 104	0.0017452006980802793 0.00019603999215840032
76 38 80 77	0.034482758620689655 0.00019603999215840032
76 38 80 85	0.02320335159523042 0.007253479709860812
76 38 80 104	0.0034602076124567475 0.000588119976475201
76 38 100	0.05599270156232181 0.09625563614977456
89	1.0 1.0
89 1 15 100	0.17345132743362832 0.03783571848657126
89 1 34 104	0.16276595744680852 0.029994118800235246
89 1 66	0.04105416032021537 0.03528719858851206
89 1 66 8	0.01735357917570499 0.000588119976475201
89 1 66 23	0.0684931506849315 0.002352479905900804
89 1 66 44	0.02806122448979592 0.0009801999607920015
89 1 66 58	0.017482517482517484 0.001176239952950402
89 1 66 73	0.020050125313283207 0.000588119976475201
89 1 66 85	0.05433579335793358 0.04214859831405607
89 1 66 88	0.07822685788787484 0.002352479905900804
89 1 66 105	0.039735099337748346 0.00039207998431680063
89 1 66 109	0.011797752808988765 0.001176239952950402
89 1 85	0.03747418117438772 0.02489707900411684
89 1 95 81	0.15822784810126583 0.004312879827484807
89 1 95 104	0.22373806275579808 0.03215055871397765
89 1 121 85	0.059490084985835696 0.003920799843168006
89 6 71	0.02849804639471024 0.02528915898843364
89 6 71 8	0.0182648401826484 0.000588119976475201
89 6 71 44	0.01762313601446001 0.0009801999607920015
89 6 71 73	0.0186219739292365 0.000588119976475201
89 6 71 115	0.09538461538461539 0.0007841599686336013
89 6 87 2	0.1206896551724138 0.0017643599294256027
89 8	0.40336134453781514 0.007449519702019212
89 8 1 66	0.13068181818181818 0.0017643599294256027
89 8 6 71	0.005201560468140442 0.0015683199372672025
89 8 8	0.70703125 0.015487159380513624
89 8 8 8	0.6657303370786517 0.008429719662811214
89 8 8 23	0.10638297872340426 0.000588119976475201
89 8 8 73	0.7342995169082126 0.009017839639286415
89 8 8 88	0.1276595744680851 0.0007841599686336013
89 8 8 123	0.6216216216216216 0.001960399921584003
89 8 16 81	0.16521233275159977 0.01803567927857283
89 8 20 85	0.02118531857422806 0.060968437561262495
89 8 22 87	0.030303030303030304 0.00019603999215840032
89 8 22 116	0.002583979328165375 0.00019603999215840032
89 8 23	0.2727272727272727 0.000588119976475201
89 8 23 23	0.45454545454545453 0.0009801999607920015
89 8 24 89	0.7745473537604457 0.5659674573613017
89 8 35 100	0.022123064369700334 0.33013134679474615
89 8 36 101	0.014996471418489768 0.011762399529504019
89 8 39 104	0.1743858236004833 0.04940207802391688
89 8 39 105	0.05355493998153278 0.011174279553028818
89 8 40 104	0.04031209362808843 0.00646931974122721
89 8 40 105	0.061003861003861 0.012742599490296021
89 8 45 108	0.25 0.00019603999215840032
89 8 45 110	0.09418468241997653 0.05136247794550088
89 8 46 111	0.021773129225992872 0.5253871789845128
89 8 51 87	0.030303030303030304 0.00019603999215840032
89 8 51 116	0.045504300234558245 0.015879239364830426
89 8 57 122	0.07936507936507936 0.003920799843168006
89 8 58 123	0.8947368421052632 0.0007841599686336013
89 8 73	0.7927631578947368 0.015879239364830426
89 8 73 8	0.6280667320902846 0.009017839639286415
89 8 73 23	0.17647058823529413 0.000588119976475201
89 8 73 73	0.7364787111622555 0.009017839639286415
89 8 73 123	0.4 0.0017643599294256027
89 8 88	0.3333333333333333 0.0007841599686336013
89 8 88 23	0.4166666666666667 0.0009801999607920015
89 8 88 88	0.45454545454545453 0.0009801999607920015
89 8 123	0.6842105263157895 0.001960399921584003
89 8 123 23	0.9333333333333333 0.0007841599686336013
89 8 123 58	0.5681818181818182 0.003136639874534405
89 10 28 77	0.009523809523809525 0.001176239952950402
89 10 28 104	0.007792713812585233 0.0035287198588512055
89 10 28 105	0.004521963824289405 0.0021564399137424034
89 10 30 85	0.013556618819776715 0.0033326798666928055
89 10 30 122	1.0 0.00019603999215840032
89 10 32 75	0.0018511662347278786 0.00039207998431680063
89 10 53 104	0.011650485436893204 0.002548519898059204
89 10 53 105	0.01390134529147982 0.003724759851009606
89 10 75	0.03547794117647059 0.010390119584395216
89 10 75 73	0.005952380952380952 0.00019603999215840032
89 10 97 75	0.004340277777777778 0.0009801999607920015
89 12 15 100	0.028387225038696944 0.1227210350911586
89 12 18 77	0.012232415902140673 0.000588119976475201
89 12 18 85	0.0006806648113524552 0.010978239560870417
89 12 27 77	0.10328638497652583 0.002548519898059204
89 12 27 85	0.0024592944369063773 0.005489119780435208
89 12 27 105	0.04804560260586319 0.008821799647128014
89 12 30 77	0.03977272727272727 0.00039207998431680063
89 12 30 85	0.04787044303345937 0.08762987649480494
89 12 34 77	0.021806853582554516 0.001372279945108802
89 12 34 104	0.06158705092775365 0.03058223877671045
89 12 34 105	0.014735980352026197 0.007057439717702411
89 12 45 108	0.009283819628647215 0.000588119976475201
89 12 52 77	0.05517241379310345 0.000588119976475201
89 12 52 85	0.05735838314830629 0.027445598902176044
89 12 77	0.16658954187875982 0.03332679866692805
89 12 77 23	0.24855491329479767 0.001960399921584003
89 12 77 44	0.06696428571428571 0.0015683199372672025
89 12 77 88	0.25748502994011974 0.001960399921584003
89 12 77 109	0.052109181141439205 0.001176239952950402
89 12 83 77	0.012195121951219513 0.000588119976475201
89 12 83 85	0.000674372150991071 0.010978239560870417
89 12 85	0.013880965963110857 0.028621838855126445
89 12 85 44	0.005813953488372093 0.00019603999215840032
89 12 85 109	0.01466275659824047 0.0007841599686336013
89 12 85 123	0.027472527472527472 0.000588119976475201
89 12 86 108	0.005128205128205128 0.00019603999215840032
89 12 92 77	0.10784313725490197 0.0021564399137424034
89 12 92 85	0.002526103065005052 0.005685159772593609
89 12 92 105	0.046235138705416116 0.007057439717702411
89 12 93 14	0.10606060606060606 0.00039207998431680063
89 12 93 75	0.003418803418803419 0.001176239952950402
89 12 93 110	0.0563488016318205 0.009801999607920015
89 12 95 56	0.14634146341463414 0.001176239952950402
89 12 95 77	0.04375 0.001372279945108802
89 12 95 81	0.06766917293233082 0.004704959811801608
89 12 95 104	0.0868421052631579 0.03234659870613605
89 12 95 105	0.021925133689839574 0.008037639678494413
89 12 95 108	0.029411764705882353 0.0017643599294256027
89 12 95 110	0.03130590339892665 0.006665359733385611
89 12 99 77	0.029914529914529916 0.00039207998431680063
89 12 99 85	0.03066010083245398 0.055283277788668886
89 12 104	0.10101824042194711 0.08057243677710253
89 12 104 23	0.15602836879432624 0.001176239952950402
89 12 104 58	0.08860759493670886 0.000588119976475201
89 12 104 88	0.16541353383458646 0.001176239952950402
89 12 104 109	0.027989821882951654 0.001176239952950402
89 12 105	0.04029032735890979 0.04900999803960008
89 12 105 58	0.019230769230769232 0.0007841599686336013
89 12 105 123	0.15204678362573099 0.003136639874534405
89 12 117 56	0.4696969696969697 0.0015683199372672025
89 12 117 77	0.07272727272727272 0.0015683199372672025
89 12 117 81	0.13695871097683787 0.005097039796118408
89 12 117 104	0.10881174899866489 0.03195451872181925
89 12 117 110	0.043188137164040775 0.010194079592236817
89 12 118 75	0.012526096033402923 0.000588119976475201
89 12 122	0.06829268292682927 0.0015683199372672025
89 12 122 23	0.5714285714285714 0.00019603999215840032
89 12 122 88	0.8 0.00019603999215840032
89 12 126 2	0.01797937391621794 0.011370319545187219
89 16 28 104	0.2474825716498838 0.03509115859635366
89 16 28 105	0.0868038133467135 0.013134679474612821
89 16 30 77	0.1134453781512605 0.000588119976475201
89 16 30 85	0.07037796787709497 0.04606939815722407
89 16 33 108	0.016666666666666666 0.00039207998431680063
89 16 52 77	0.14895947426067907 0.003920799843168006
89 16 52 104	0.19174553731879718 0.04783375808664968
89 16 52 105	0.07483917731267554 0.023524799059008037
89 16 53 104	0.003205128205128205 0.00019603999215840032
89 16 81	0.10491702683954965 0.3146441874142325
89 16 81 8	0.10142283838015323 0.003724759851009606
89 16 81 23	0.072992700729927 0.00607723975691041
89 16 81 44	0.01077023498694517 0.0015683199372672025
89 16 81 50	0.022727272727272728 0.001372279945108802
89 16 81 58	0.10517435320584927 0.005685159772593609
89 16 81 73	0.1301498127340824 0.003724759851009606
89 16 81 88	0.08065366367949393 0.00627327974906881
89 16 81 109	0.012048192771084338 0.0015683199372672025
89 16 81 115	0.04285714285714286 0.0015683199372672025
89 16 81 123	0.17695248498088476 0.009605959615761616
89 16 98 81	0.01633605600933489 0.00039207998431680063
89 16 108	0.046235944349151896 0.05195059792197608
89 16 108 23	0.03764320785597381 0.001372279945108802
89 16 108 44	0.023138832997987926 0.001372279945108802
89 16 108 58	0.0642570281124498 0.000588119976475201
89 16 108 88	0.03639240506329114 0.001372279945108802
89 16 108 109	0.003367003367003367 0.00039207998431680063
89 16 108 123	0.17891373801916932 0.001372279945108802
89 20 1 66	0.07465461151717437 0.013134679474612821
89 20 14	0.19047619047619047 0.00019603999215840032
89 20 15 100	0.02183385413164514 0.3685551852577926
89 20 18 14	0.00027739251040221914 0.00019603999215840032
89 20 18 77	0.013133155415764968 0.0017643599294256027
89 20 18 85	0.014502316170849445 0.09057047637718095
89 20 18 104	0.00028378424002854265 0.0009801999607920015
89 20 18 105	0.008654594106848377 0.00039207998431680063
89 20 27 77	0.0563150022609482 0.0009801999607920015
89 20 27 85	0.04205163625526402 0.09096255636149775
89 20 27 105	0.04031670699903672 0.000588119976475201
89 20 30 85	0.014070006863417982 0.007645559694177613
89 20 34 77	0.04230878129676819 0.003724759851009606
89 20 34 104	0.09988572655668806 0.0613605175455793
89 20 34 105	0.031071497806691283 0.032934718682611254
89 20 34 122	0.0012385434728758979 0.00019603999215840032
89 20 45 108	0.001949317738791423 0.002548519898059204
89 20 51 116	0.015723270440251572 0.001960399921584003
89 20 56 66	0.07567567567567568 0.0015683199372672025
89 20 56 100	0.07407407407407407 0.00039207998431680063
89 20 66	0.3638968481375358 0.00039207998431680063
89 20 77	0.023510466988727857 0.0017643599294256027
89 20 77 23	0.06666666666666667 0.00019603999215840032
89 20 77 44	0.013013013013013013 0.00039207998431680063
89 20 83 14	0.00027739251040221914 0.00019603999215840032
89 20 83 77	0.01330902440444456 0.0017643599294256027
89 20 83 85	0.01456721960825864 0.09057047637718095
89 20 83 104	0.0002848984579756453 0.0009801999607920015
89 20 83 105	0.008693416803469866 0.00039207998431680063
89 20 85	0.04201499899190645 0.28445402862183883
89 20 85 8	0.01585892417577983 0.0033326798666928055
89 20 85 23	0.03268303621482229 0.005881199764752009
89 20 85 43	0.0002835992800050932 0.00019603999215840032
89 20 85 44	0.0016701623553173309 0.001372279945108802
89 20 85 50	0.006375808361417251 0.0017643599294256027
89 20 85 58	0.029231898238747552 0.004508919819643208
89 20 85 73	0.018820036394981324 0.0033326798666928055
89 20 85 88	0.03542565473658626 0.005881199764752009
89 20 85 109	0.010665036342639767 0.0021564399137424034
89 20 85 115	0.006572769953051643 0.0017643599294256027
89 20 85 123	0.0519559902200489 0.005685159772593609
89 20 86 2	0.0008499693271938447 0.005881199764752009
89 20 86 4	0.0026181274155342225 0.0007841599686336013
89 20 86 14	0.0625 0.00039207998431680063
89 20 86 108	0.0031446540880503146 0.0007841599686336013
89 20 92 77	0.05942848747520752 0.0009801999607920015
89 20 92 85	0.04332110980969394 0.09429523622819055
89 20 95 14	0.1206060606060606 0.0009801999607920015
89 20 95 56	0.10250278973377969 0.0017643599294256027
89 20 95 75	0.002459490740740741 0.00039207998431680063
89 20 95 77	0.07343231313610331 0.007645559694177613
89 20 95 81	0.10185389887250103 0.007449519702019212
89 20 95 85	0.010721757322175732 0.0007841599686336013
89 20 95 91	0.005154639175257732 0.00019603999215840032
89 20 95 104	0.08656986839125293 0.10488139580474416
89 20 95 105	0.04338510290221606 0.10292099588316017
89 20 95 108	0.06398164669895488 0.00627327974906881
89 20 95 110	0.04968515577944478 0.013722799451088022
89 20 95 116	0.015507632662951297 0.003724759851009606
89 20 95 122	0.03640284119736174 0.0021564399137424034
89 20 95 128	0.14285714285714285 0.00039207998431680063
89 20 104	0.0030328559393428814 0.00039207998431680063
89 20 105	0.020766258853831293 0.000588119976475201
89 20 117 77	0.14588235294117646 0.0017643599294256027
89 20 117 104	0.20225776105362184 0.04195255832189767
89 20 117 105	0.07487093746333451 0.01744755930209763
89 20 117 122	0.007564296520423601 0.00019603999215840032
89 20 122	0.02446043165467626 0.00039207998431680063
89 20 122 123	0.38235294117647056 0.00019603999215840032
89 22 87	0.11378205128205128 0.004900999803960008
89 22 87 8	0.038461538461538464 0.00019603999215840032
89 22 87 23	0.05263157894736842 0.00019603999215840032
89 22 87 73	0.038461538461538464 0.00019603999215840032
89 22 87 88	0.058823529411764705 0.00019603999215840032
89 22 116	0.00516795865633075 0.0007841599686336013
89 22 116 8	0.07142857142857142 0.00019603999215840032
89 22 116 23	0.017857142857142856 0.00019603999215840032
89 22 116 73	0.08333333333333333 0.00019603999215840032
89 22 116 88	0.019230769230769232 0.00019603999215840032
89 22 116 109	0.01948051948051948 0.00019603999215840032
89 23	0.4782608695652174 0.010782199568712018
89 23 1 66	0.10600706713780919 0.007645559694177613
89 23 8	0.42857142857142855 0.000588119976475201
89 23 8 73	0.6153846153846154 0.0007841599686336013
89 23 10 75	0.023668639053254437 0.0015683199372672025
89 23 12 77	0.12738853503184713 0.004704959811801608
89 23 12 104	0.08279483037156704 0.03646343854146246
89 23 12 105	0.03210795718939041 0.01215447951382082
89 23 16 81	0.07678983833718245 0.01901587923936483
89 23 20 85	0.02477372200739387 0.06449715742011371
89 23 22 87	0.019230769230769232 0.00019603999215840032
89 23 22 116	0.007751937984496124 0.000588119976475201
89 23 23	0.9243697478991597 0.020976279160948835
89 23 23 8	0.3333333333333333 0.0009801999607920015
89 23 23 23	0.4628099173553719 0.010586159576553617
89 23 23 58	0.4583333333333333 0.001176239952950402
89 23 23 73	0.35714285714285715 0.0009801999607920015
89 23 23 88	0.4444444444444444 0.010586159576553617
89 23 23 109	0.1 0.00039207998431680063
89 23 23 123	0.5 0.0009801999607920015
89 23 24 89	0.8540879886213154 0.5124485395020584
89 23 24 110	0.2916666666666667 0.000588119976475201
89 23 35 100	0.025957725126367168 0.3105273475789061
89 23 36 101	0.023393636930754833 0.014702999411880023
89 23 37 102	0.017421602787456445 0.0029405998823760046
89 23 37 111	0.044897959183673466 0.00646931974122721
89 23 39 77	0.10328638497652583 0.002352479905900804
89 23 39 104	0.15905301767255753 0.04626543814938247
89 23 39 105	0.04703753957485301 0.01215447951382082
89 23 39 122	0.2391304347826087 0.001176239952950402
89 23 40 77	0.08076923076923077 0.002548519898059204
89 23 40 104	0.0989492119089317 0.037051558517937656
89 23 40 105	0.04870557261956999 0.01744755930209763
89 23 43 81	0.06182795698924731 0.003724759851009606
89 23 43 108	0.059548254620123205 0.004312879827484807
89 23 44 109	0.12745098039215685 0.0007841599686336013
89 23 45 110	0.09403708034073827 0.05841991766320329
89 23 46 111	0.018783629065468353 0.4557929817682807
89 23 51 87	0.005025125628140704 0.00019603999215840032
89 23 51 116	0.046318607764390896 0.020388159184473634
89 23 57 104	0.36585365853658536 0.0029405998823760046
89 23 57 122	0.25625 0.007253479709860812
89 23 58	0.5238095238095238 0.0009801999607920015
89 23 58 123	0.9285714285714286 0.0021564399137424034
89 23 63 128	0.14285714285714285 0.00039207998431680063
89 23 67 2	0.10101010101010101 0.005293079788276808
89 23 73	0.5714285714285714 0.0007841599686336013
89 23 73 8	0.4 0.0009801999607920015
89 23 73 73	0.6666666666666666 0.0009801999607920015
89 23 73 123	0.875 0.0007841599686336013
89 23 88	0.9583333333333334 0.021956479121740834
89 23 88 8	0.3125 0.0009801999607920015
89 23 88 23	0.4523809523809524 0.010782199568712018
89 23 88 58	0.4583333333333333 0.001176239952950402
89 23 88 73	0.3333333333333333 0.0009801999607920015
89 23 88 88	0.4628099173553719 0.010586159576553617
89 23 88 109	0.1 0.00039207998431680063
89 23 88 123	0.5454545454545454 0.001176239952950402
89 23 109 44	0.3333333333333333 0.0007841599686336013
89 23 115 115	0.23076923076923078 0.00039207998431680063
89 23 123	0.5 0.0009801999607920015
89 23 123 58	0.47619047619047616 0.0015683199372672025
89 24 89	0.8595237132922547 1.0
89 24 89 8	0.4026252983293556 0.009409919623603215
89 24 89 23	0.4392879998103861 0.01235051950597922
89 24 89 43	0.013795043492170306 0.0009801999607920015
89 24 89 44	0.02584453919317809 0.0007841599686336013
89 24 89 50	0.15839583000904206 0.002352479905900804
89 24 89 58	0.26513607481117374 0.009213879631444814
89 24 89 73	0.4527542325498177 0.009409919623603215
89 24 89 88	0.45192753163785326 0.01235051950597922
89 24 89 108	0.7007565144298122 0.0009801999607920015
89 24 89 109	0.019647932977609334 0.000588119976475201
89 24 89 115	0.1856377010347837 0.002352479905900804
89 24 89 123	0.43156833409223966 0.010782199568712018
89 24 108	0.7692307692307693 0.00019603999215840032
89 24 110	0.7963800904977375 0.001960399921584003
89 26 30 85	0.006180469715698393 0.0009801999607920015
89 26 49 114	0.003289473684210526 0.00039207998431680063
89 26 91	0.26136363636363635 0.002744559890217604
89 33 98 73	0.25 0.00019603999215840032
89 35 80 14	0.0009854158454867955 0.00019603999215840032
89 35 80 77	0.02821652904227539 0.003920799843168006
89 35 80 85	0.018604139629063106 0.15095079396196825
89 35 80 104	0.04104581867267245 0.050970397961184084
89 35 80 105	0.014998481486793154 0.03626739854930406
89 35 80 116	0.0015616866215512754 0.000588119976475201
89 35 80 122	0.00045558086560364467 0.00039207998431680063
89 35 100	0.027912930911360788 0.5481278180748873
89 35 100 8	0.01363325179109489 0.007645559694177613
89 35 100 23	0.019299163768556348 0.009605959615761616
89 35 100 43	0.0003730626985293456 0.000588119976475201
89 35 100 44	0.0021626239837669705 0.001372279945108802
89 35 100 50	0.023744312908848094 0.001960399921584003
89 35 100 58	0.023807545000588695 0.008821799647128014
89 35 100 73	0.014420626592714736 0.007645559694177613
89 35 100 88	0.020200800492429484 0.009605959615761616
89 35 100 108	0.10910307898259705 0.00039207998431680063
89 35 100 109	0.006788262923226448 0.002548519898059204
89 35 100 115	0.02403692363935475 0.0021564399137424034
89 35 100 123	0.03514223733533709 0.008625759654969613
89 35 103 14	0.2650231124807396 0.0007841599686336013
89 35 103 108	0.32252701579384874 0.0007841599686336013
89 35 103 109	0.4166666666666667 0.00039207998431680063
89 35 121 85	0.1388888888888889 0.0009801999607920015
89 36 101	0.03806456457709284 0.11193883552244657
89 36 101 8	0.013415574402467233 0.003136639874534405
89 36 101 23	0.017436100653853776 0.003136639874534405
89 36 101 44	0.017175862593099254 0.001960399921584003
89 36 101 58	0.0158311345646438 0.0033326798666928055
89 36 101 73	0.02067981934870454 0.003136639874534405
89 36 101 88	0.020178858060077964 0.003136639874534405
89 36 101 109	0.009789844667797937 0.002352479905900804
89 36 101 123	0.030737704918032786 0.0021564399137424034
89 36 127	0.052701801200800535 0.003724759851009606
89 37 102	0.07458697764820214 0.033914918643403257
89 37 102 109	0.03225806451612903 0.000588119976475201
89 37 111	0.009631266720949168 0.08508135659674573
89 37 111 8	0.0038139944257004547 0.002744559890217604
89 37 111 50	0.03302509907529723 0.003136639874534405
89 37 111 58	0.014734774066797643 0.0029405998823760046
89 39 14	0.5 0.00019603999215840032
89 39 15 100	0.056255024990260846 0.34640266614389337
89 39 18 85	0.00098747591522158 0.007841599686336012
89 39 18 105	0.00196078431372549 0.00019603999215840032
89 39 27 77	0.09100998890122086 0.001372279945108802
89 39 27 104	0.21149164096737544 0.016271319349147224
89 39 27 105	0.045850701023114816 0.01235051950597922
89 39 27 122	0.10282776349614396 0.001372279945108802
89 39 30 14	0.2 0.00019603999215840032
89 39 30 77	0.10338345864661654 0.00039207998431680063
89 39 30 85	0.08289558654856338 0.14820623407175063
89 39 30 104	0.0020693222969477496 0.00039207998431680063
89 39 30 105	0.08463796477495107 0.000588119976475201
89 39 33 104	0.07692307692307693 0.00019603999215840032
89 39 34 104	0.010968921389396709 0.001176239952950402
89 39 34 105	0.004709576138147566 0.000588119976475201
89 39 52 77	0.12926249008723237 0.001176239952950402
89 39 52 85	0.097062779855903 0.04508919819643207
89 39 52 104	0.11432009626955475 0.0029405998823760046
89 39 52 105	0.06235107227958697 0.0007841599686336013
89 39 52 122	0.09369024856596558 0.0015683199372672025
89 39 56	0.025974025974025976 0.00039207998431680063
89 39 77	0.11257142857142857 0.017055479317780828
89 39 77 44	0.12409189083055173 0.0017643599294256027
89 39 77 58	0.12177121771217712 0.0007841599686336013
89 39 77 109	0.039925719591457756 0.0009801999607920015
89 39 77 115	0.1111111111111111 0.0007841599686336013
89 39 77 123	0.19756838905775076 0.001176239952950402
89 39 83 85	0.0009750297265160523 0.007841599686336012
89 39 83 105	0.001941747572815534 0.00019603999215840032
89 39 85	0.01794616151545364 0.0035287198588512055
89 39 85 123	0.25 0.00019603999215840032
89 39 92 104	0.21674983727489694 0.04999019800039208
89 39 92 105	0.04504958816607833 0.01881983924720643
89 39 93 14	0.2782608695652174 0.0007841599686336013
89 39 93 56	0.612 0.00019603999215840032
89 39 93 75	0.0029233355258349776 0.002548519898059204
89 39 93 81	0.10841533763148965 0.0017643599294256027
89 39 93 108	0.20248937462052216 0.001960399921584003
89 39 93 110	0.0850496993113763 0.015095079396196824
89 39 95 104	0.01509433962264151 0.0007841599686336013
89 39 95 105	0.008695652173913044 0.000588119976475201
89 39 95 116	0.007853403141361256 0.000588119976475201
89 39 98 104	0.024390243902439025 0.00019603999215840032
89 39 99 14	0.5 0.00019603999215840032
89 39 99 77	0.0888382687927107 0.000588119976475201
89 39 99 85	0.07584726885189574 0.124877475004901
89 39 99 104	0.003878474466709761 0.000588119976475201
89 39 99 105	0.0748792270531401 0.000588119976475201
89 39 104	0.16906738688273149 0.29641246814350125
89 39 104 8	0.18074735987002438 0.003724759851009606
89 39 104 23	0.1915739268680445 0.00607723975691041
89 39 104 58	0.11016569637259292 0.003724759851009606
89 39 104 73	0.18705338377469524 0.003724759851009606
89 39 104 88	0.20091704877032096 0.00607723975691041
89 39 104 109	0.005491990846681922 0.0009801999607920015
89 39 104 115	0.020338983050847456 0.00039207998431680063
89 39 104 123	0.06385404789053592 0.0033326798666928055
89 39 105	0.059050712075662155 0.13840423446383063
89 39 105 8	0.0035923039454456894 0.002744559890217604
89 39 105 23	0.09359400998336107 0.002744559890217604
89 39 105 58	0.0335167583791896 0.0017643599294256027
89 39 105 73	0.0036559672821911016 0.002744559890217604
89 39 105 88	0.10429164743885556 0.0029405998823760046
89 39 105 109	0.0011795930404010617 0.00019603999215840032
89 39 105 123	0.20761245674740483 0.006861399725544011
89 39 117 56	0.8004956629491945 0.0021564399137424034
89 39 117 81	0.23259700624909171 0.007645559694177613
89 39 117 104	0.1482059282371295 0.03509115859635366
89 39 117 105	0.04473902236951118 0.009998039600078416
89 39 117 108	0.15496125968507873 0.001372279945108802
89 39 117 110	0.0763392245513084 0.014506959419721624
89 39 118 75	0.006486486486486486 0.000588119976475201
89 39 118 81	0.0058823529411764705 0.00019603999215840032
89 39 122	0.06917394224311618 0.006665359733385611
89 39 122 23	0.6 0.00039207998431680063
89 39 122 88	0.6 0.00039207998431680063
89 39 126 2	0.01347973766849672 0.009998039600078416
89 40 1 66	0.0821917808219178 0.0035287198588512055
89 40 15 100	0.017851763713588577 0.34287394628504214
89 40 18 85	0.0014847003440159334 0.008037639678494413
89 40 18 104	0.003816793893129771 0.00019603999215840032
89 40 27 77	0.13516896120150187 0.003724759851009606
89 40 27 104	0.07298474945533769 0.01764359929425603
89 40 27 105	0.04906970018316784 0.021760439129582435
89 40 27 122	0.14366197183098592 0.0017643599294256027
89 40 30 77	0.02551337896701929 0.00039207998431680063
89 40 30 85	0.050040239206606656 0.17565183297392667
89 40 30 104	0.00135623869801085 0.00019603999215840032
89 40 30 105	0.020205871139916128 0.000588119976475201
89 40 34 104	0.2574750830564784 0.030386198784552048
89 40 34 105	0.10204081632653061 0.007841599686336012
89 40 52 85	0.08802179423073607 0.05018623799255048
89 40 52 104	0.0665024630541872 0.0017643599294256027
89 40 52 105	0.03354746609564597 0.0015683199372672025
89 40 52 122	0.08317929759704251 0.0015683199372672025
89 40 52 128	0.015037593984962405 0.00039207998431680063
89 40 77	0.07286364854004822 0.01744755930209763
89 40 77 23	0.13193116634799235 0.0009801999607920015
89 40 77 50	0.11009174311926606 0.0007841599686336013
89 40 77 123	0.13777777777777778 0.001176239952950402
89 40 83 85	0.001508961760700747 0.008037639678494413
89 40 83 104	0.003861003861003861 0.00019603999215840032
89 40 85	0.061195445920303605 0.02528915898843364
89 40 92 77	0.14993804213135067 0.004312879827484807
89 40 92 85	0.005517503805175038 0.005685159772593609
89 40 92 104	0.06531141868512111 0.01881983924720643
89 40 92 105	0.049484736535096246 0.021760439129582435
89 40 93 14	0.16666666666666666 0.000588119976475201
89 40 93 75	0.002833721283270924 0.003136639874534405
89 40 93 81	0.08908341915550978 0.0017643599294256027
89 40 93 108	0.14711538461538462 0.0015683199372672025
89 40 93 110	0.052264128866180426 0.01195843952166242
89 40 95 104	0.2165206508135169 0.033914918643403257
89 40 95 105	0.07076101468624833 0.010390119584395216
89 40 99 85	0.04281543144685345 0.14781415408743384
89 40 99 104	0.0033003300330033004 0.00019603999215840032
89 40 99 105	0.030120481927710843 0.000588119976475201
89 40 99 122	0.011834319526627219 0.00019603999215840032
89 40 99 128	0.015037593984962405 0.00039207998431680063
89 40 104	0.09491840285942717 0.16683003332679866
89 40 104 8	0.0762423417290674 0.0021564399137424034
89 40 104 23	0.07022282241728561 0.002352479905900804
89 40 104 44	0.0006289308176100629 0.00019603999215840032
89 40 104 58	0.0673758865248227 0.0033326798666928055
89 40 104 88	0.07439198855507868 0.002352479905900804
89 40 104 123	0.0274822695035461 0.0009801999607920015
89 40 105	0.060208547193257335 0.34032542638698293
89 40 105 8	0.015177904951480468 0.005881199764752009
89 40 105 23	0.0552312528064661 0.005293079788276808
89 40 105 50	0.05663430420711974 0.002548519898059204
89 40 105 58	0.0466704610130905 0.003920799843168006
89 40 105 73	0.015567843470863462 0.005881199764752009
89 40 105 88	0.0603448275862069 0.005489119780435208
89 40 105 115	0.06829268292682927 0.002352479905900804
89 40 105 123	0.1123101518784972 0.008625759654969613
89 40 117 56	0.7037037037037037 0.001372279945108802
89 40 117 81	0.13422164445888854 0.006861399725544011
89 40 117 104	0.1734806629834254 0.03077827876886885
89 40 117 105	0.063257065948856 0.009017839639286415
89 40 117 110	0.05099160945842868 0.010978239560870417
89 40 118 75	0.010035610229847848 0.0009801999607920015
89 40 122	0.04862385321100918 0.003724759851009606
89 40 122 23	0.6 0.00019603999215840032
89 40 122 58	0.06060606060606061 0.00019603999215840032
89 40 126 2	0.016258716379678382 0.01254655949813762
89 41 106	0.0061298232029939346 0.007253479709860812
89 43	0.007017543859649123 0.000588119976475201
89 43 14	0.7037037037037037 0.0007841599686336013
89 43 14 109	0.125 0.00039207998431680063
89 43 21 77	0.013333333333333334 0.00019603999215840032
89 43 21 85	0.003907424105801022 0.00607723975691041
89 43 24 89	0.8112228349010704 0.24799059008037638
89 43 28 77	0.1574074074074074 0.0029405998823760046
89 43 28 104	0.19565855089469053 0.04077631836894727
89 43 28 105	0.07119590507212657 0.009409919623603215
89 43 30 77	0.06923076923076923 0.00039207998431680063
89 43 30 85	0.06332254131102048 0.03822779847088806
89 43 35 100	0.06381312801774762 0.09586355616545775
89 43 38 100	0.09493516026425251 0.03901195843952166
89 43 45 110	0.2986003110419907 0.03646343854146246
89 43 46 111	0.05601080388207288 0.2374044305038228
89 43 51 116	0.30952380952380953 0.0029405998823760046
89 43 52 104	0.21262002743484226 0.03156243873750245
89 43 58 123	1.0 0.00019603999215840032
89 43 81	0.07215084463478467 0.10958635561654577
89 43 81 8	0.06451612903225806 0.0021564399137424034
89 43 81 23	0.03116883116883117 0.0017643599294256027
89 43 81 44	0.009302325581395349 0.001176239952950402
89 43 81 58	0.07167235494880546 0.0021564399137424034
89 43 81 88	0.03314917127071823 0.0017643599294256027
89 43 81 123	0.18991097922848665 0.004508919819643208
89 43 89	1.0 0.003920799843168006
89 43 108	0.12568917987594763 0.09370711625171535
89 43 108 23	0.09253731343283582 0.002352479905900804
89 43 108 44	0.021739130434782608 0.0015683199372672025
89 43 108 58	0.10891089108910891 0.0007841599686336013
89 43 108 88	0.08857142857142856 0.002352479905900804
89 43 108 109	0.014669926650366748 0.000588119976475201
89 43 108 123	0.11956521739130435 0.002352479905900804
89 43 110	0.015479876160990712 0.009801999607920015
89 43 110 8	0.029411764705882353 0.00019603999215840032
89 43 110 73	0.03125 0.00019603999215840032
89 43 110 77	0.0049157303370786515 0.000588119976475201
89 43 110 85	0.000749975410642274 0.020780239168790432
89 44	0.024390243902439025 0.00039207998431680063
89 44 1 66	0.008232065856526851 0.004116839835326407
89 44 12 77	0.014056224899598393 0.002352479905900804
89 44 12 104	0.01638407315679177 0.03215055871397765
89 44 16 81	0.013466334164588529 0.005097039796118408
89 44 20 77	0.025 0.00039207998431680063
89 44 20 85	0.0065683070931115296 0.034110958635561656
89 44 23 88	0.18181818181818182 0.00039207998431680063
89 44 24 89	0.09663968604365955 0.07253479709860812
89 44 35 100	0.004157657018342114 0.09998039600078416
89 44 36 101	0.010044194455604661 0.010978239560870417
89 44 38 100	0.03205128205128205 0.0009801999607920015
89 44 39 77	0.010436432637571158 0.001372279945108802
89 44 39 104	0.0020844189682126106 0.001960399921584003
89 44 43 81	0.006700167504187605 0.0007841599686336013
89 44 43 108	0.014527845036319613 0.001176239952950402
89 44 44 109	0.05998636673483299 0.002744559890217604
89 44 45 110	0.006172839506172839 0.00607723975691041
89 44 46 111	0.006049893680049424 0.259556949617722
89 44 51 87	0.002657218777679362 0.00019603999215840032
89 44 51 116	0.013034667835040254 0.021760439129582435
89 44 62 127	0.0058823529411764705 0.00019603999215840032
89 44 79 108	0.3333333333333333 0.00039207998431680063
89 44 88 88	0.18181818181818182 0.00039207998431680063
89 44 109	0.16151202749140894 0.00607723975691041
89 44 109 23	0.1326530612244898 0.000588119976475201
89 44 109 44	0.03936063936063936 0.002352479905900804
89 44 109 88	0.1326530612244898 0.000588119976475201
89 44 109 109	0.041708043694141016 0.002548519898059204
89 44 121 56	0.2222222222222222 0.00039207998431680063
89 45 6 71	0.008726003490401396 0.001960399921584003
89 45 14	0.016666666666666666 0.00019603999215840032
89 45 28 77	0.08030523255813954 0.003136639874534405
89 45 28 104	0.11645618226811161 0.04920603803175848
89 45 28 105	0.042864911551134 0.016467359341305627
89 45 30 77	0.05368098159509203 0.00039207998431680063
89 45 30 85	0.03418964438851252 0.06881003724759852
89 45 30 122	0.01818181818181818 0.00019603999215840032
89 45 52 77	0.0867138072199479 0.004312879827484807
89 45 52 104	0.11965811965811966 0.05724367771025289
89 45 52 105	0.043843252992293816 0.01685943932562243
89 45 89	0.528 0.19800039207998432
89 45 89 23	0.3333333333333333 0.001372279945108802
89 45 89 88	0.3333333333333333 0.001372279945108802
89 45 108	0.09328358208955224 0.002352479905900804
89 45 110	0.2346967073193278 0.16643795334248188
89 45 110 8	0.12240339513066786 0.002352479905900804
89 45 110 23	0.13168219715546836 0.0033326798666928055
89 45 110 43	0.002218227712548285 0.00019603999215840032
89 45 110 44	0.01643471891594946 0.0033326798666928055
89 45 110 50	0.043923865300146414 0.00019603999215840032
89 45 110 58	0.12208121827411167 0.002744559890217604
89 45 110 73	0.12930627654554036 0.002352479905900804
89 45 110 88	0.1351963746223565 0.0033326798666928055
89 45 110 108	0.7084870848708487 0.000588119976475201
89 45 110 109	0.002856353082097116 0.0007841599686336013
89 45 110 123	0.05889101338432123 0.002352479905900804
89 46 102	0.009510463807401622 0.004900999803960008
89 46 111	0.019750348487407227 0.9551068417957264
89 46 111 8	0.004629367888412516 0.013330719466771222
89 46 111 23	0.01997538373990399 0.01940795922368163
89 46 111 43	0.0005175957789620336 0.0009801999607920015
89 46 111 44	0.004955507518560998 0.006665359733385611
89 46 111 50	0.02710889465237914 0.005489119780435208
89 46 111 58	0.014018940357394252 0.015683199372672024
89 46 111 73	0.012311204157596237 0.013134679474612821
89 46 111 88	0.02087023673940791 0.019211919231523232
89 46 111 108	0.06841884523975954 0.0009801999607920015
89 46 111 109	0.005992342274275782 0.005489119780435208
89 46 111 115	0.02821775588979103 0.005097039796118408
89 46 111 123	0.015021076175319368 0.01744755930209763
89 49 114	0.0308890925756187 0.01764359929425603
89 49 114 91	0.0020181634712411706 0.00039207998431680063
89 50	0.23255813953488372 0.001960399921584003
89 50 1 66	0.05019305019305019 0.002548519898059204
89 50 6 71	0.013885778275475923 0.005293079788276808
89 50 12 104	0.07716049382716049 0.004900999803960008
89 50 16 81	0.041501976284584984 0.0035287198588512055
89 50 20 85	0.006320691949434464 0.013722799451088022
89 50 24 89	0.7191582002902758 0.15055871397765144
89 50 35 100	0.014430652696762778 0.04332483826700647
89 50 40 105	0.02824478816408877 0.008233679670652813
89 50 46 102	0.05080213903743316 0.00039207998431680063
89 50 46 111	0.017103185912687613 0.08684571652617133
89 50 50	0.9375 0.005097039796118408
89 50 50 50	0.2 0.0017643599294256027
89 50 50 115	0.19047619047619047 0.0015683199372672025
89 50 51 116	0.028974158183241974 0.013134679474612821
89 50 57 122	0.07142857142857142 0.0035287198588512055
89 50 67 2	0.06398809523809523 0.004704959811801608
89 50 115	0.8958333333333334 0.00627327974906881
89 50 115 50	0.18478260869565216 0.001960399921584003
89 50 115 115	0.1568627450980392 0.0015683199372672025
89 51 15 100	0.0020152261531571876 0.0017643599294256027
89 51 30 14	0.030303030303030304 0.00019603999215840032
89 51 30 85	0.008288008288008289 0.003920799843168006
89 51 30 104	0.004132231404958678 0.00039207998431680063
89 51 51 116	0.0020161290322580645 0.00019603999215840032
89 51 87	0.001218026796589525 0.00039207998431680063
89 51 87 8	0.010101010101010102 0.00019603999215840032
89 51 87 23	0.015151515151515152 0.00019603999215840032
89 51 87 44	0.029160739687055477 0.0009801999607920015
89 51 87 73	0.010101010101010102 0.00019603999215840032
89 51 87 88	0.015151515151515152 0.00019603999215840032
89 51 116	0.028733077645983086 0.118996275240149
89 51 116 8	0.02637300974959669 0.001960399921584003
89 51 116 23	0.027278688524590165 0.004508919819643208
89 51 116 44	0.013086230215301385 0.0029405998823760046
89 51 116 50	0.014285714285714285 0.0009801999607920015
89 51 116 58	0.02330430516374341 0.004312879827484807
89 51 116 73	0.030398577087880994 0.001960399921584003
89 51 116 85	0.0022119000221190004 0.000588119976475201
89 51 116 88	0.029567204685044993 0.004312879827484807
89 51 116 108	0.08873720136518772 0.000588119976475201
89 51 116 109	0.012091062977165164 0.003136639874534405
89 51 116 115	0.021897810218978103 0.001176239952950402
89 51 116 116	0.0006369426751592356 0.00019603999215840032
89 51 116 123	0.029148409220803962 0.004704959811801608
89 51 116 128	0.14285714285714285 0.00039207998431680063
89 56 121	1.0 0.00039207998431680063
89 57 15 100	0.011527377521613832 0.0007841599686336013
89 57 27 105	0.03759398496240601 0.0007841599686336013
89 57 30 85	0.12328178694158076 0.02509311899627524
89 57 34 104	0.002544529262086514 0.00019603999215840032
89 57 34 105	0.00411522633744856 0.00039207998431680063
89 57 52 85	0.008210180623973728 0.0009801999607920015
89 57 77	0.109375 0.0017643599294256027
89 57 85	0.031598513011152414 0.0033326798666928055
89 57 85 58	0.25 0.00019603999215840032
89 57 85 123	0.5 0.00039207998431680063
89 57 92 104	0.0871559633027523 0.0021564399137424034
89 57 92 105	0.07766990291262135 0.0033326798666928055
89 57 95 14	0.2 0.00019603999215840032
89 57 95 75	0.16666666666666666 0.00019603999215840032
89 57 95 110	0.015625 0.00019603999215840032
89 57 99 85	0.10204081632653061 0.0009801999607920015
89 57 104	0.14265927977839335 0.015291119388355225
89 57 104 23	0.39285714285714285 0.0015683199372672025
89 57 104 58	0.3684210526315789 0.0007841599686336013
89 57 104 88	0.4074074074074074 0.0015683199372672025
89 57 105	0.042638777152051485 0.008233679670652813
89 57 117 104	0.056976744186046514 0.004116839835326407
89 57 117 105	0.03162333099086437 0.004900999803960008
89 57 122	0.1762147252280925 0.07802391687904332
89 57 122 8	0.15079365079365079 0.001372279945108802
89 57 122 23	0.1423611111111111 0.0017643599294256027
89 57 122 50	0.21428571428571427 0.000588119976475201
89 57 122 58	0.06666666666666667 0.001960399921584003
89 57 122 73	0.15637860082304528 0.001372279945108802
89 57 122 88	0.16532258064516128 0.0017643599294256027
89 57 122 115	0.24324324324324326 0.000588119976475201
89 57 122 123	0.08904109589041095 0.0015683199372672025
89 58	0.3111111111111111 0.007253479709860812
89 58 6 71	0.01141552511415525 0.002744559890217604
89 58 8	0.3225806451612903 0.0017643599294256027
89 58 8 8	0.3392857142857143 0.0017643599294256027
89 58 8 73	0.5 0.0017643599294256027
89 58 8 88	0.9 0.000588119976475201
89 58 8 123	0.9772727272727273 0.0035287198588512055
89 58 12 104	0.049019607843137254 0.01235051950597922
89 58 12 105	0.024409448818897637 0.005293079788276808
89 58 16 81	0.05776045357902197 0.04450107821995687
89 58 16 108	0.03850782190132371 0.009017839639286415
89 58 20 14	1.0 0.00019603999215840032
89 58 20 77	0.015748031496062992 0.00039207998431680063
89 58 20 85	0.021070703917590135 0.08174867673005293
89 58 20 104	0.008583690987124463 0.00019603999215840032
89 58 20 122	0.08 0.00039207998431680063
89 58 23	0.3076923076923077 0.000588119976475201
89 58 23 23	0.4166666666666667 0.0007841599686336013
89 58 23 58	0.5 0.00039207998431680063
89 58 23 88	0.46153846153846156 0.0009801999607920015
89 58 24 89	0.6486605396949551 0.5896882964124681
89 58 35 100	0.03323203410719519 0.33836502646539895
89 58 36 101	0.019054878048780487 0.014702999411880023
89 58 39 104	0.053742802303262956 0.021172319153107234
89 58 39 105	0.018128654970760234 0.00607723975691041
89 58 40 104	0.0855397148676171 0.060772397569104096
89 58 40 105	0.03791900500530866 0.03019015879239365
89 58 43 81	0.061068702290076333 0.008821799647128014
89 58 43 108	0.04330708661417323 0.0035287198588512055
89 58 45 110	0.033061399742378705 0.019211919231523232
89 58 46 102	0.015410016510731976 0.0021564399137424034
89 58 46 111	0.016578571533738717 0.5459713781611448
89 58 51 116	0.03322818086225026 0.01960399921584003
89 58 57 85	0.0783132530120482 0.002548519898059204
89 58 57 122	0.057777777777777775 0.002548519898059204
89 58 58	0.23529411764705882 0.000588119976475201
89 58 58 8	0.3 0.00039207998431680063
89 58 58 73	0.3 0.00039207998431680063
89 58 58 123	0.5652173913043478 0.001176239952950402
89 58 73	0.4393939393939394 0.002352479905900804
89 58 73 8	0.3356643356643357 0.002352479905900804
89 58 73 23	0.75 0.00039207998431680063
89 58 73 73	0.4897959183673469 0.002352479905900804
89 58 73 88	0.8181818181818182 0.00039207998431680063
89 58 73 123	0.9431818181818182 0.0035287198588512055
89 58 88	0.35714285714285715 0.0007841599686336013
89 58 88 23	0.35714285714285715 0.0007841599686336013
89 58 88 58	0.5 0.00039207998431680063
89 58 88 88	0.4166666666666667 0.0007841599686336013
89 58 123	0.9620253164556962 0.021564399137424035
89 58 123 23	0.7954545454545454 0.0021564399137424034
89 58 123 58	0.36330935251798563 0.007253479709860812
89 58 123 73	0.52 0.0007841599686336013
89 58 123 88	0.7954545454545454 0.0021564399137424034
89 58 123 123	0.5 0.0009801999607920015
89 62 101	0.026333333333333334 0.01293863948245442
89 62 101 8	0.01910828025477707 0.00039207998431680063
89 62 127	0.061601642710472276 0.008233679670652813
89 62 127 50	0.13043478260869565 0.00039207998431680063
89 62 127 109	0.005291005291005291 0.00019603999215840032
89 63 30 85	0.029850746268656716 0.0007841599686336013
89 63 34 105	0.010362694300518135 0.00039207998431680063
89 63 51 116	0.05263157894736842 0.00039207998431680063
89 63 117 105	0.010362694300518135 0.00039207998431680063
89 63 128	0.05222059541239629 0.004900999803960008
89 63 128 23	0.07692307692307693 0.00019603999215840032
89 63 128 88	0.07692307692307693 0.00019603999215840032
89 65 30 85	0.2536231884057971 0.00627327974906881
89 67 2	0.178705189941145 0.034110958635561656
89 67 2 50	0.18796992481203006 0.002352479905900804
89 67 2 115	0.21052631578947367 0.002744559890217604
89 67 4	0.1 0.002548519898059204
89 67 21 85	0.002504819054049639 0.01881983924720643
89 67 61 77	0.060708782742681044 0.007057439717702411
89 67 61 104	0.055032269317983606 0.01862379925504803
89 67 61 105	0.02857142857142857 0.020388159184473634
89 67 61 122	0.06728538283062645 0.0017643599294256027
89 69 4	0.8888888888888888 0.003724759851009606
89 69 21 85	0.011851015801354402 0.007057439717702411
89 73	0.4528301886792453 0.007449519702019212
89 73 1 66	0.13068181818181818 0.0017643599294256027
89 73 6 71	0.005201560468140442 0.0015683199372672025
89 73 8	0.6923076923076923 0.015683199372672024
89 73 8 8	0.5620300751879699 0.008429719662811214
89 73 8 73	0.6856702619414484 0.009017839639286415
89 73 8 88	0.25 0.0007841599686336013
89 73 8 123	0.7142857142857143 0.001960399921584003
89 73 16 81	0.16521233275159977 0.01803567927857283
89 73 20 85	0.02118531857422806 0.060968437561262495
89 73 22 87	0.030303030303030304 0.00019603999215840032
89 73 23	0.2727272727272727 0.000588119976475201
89 73 23 23	0.45454545454545453 0.0009801999607920015
89 73 23 88	0.45454545454545453 0.0009801999607920015
89 73 24 89	0.7745473537604457 0.5659674573613017
89 73 26 91	0.6666666666666666 0.00039207998431680063
89 73 33 98	0.5 0.00019603999215840032
89 73 35 100	0.022123064369700334 0.33013134679474615
89 73 36 101	0.014983254010223868 0.011762399529504019
89 73 39 104	0.17114624505928855 0.04940207802391688
89 73 39 105	0.052703316674238984 0.011174279553028818
89 73 40 104	0.04031209362808843 0.00646931974122721
89 73 40 105	0.061003861003861 0.012742599490296021
89 73 45 108	0.25 0.00019603999215840032
89 73 45 110	0.09418468241997653 0.05136247794550088
89 73 46 111	0.021743947145792208 0.5253871789845128
89 73 51 87	0.030303030303030304 0.00019603999215840032
89 73 51 116	0.045504300234558245 0.015879239364830426
89 73 57 122	0.07936507936507936 0.003920799843168006
89 73 58 123	0.8947368421052632 0.0007841599686336013
89 73 73	0.7835051546391752 0.015487159380513624
89 73 73 8	0.5933908045977011 0.008429719662811214
89 73 73 58	0.2727272727272727 0.00039207998431680063
89 73 73 73	0.6555555555555556 0.008429719662811214
89 73 73 123	0.5882352941176471 0.0017643599294256027
89 73 88 23	0.45454545454545453 0.0009801999607920015
89 73 88 88	0.45454545454545453 0.0009801999607920015
89 73 123	0.5714285714285714 0.0017643599294256027
89 73 123 58	0.6354166666666666 0.003136639874534405
89 73 123 123	0.6 0.000588119976475201
89 79 14	0.7272727272727273 0.0015683199372672025
89 79 14 23	0.5 0.00019603999215840032
89 79 15 100	0.01592356687898089 0.0009801999607920015
89 79 18 85	0.00011071744906997343 0.00019603999215840032
89 79 21 85	0.054695562435500514 0.006665359733385611
89 79 28 77	0.08333333333333333 0.001372279945108802
89 79 28 104	0.10568031704095113 0.03136639874534405
89 79 28 105	0.046413502109704644 0.008625759654969613
89 79 29 102	0.09090909090909091 0.00019603999215840032
89 79 30 85	0.060102688009664756 0.03332679866692805
89 79 30 122	0.3333333333333333 0.00019603999215840032
89 79 34 104	0.03125 0.00019603999215840032
89 79 38 100	0.0645706241201314 0.13487551460497943
89 79 83 85	0.00011071744906997343 0.00019603999215840032
89 79 85	0.017094017094017096 0.0007841599686336013
89 79 85 123	0.6666666666666666 0.00019603999215840032
89 79 95 104	0.02127659574468085 0.00019603999215840032
89 79 95 116	0.005235602094240838 0.00019603999215840032
89 79 104	0.045454545454545456 0.00019603999215840032
89 79 108	0.8636363636363636 0.003724759851009606
89 79 108 44	0.5 0.00039207998431680063
89 79 110	0.02631578947368421 0.00019603999215840032
89 88	0.49107142857142855 0.010782199568712018
89 88 1 66	0.10600706713780919 0.007645559694177613
89 88 6 71	0.017632241813602016 0.005293079788276808
89 88 8	0.42857142857142855 0.000588119976475201
89 88 8 73	0.6153846153846154 0.0007841599686336013
89 88 12 77	0.12738853503184713 0.004704959811801608
89 88 12 105	0.03210795718939041 0.01215447951382082
89 88 16 81	0.07497116493656286 0.01901587923936483
89 88 16 108	0.02385685884691849 0.001960399921584003
89 88 20 85	0.02477372200739387 0.06449715742011371
89 88 22 87	0.019230769230769232 0.00019603999215840032
89 88 22 116	0.007751937984496124 0.000588119976475201
89 88 23	0.9256198347107438 0.021368359145265633
89 88 23 8	0.3333333333333333 0.0009801999607920015
89 88 23 23	0.4628099173553719 0.010586159576553617
89 88 23 58	0.4583333333333333 0.001176239952950402
89 88 23 73	0.35714285714285715 0.0009801999607920015
89 88 23 88	0.4453125 0.010782199568712018
89 88 23 123	0.5 0.0009801999607920015
89 88 24 89	0.8540879886213154 0.5124485395020584
89 88 24 110	0.2916666666666667 0.000588119976475201
89 88 35 100	0.025957725126367168 0.3105273475789061
89 88 36 101	0.023393636930754833 0.014702999411880023
89 88 37 102	0.017421602787456445 0.0029405998823760046
89 88 39 77	0.10328638497652583 0.002352479905900804
89 88 39 104	0.15905301767255753 0.04626543814938247
89 88 39 105	0.04703753957485301 0.01215447951382082
89 88 39 122	0.2391304347826087 0.001176239952950402
89 88 40 104	0.0991626267078008 0.03685551852577926
89 88 40 105	0.04845222072678331 0.01685943932562243
89 88 43 81	0.06182795698924731 0.003724759851009606
89 88 43 108	0.059548254620123205 0.004312879827484807
89 88 44 109	0.12745098039215685 0.0007841599686336013
89 88 45 110	0.09403708034073827 0.05841991766320329
89 88 46 111	0.01861462813644714 0.45598902176043915
89 88 51 87	0.005025125628140704 0.00019603999215840032
89 88 51 116	0.04553781732530751 0.020584199176632033
89 88 57 77	0.4 0.0007841599686336013
89 88 57 104	0.36585365853658536 0.0029405998823760046
89 88 57 105	0.13043478260869565 0.000588119976475201
89 88 57 122	0.25625 0.007253479709860812
89 88 58	0.5238095238095238 0.0009801999607920015
89 88 58 8	0.5 0.000588119976475201
89 88 58 123	0.9285714285714286 0.0021564399137424034
89 88 63 128	0.14285714285714285 0.00039207998431680063
89 88 73 73	0.7142857142857143 0.0007841599686336013
89 88 88	0.9565217391304348 0.020976279160948835
89 88 88 23	0.4628099173553719 0.010586159576553617
89 88 88 58	0.4583333333333333 0.001176239952950402
89 88 88 73	0.35714285714285715 0.0009801999607920015
89 88 88 88	0.4628099173553719 0.010586159576553617
89 88 88 109	0.1 0.00039207998431680063
89 88 88 123	0.5 0.0009801999607920015
89 88 123	0.4444444444444444 0.0007841599686336013
89 108	0.6666666666666666 0.0007841599686336013
89 108 24 89	0.6966573816155989 0.2423054303077828
89 108 35 100	0.043281569446256905 0.09919623603215055
89 108 43	1.0 0.0009801999607920015
89 108 45 110	0.9666666666666667 0.034110958635561656
89 108 46 111	0.04780063683337465 0.17486767300529307
89 109	0.028985507246376812 0.00039207998431680063
89 109 1 66	0.022044088176352707 0.004508919819643208
89 109 6 71	0.00932791198277924 0.0033326798666928055
89 109 12 77	0.0589622641509434 0.002352479905900804
89 109 12 85	0.0025646084040244622 0.002548519898059204
89 109 12 104	0.11514572384137602 0.033914918643403257
89 109 16 81	0.019963702359346643 0.004312879827484807
89 109 16 108	0.014354066985645933 0.0007841599686336013
89 109 20 77	0.012345679012345678 0.00019603999215840032
89 109 20 85	0.0018985385668241423 0.00646931974122721
89 109 22 116	0.01735817104149026 0.004116839835326407
89 109 24 89	0.14066404855408782 0.07135855714565771
89 109 35 100	0.006831047532705748 0.04097235836110567
89 109 36 101	0.01627719580983078 0.008037639678494413
89 109 43 14	0.5 0.00039207998431680063
89 109 43 81	0.030369718309859156 0.008233679670652813
89 109 43 108	0.016407599309153715 0.002548519898059204
89 109 44	0.330188679245283 0.006665359733385611
89 109 44 23	0.38461538461538464 0.00039207998431680063
89 109 44 44	0.05291970802919708 0.0007841599686336013
89 109 44 109	0.05354993983152828 0.001372279945108802
89 109 45 110	0.023972602739726026 0.015291119388355225
89 109 46 111	0.009631756976860893 0.14114879435404823
89 109 51 116	0.022310323383084578 0.017251519309939227
89 109 109 44	0.1291390728476821 0.0009801999607920015
89 109 121 56	1.0 0.00039207998431680063
89 115	0.2631578947368421 0.001960399921584003
89 115 12 104	0.08759124087591241 0.004704959811801608
89 115 16 81	0.03076923076923077 0.002744559890217604
89 115 20 85	0.0064059339177343225 0.013722799451088022
89 115 24 89	0.7011792452830189 0.14408939423642422
89 115 35 100	0.01629592523598566 0.042736718290531266
89 115 40 105	0.034013605442176874 0.006861399725544011
89 115 46 102	0.05426356589147287 0.00039207998431680063
89 115 46 111	0.017289192466619634 0.08762987649480494
89 115 50	0.76 0.00607723975691041
89 115 50 50	0.2222222222222222 0.001960399921584003
89 115 50 115	0.2236842105263158 0.001960399921584003
89 115 51 116	0.02788622420524261 0.008821799647128014
89 115 57 122	0.07142857142857142 0.0035287198588512055
89 115 67 2	0.06622516556291391 0.0035287198588512055
89 115 115	0.8571428571428571 0.005097039796118408
89 115 115 50	0.22641509433962265 0.001960399921584003
89 115 115 115	0.2222222222222222 0.0017643599294256027
89 121 30 77	0.06976744186046512 0.00039207998431680063
89 121 30 85	0.04136644364384972 0.028621838855126445
89 121 52 77	0.11742424242424243 0.0021564399137424034
89 121 52 104	0.1223021582733813 0.035483238580670456
89 121 52 105	0.047366780928638205 0.009213879631444814
89 121 56	0.9354838709677419 0.004312879827484807
89 121 56 44	0.11428571428571428 0.00039207998431680063
89 121 56 109	0.08108108108108109 0.00039207998431680063
89 121 104	0.038834951456310676 0.0007841599686336013
89 123	0.44680851063829785 0.007645559694177613
89 123 1 66	0.05434782608695652 0.001372279945108802
89 123 12 77	0.21428571428571427 0.002352479905900804
89 123 12 104	0.12992125984251968 0.00646931974122721
89 123 12 105	0.06873614190687362 0.00607723975691041
89 123 12 122	0.5 0.00019603999215840032
89 123 16 81	0.05913978494623656 0.02470103901195844
89 123 16 108	0.022411953041622197 0.0033326798666928055
89 123 20 85	0.020946538124452234 0.0666535973338561
89 123 20 122	0.047619047619047616 0.00019603999215840032
89 123 23	0.7692307692307693 0.0015683199372672025
89 123 23 23	0.8461538461538461 0.0017643599294256027
89 123 23 58	0.59375 0.001176239952950402
89 123 23 88	0.8461538461538461 0.0017643599294256027
89 123 24 89	0.7229486760379209 0.580278376788865
89 123 35 100	0.025449295748579466 0.34797098608116056
89 123 36 101	0.01897642323174238 0.01195843952166242
89 123 39 77	0.1320754716981132 0.001960399921584003
89 123 39 104	0.20297029702970298 0.041364438345422465
89 123 39 105	0.07606084867894315 0.014506959419721624
89 123 39 122	0.35 0.0009801999607920015
89 123 40 77	0.04597701149425287 0.0007841599686336013
89 123 40 104	0.0690010298661174 0.01254655949813762
89 123 40 105	0.05886575735821967 0.014506959419721624
89 123 43 81	0.24615384615384617 0.002352479905900804
89 123 43 108	0.125 0.001372279945108802
89 123 45 110	0.10103092783505155 0.0650852773965889
89 123 46 102	0.016304347826086956 0.001960399921584003
89 123 46 111	0.020912482761144217 0.5718486571260537
89 123 51 116	0.03780939388033522 0.028817878847284845
89 123 57 77	0.3333333333333333 0.00039207998431680063
89 123 57 122	0.10144927536231885 0.0021564399137424034
89 123 58	0.8195488721804511 0.017251519309939227
89 123 58 8	0.5508474576271186 0.003136639874534405
89 123 58 23	0.6 0.0009801999607920015
89 123 58 58	0.4166666666666667 0.001372279945108802
89 123 58 73	0.7281553398058253 0.003136639874534405
89 123 58 88	0.6666666666666666 0.001176239952950402
89 123 58 123	0.6130952380952381 0.007645559694177613
89 123 67 2	0.1694915254237288 0.001176239952950402
89 123 88	0.7692307692307693 0.0015683199372672025
89 123 88 23	0.8461538461538461 0.0017643599294256027
89 123 88 58	0.59375 0.001176239952950402
89 123 88 88	0.8461538461538461 0.0017643599294256027
89 123 88 123	0.6 0.000588119976475201
89 123 123	0.4 0.0007841599686336013
89 123 123 58	0.625 0.0015683199372672025
108	1.0 0.00019603999215840032
108 24 89	1.0 0.003920799843168006
108 24 108	1.0 0.00019603999215840032
108 24 110	1.0 0.00019603999215840032
108 43 89	1.0 0.003920799843168006
108 43 108	1.0 0.00019603999215840032
108 43 110	1.0 0.00019603999215840032
108 46 111	0.0026054590570719605 0.003920799843168006
110	0.35 0.001372279945108802
110 1 66	0.02197802197802198 0.00039207998431680063
110 1 66 85	0.008849557522123894 0.0007841599686336013
110 1 121 85	0.034482758620689655 0.0007841599686336013
110 16 81	0.042801556420233464 0.0017643599294256027
110 16 108	0.015748031496062992 0.00039207998431680063
110 20 1 66	0.008403361344537815 0.00039207998431680063
110 20 15 100	0.0023094688221709007 0.000588119976475201
110 20 18 85	3.6991824806717716e-05 0.00019603999215840032
110 20 34 77	0.029411764705882353 0.00019603999215840032
110 20 34 104	0.004225352112676056 0.000588119976475201
110 20 34 105	0.004228329809725159 0.00039207998431680063
110 20 56 66	0.0273972602739726 0.00039207998431680063
110 20 83 85	3.698772007693446e-05 0.00019603999215840032
110 20 85	0.006940427993059572 0.002352479905900804
110 20 85 23	0.08695652173913043 0.00039207998431680063
110 20 85 88	0.09090909090909091 0.00039207998431680063
110 20 95 77	0.023255813953488372 0.00019603999215840032
110 20 95 104	0.003436426116838488 0.000588119976475201
110 20 95 105	0.0023391812865497076 0.00039207998431680063
110 20 117 105	0.0029411764705882353 0.00019603999215840032
110 23 23	1.0 0.00019603999215840032
110 23 24 89	0.003076923076923077 0.00019603999215840032
110 23 35 100	0.00013049719431032232 0.00019603999215840032
110 23 46 111	7.388798581350672e-05 0.00019603999215840032
110 23 88	1.0 0.00019603999215840032
110 24 89	0.42805026347790837 0.19721623211135073
110 24 89 23	0.16 0.001372279945108802
110 24 89 50	0.1 0.00019603999215840032
110 24 89 73	0.17647058823529413 0.001176239952950402
110 24 89 88	0.16 0.001372279945108802
110 24 89 115	0.1 0.00019603999215840032
110 24 108	1.0 0.00019603999215840032
110 24 110	0.47368421052631576 0.001372279945108802
110 35 80 85	0.0032546413018565206 0.007449519702019212
110 35 80 104	0.0016416510318949344 0.001372279945108802
110 35 80 105	0.0014774166314900801 0.001372279945108802
110 35 100	0.009760436158661954 0.16428151342873945
110 35 100 23	0.00861573808156232 0.001372279945108802
110 35 100 50	0.0047169811320754715 0.00019603999215840032
110 35 100 58	0.009167842031029619 0.002548519898059204
110 35 100 88	0.009014423076923076 0.001372279945108802
110 35 100 115	0.004807692307692308 0.00019603999215840032
110 35 100 123	0.012131715771230503 0.002352479905900804
110 36 101	0.008695652173913044 0.00019603999215840032
110 37 102	0.024390243902439025 0.00019603999215840032
110 39 15 100	0.0036529680365296802 0.0007841599686336013
110 39 30 85	0.0036968576709796672 0.001960399921584003
110 39 77	0.02564102564102564 0.00019603999215840032
110 39 93 110	0.00823045267489712 0.00039207998431680063
110 39 99 85	0.005254860746190226 0.001960399921584003
110 39 104	0.01 0.0015683199372672025
110 39 104 23	0.1 0.00019603999215840032
110 39 104 88	0.1 0.00019603999215840032
110 39 105	0.003305785123966942 0.00039207998431680063
110 39 117 56	0.25 0.00019603999215840032
110 39 117 110	0.007633587786259542 0.00039207998431680063
110 40 30 85	0.003190810465858328 0.0009801999607920015
110 40 99 85	0.008517887563884156 0.0009801999607920015
110 40 104	0.005988023952095809 0.000588119976475201
110 40 104 23	0.07692307692307693 0.00019603999215840032
110 40 104 88	0.08333333333333333 0.00019603999215840032
110 40 105	0.007380073800738007 0.0007841599686336013
110 43 81	0.09230769230769231 0.001176239952950402
110 43 108	0.13333333333333333 0.00039207998431680063
110 45 89	0.5358395989974938 0.19858851205645953
110 45 89 8	0.2727272727272727 0.001176239952950402
110 45 89 23	0.2222222222222222 0.001176239952950402
110 45 89 88	0.2222222222222222 0.001176239952950402
110 45 110	0.4309978768577495 0.03665947853362086
110 46 102	0.002785515320334262 0.00019603999215840032
110 46 111	0.006385324153996548 0.16173299353068027
110 46 111 8	0.0010378412901165576 0.001372279945108802
110 46 111 23	0.003775009437523594 0.001176239952950402
110 46 111 44	0.000217296827466319 0.00019603999215840032
110 46 111 50	0.0013089005235602095 0.00019603999215840032
110 46 111 58	0.004501800720288115 0.002744559890217604
110 46 111 73	0.0026595744680851063 0.001372279945108802
110 46 111 88	0.003993610223642172 0.001176239952950402
110 46 111 115	0.0014388489208633094 0.00019603999215840032
110 51 116	0.003205128205128205 0.00019603999215840032
110 88 23	1.0 0.00019603999215840032
110 88 24 89	0.003076923076923077 0.00019603999215840032
110 88 35 100	0.00013049719431032232 0.00019603999215840032
110 88 46 111	7.388798581350672e-05 0.00019603999215840032
110 88 88	1.0 0.00019603999215840032
110 123 58	1.0 0.00019603999215840032
