2 12 126 17	1.0 0.037037037037037035
2 20 86 17	0.8421052631578947 0.07407407407407407
2 20 126 17	1.0 0.05555555555555555
2 40 126 17	0.4444444444444444 0.037037037037037035
2 67 6	0.005930318754633061 0.037037037037037035
2 67 17	0.9847328244274809 0.25925925925925924
2 69 17	1.0 0.05555555555555555
4 20 86 17	1.0 0.05555555555555555
4 67 17	1.0 0.05555555555555555
4 69 6	0.019230769230769232 0.018518518518518517
4 69 17	1.0 0.07407407407407407
6	0.022222222222222223 0.018518518518518517
6 71 6	0.000201922300298845 0.037037037037037035
6 71 17	0.5955056179775281 0.25925925925925924
6 82 6	0.16666666666666666 0.018518518518518517
6 82 17	1.0 0.018518518518518517
14 20 95 17	1.0 0.018518518518518517
14 79 17	1.0 0.037037037037037035
14 121 17	1.0 0.018518518518518517
17	1.0 1.0
17 71 6	0.25 0.037037037037037035
17 71 17	1.0 0.037037037037037035
17 82 6	0.005780346820809248 0.037037037037037035
17 82 17	1.0 1.0
17 82 32 17	1.0 0.7407407407407407
17 82 97 17	1.0 0.7407407407407407
21 18 126 17	1.0 0.037037037037037035
21 34 93 17	1.0 0.018518518518518517
21 34 118 17	1.0 0.018518518518518517
21 83 126 17	1.0 0.037037037037037035
21 85 67 17	0.8421052631578947 0.037037037037037035
21 85 69 17	1.0 0.037037037037037035
21 86 17	1.0 0.07407407407407407
21 95 93 17	0.5 0.018518518518518517
21 95 118 17	0.5 0.018518518518518517
21 117 93 17	1.0 0.018518518518518517
21 117 118 17	1.0 0.018518518518518517
25 90 17	1.0 0.2962962962962963
25 90 32 17	1.0 0.2777777777777778
25 90 97 17	1.0 0.25925925925925924
28 30 86 17	0.5 0.018518518518518517
28 30 95 17	1.0 0.16666666666666666
28 30 121 17	1.0 0.05555555555555555
28 52 86 17	1.0 0.018518518518518517
28 52 95 17	1.0 0.05555555555555555
28 52 121 17	1.0 0.037037037037037035
28 93 17	1.0 0.3333333333333333
28 93 32 17	1.0 0.05555555555555555
28 93 97 17	1.0 0.07407407407407407
28 93 124 17	1.0 0.018518518518518517
28 99 86 17	1.0 0.018518518518518517
28 99 95 17	1.0 0.12962962962962962
28 99 121 17	1.0 0.037037037037037035
28 118 17	1.0 0.14814814814814814
28 118 32 17	1.0 0.037037037037037035
28 118 97 17	1.0 0.05555555555555555
28 121 124 17	1.0 0.05555555555555555
28 124 17	1.0 0.037037037037037035
28 124 32 17	1.0 0.018518518518518517
28 124 97 17	1.0 0.018518518518518517
30 18 95 17	1.0 0.3888888888888889
30 18 121 17	1.0 0.2962962962962963
30 27 95 17	1.0 0.18518518518518517
30 34 93 17	1.0 0.2037037037037037
30 34 118 17	1.0 0.25925925925925924
30 83 95 17	1.0 0.3888888888888889
30 83 121 17	1.0 0.2962962962962963
30 85 43 17	1.0 0.05555555555555555
30 85 79 17	1.0 0.05555555555555555
30 85 121 17	1.0 0.05555555555555555
30 85 125 17	1.0 0.05555555555555555
30 92 95 17	1.0 0.18518518518518517
30 95 17	1.0 0.3888888888888889
30 95 32 17	1.0 0.18518518518518517
30 95 93 17	1.0 0.2222222222222222
30 95 97 17	1.0 0.16666666666666666
30 95 118 17	1.0 0.2777777777777778
30 95 124 17	1.0 0.24074074074074073
30 117 93 17	1.0 0.09259259259259259
30 117 118 17	1.0 0.09259259259259259
30 121 17	1.0 0.07407407407407407
30 121 32 17	1.0 0.07407407407407407
32 17	1.0 0.09259259259259259
32 17 82 17	1.0 0.09259259259259259
32 25 90 17	1.0 0.18518518518518517
32 28 93 17	1.0 0.07407407407407407
32 28 118 17	1.0 0.05555555555555555
32 28 124 17	1.0 0.018518518518518517
32 30 95 17	1.0 0.09259259259259259
32 30 121 17	1.0 0.037037037037037035
32 32 97 17	1.0 0.037037037037037035
32 53 93 17	1.0 0.05555555555555555
32 53 118 17	1.0 0.05555555555555555
32 59 93 17	1.0 0.018518518518518517
32 59 124 17	1.0 0.09259259259259259
32 97 17	1.0 0.3333333333333333
32 97 32 17	1.0 0.09259259259259259
32 97 97 17	1.0 0.14814814814814814
53 30 86 17	0.5 0.018518518518518517
53 30 95 17	1.0 0.18518518518518517
53 30 121 17	1.0 0.05555555555555555
53 52 86 17	1.0 0.018518518518518517
53 52 95 17	1.0 0.07407407407407407
53 52 121 17	1.0 0.05555555555555555
53 93 17	1.0 0.16666666666666666
53 93 32 17	1.0 0.07407407407407407
53 93 97 17	1.0 0.07407407407407407
53 99 86 17	1.0 0.018518518518518517
53 99 95 17	1.0 0.16666666666666666
53 99 121 17	1.0 0.05555555555555555
53 118 17	1.0 0.2777777777777778
53 118 32 17	1.0 0.05555555555555555
53 118 97 17	1.0 0.07407407407407407
53 121 124 17	1.0 0.05555555555555555
56 18 95 17	1.0 0.018518518518518517
56 20 95 17	1.0 0.018518518518518517
56 34 93 17	1.0 0.018518518518518517
56 34 118 17	1.0 0.018518518518518517
56 79 17	1.0 0.018518518518518517
56 83 95 17	1.0 0.018518518518518517
56 95 17	1.0 0.018518518518518517
56 95 32 17	1.0 0.018518518518518517
56 95 93 17	1.0 0.018518518518518517
56 95 97 17	1.0 0.018518518518518517
56 95 118 17	1.0 0.018518518518518517
56 95 124 17	1.0 0.018518518518518517
56 117 93 17	1.0 0.018518518518518517
56 117 118 17	1.0 0.018518518518518517
56 121 17	1.0 0.037037037037037035
56 121 32 17	1.0 0.018518518518518517
59 28 93 17	1.0 0.018518518518518517
59 30 95 17	1.0 0.2037037037037037
59 30 121 17	1.0 0.05555555555555555
59 56 93 17	1.0 0.05555555555555555
59 56 118 17	1.0 0.05555555555555555
59 93 17	1.0 0.05555555555555555
59 93 97 17	1.0 0.037037037037037035
59 124 17	1.0 0.3333333333333333
59 124 32 17	1.0 0.09259259259259259
59 124 97 17	1.0 0.1111111111111111
60 20 95 17	1.0 0.018518518518518517
60 43 17	1.0 0.018518518518518517
60 125 17	1.0 0.018518518518518517
61 18 86 17	1.0 0.018518518518518517
61 34 126 17	1.0 0.018518518518518517
61 77 67 17	1.0 0.018518518518518517
61 83 86 17	1.0 0.018518518518518517
61 85 67 17	1.0 0.018518518518518517
61 99 126 17	1.0 0.018518518518518517
61 105 67 17	0.4444444444444444 0.037037037037037035
61 126 6	0.0012048192771084338 0.018518518518518517
61 126 17	0.7272727272727273 0.12962962962962962
97 17	1.0 0.07407407407407407
97 17 82 17	1.0 0.07407407407407407
97 25 90 17	1.0 0.09259259259259259
97 28 93 17	1.0 0.037037037037037035
97 28 118 17	1.0 0.037037037037037035
97 30 95 17	1.0 0.09259259259259259
97 30 121 17	1.0 0.018518518518518517
97 32 17	1.0 0.12962962962962962
97 32 97 17	1.0 0.07407407407407407
97 53 93 17	1.0 0.018518518518518517
97 53 118 17	1.0 0.018518518518518517
97 56 95 17	1.0 0.018518518518518517
97 59 93 17	1.0 0.018518518518518517
97 59 124 17	1.0 0.05555555555555555
107 42 17	1.0 0.018518518518518517
108 20 95 17	1.0 0.037037037037037035
108 43 17	1.0 0.037037037037037035
108 125 17	1.0 0.018518518518518517
