1 66 19	1.0 0.037383177570093455
1 66 33 19	1.0 0.009345794392523364
15 80 18 19	0.6232669322709163 0.2897196261682243
15 80 18 56	0.05627490039840637 0.2616822429906542
15 80 19	0.9797979797979798 0.32710280373831774
15 80 27 19	0.8831877729257642 0.308411214953271
15 80 30 19	0.7919463087248322 0.2803738317757009
15 80 33 19	1.0 0.16822429906542055
15 80 52 19	1.0 0.19626168224299065
15 80 56	0.13793103448275862 0.018691588785046728
15 80 83 19	0.6330851558864589 0.2897196261682243
15 80 83 56	0.05627490039840637 0.2616822429906542
15 80 92 19	0.9369127516778524 0.308411214953271
15 80 95 19	0.7761194029850746 0.27102803738317754
15 80 99 19	0.6516129032258065 0.21495327102803738
15 80 116 19	1.0 0.16822429906542055
15 100 12 19	0.22033898305084745 0.2336448598130841
15 100 20 19	0.766867279062401 0.2897196261682243
15 100 20 56	0.01455026455026455 0.028037383177570093
15 100 39 19	0.05641025641025641 0.056074766355140186
15 100 40 19	0.15774647887323945 0.205607476635514
15 100 57 19	0.25 0.028037383177570093
15 100 67 61	0.008389261744966443 0.028037383177570093
15 100 121 19	1.0 0.028037383177570093
15 103 21 19	1.0 0.04672897196261682
15 103 30 19	1.0 0.04672897196261682
18 1 66 19	0.5 0.14953271028037382
18 3 68 19	0.25 0.18691588785046728
18 15 80 19	0.8402061855670103 0.2897196261682243
18 18 18 19	0.5634999149930385 0.4672897196261682
18 18 18 56	0.026599503269460967 0.3364485981308411
18 18 19	0.5939239882735632 0.4672897196261682
18 18 27 19	0.48482803781412337 0.4672897196261682
18 18 30 19	0.6155740924977702 0.42990654205607476
18 18 34 19	0.815031660199044 0.09345794392523364
18 18 56	0.030579827884616106 0.308411214953271
18 18 83 19	0.5962697805477531 0.4672897196261682
18 18 83 56	0.030532148667700567 0.3364485981308411
18 18 86 61	0.004674973104612941 0.42990654205607476
18 18 92 19	0.47339462171742963 0.4672897196261682
18 18 92 56	0.02542174926404551 0.308411214953271
18 18 95 19	0.32326864472374234 0.4392523364485981
18 18 98 19	0.5099769806188266 0.3925233644859813
18 18 110 19	0.9868972768979251 0.22429906542056074
18 18 117 19	0.5122969326739032 0.32710280373831774
18 19	0.6150234741784038 0.35514018691588783
18 19 84 19	0.7077872847395212 0.38317757009345793
18 19 84 56	0.4353448275862069 0.2523364485981308
18 19 105 40	0.8706896551724138 0.2523364485981308
18 19 121 19	0.8706896551724138 0.2523364485981308
18 19 126 61	0.6749460043196545 0.35514018691588783
18 27 18 19	0.42798356748702654 0.4485981308411215
18 27 18 56	0.061537899668743345 0.308411214953271
18 27 19	0.645045045045045 0.37383177570093457
18 27 27 19	0.4900202122283982 0.3925233644859813
18 27 34 19	0.4117647058823529 0.06542056074766354
18 27 56	0.04294478527607362 0.037383177570093455
18 27 83 19	0.3958967140022137 0.4485981308411215
18 27 83 56	0.04382859673926535 0.308411214953271
18 27 86 61	0.004716616407639372 0.19626168224299065
18 27 92 19	0.5524496101221127 0.3925233644859813
18 27 95 19	0.24125874125874125 0.27102803738317754
18 30 19	0.42857142857142855 0.14018691588785046
18 33 98 19	0.7934065934065934 0.29906542056074764
18 34 19	0.6666666666666666 0.037383177570093455
18 34 30 19	0.475177304964539 0.2803738317757009
18 34 52 19	0.22857142857142856 0.07476635514018691
18 34 99 19	0.32521739130434785 0.3644859813084112
18 45 92 19	0.9137931034482759 0.14018691588785046
18 45 110 19	0.6347099042781793 0.4672897196261682
18 45 110 56	0.06554950573558176 0.3364485981308411
18 56	0.15789473684210525 0.11214953271028037
18 56 84 19	0.8327228327228328 0.14953271028037382
18 56 126 61	0.7741935483870968 0.11214953271028037
18 77 12 19	0.3172787477423239 0.3364485981308411
18 77 20 19	0.28121927236971483 0.3177570093457944
18 77 20 56	0.1518987341772152 0.11214953271028037
18 77 39 19	0.6666666666666666 0.037383177570093455
18 83 18 19	0.36439574720455664 0.4672897196261682
18 83 18 56	0.010450050064950615 0.3364485981308411
18 83 19	0.5450906663929352 0.4672897196261682
18 83 27 19	0.5853925110206663 0.4672897196261682
18 83 30 19	0.5702045338804269 0.42990654205607476
18 83 33	0.004314347974228169 0.009345794392523364
18 83 34 19	0.7895631036825018 0.09345794392523364
18 83 56	0.02551702319925453 0.308411214953271
18 83 83 19	0.3550186802520063 0.4672897196261682
18 83 83 56	0.007946350347249607 0.3364485981308411
18 83 86 61	0.003810214171902315 0.42990654205607476
18 83 92 19	0.5698201832301754 0.4672897196261682
18 83 92 56	0.01742255565431455 0.308411214953271
18 83 95 19	0.2733968802058255 0.4392523364485981
18 83 98 19	0.4430551141358614 0.3925233644859813
18 83 117 19	0.4451737273912568 0.32710280373831774
18 85 12 19	0.29879740980573544 0.32710280373831774
18 85 20 19	0.2852807209121585 0.4485981308411215
18 85 20 56	0.07866609662248825 0.1308411214953271
18 85 39 19	0.41941747572815535 0.411214953271028
18 85 39 56	0.0946969696969697 0.24299065420560748
18 85 40 19	0.2963380281690141 0.32710280373831774
18 85 67 61	0.007617728531855956 0.3177570093457944
18 86 21 19	0.3296938613651985 0.4485981308411215
18 86 21 56	0.1531322505800464 0.1308411214953271
18 86 30 19	0.30126002290950743 0.308411214953271
18 86 61	0.0043468811128015645 0.18691588785046728
18 86 61 19	0.4200530035335689 0.32710280373831774
18 92 18 19	0.30882540680156967 0.4485981308411215
18 92 18 56	0.023398962798504404 0.308411214953271
18 92 19	0.6566666666666666 0.37383177570093457
18 92 27 19	0.514849044978435 0.40186915887850466
18 92 27 56	0.020026702269692925 0.12149532710280374
18 92 30 19	0.390745501285347 0.3364485981308411
18 92 56	0.042682926829268296 0.037383177570093455
18 92 83 19	0.29052952248504554 0.4485981308411215
18 92 83 56	0.01795271453025119 0.308411214953271
18 92 86 61	0.004691225101899562 0.19626168224299065
18 92 92 19	0.5770502124980325 0.3925233644859813
18 92 95 19	0.20454545454545456 0.27102803738317754
18 92 117 19	0.8297872340425532 0.12149532710280374
18 95 19	0.3867924528301887 0.2523364485981308
18 95 21 19	0.30620985010706636 0.35514018691588783
18 95 30 19	0.3362188113770277 0.3644859813084112
18 95 30 56	0.011270102570596428 0.16822429906542055
18 95 52 19	0.17959183673469387 0.205607476635514
18 95 99 19	0.4072398190045249 0.2803738317757009
18 98 19	0.8095238095238095 0.1588785046728972
18 98 33 19	0.3258426966292135 0.205607476635514
18 104 20 19	0.3576017130620985 0.3177570093457944
18 105 20 19	0.3147468818782098 0.32710280373831774
18 105 40 19	0.3286264441591784 0.32710280373831774
18 117 19	0.8 0.14953271028037382
18 117 30 19	0.24434389140271492 0.205607476635514
18 118 21 19	0.7777777777777778 0.06542056074766354
18 126 21 19	0.3631366801026017 0.37383177570093457
18 126 61 19	0.3875338753387534 0.32710280373831774
18 126 61 56	0.30277777777777776 0.12149532710280374
19	1.0 1.0
19 84 18 19	0.7189806829017431 0.7289719626168224
19 84 18 33	0.0006257896633806108 0.028037383177570093
19 84 18 56	0.15208114932006436 0.5233644859813084
19 84 19	0.8784782608695653 1.0
19 84 27 19	0.9497403742529636 0.897196261682243
19 84 27 56	0.34408602150537637 0.5233644859813084
19 84 30 19	0.43325092707045737 0.897196261682243
19 84 33 19	0.3347107438016529 0.7289719626168224
19 84 34 19	0.24324324324324326 0.16822429906542055
19 84 52 19	0.28125 0.5887850467289719
19 84 56	0.3783783783783784 0.5233644859813084
19 84 83 19	0.7323559187215273 0.7289719626168224
19 84 83 56	0.1510579227811212 0.5233644859813084
19 84 86 61	0.00514302224790523 0.7009345794392523
19 84 92 19	0.9783649052841475 0.897196261682243
19 84 92 56	0.3764705882352941 0.5233644859813084
19 84 95 19	0.6989032901296112 0.8598130841121495
19 84 98 19	0.7570093457943925 0.6915887850467289
19 84 99 19	0.5 0.16822429906542055
19 84 117 19	0.7078651685393258 0.5233644859813084
19 98 18 19	0.21428571428571427 0.028037383177570093
19 98 33	0.5 0.1308411214953271
19 105 40	1.0 0.5233644859813084
19 121 18 19	0.7452380952380953 0.5887850467289719
19 121 19	1.0 0.5233644859813084
19 121 27 19	1.0 0.5233644859813084
19 121 56	1.0 0.6542056074766355
19 121 83 19	0.7611607142857143 0.5887850467289719
19 121 92 19	1.0 0.5233644859813084
19 126 21 19	0.356 0.7289719626168224
19 126 61	0.9242819843342036 0.7009345794392523
27 15 80 19	0.9714285714285714 0.24299065420560748
27 15 80 56	0.19607843137254902 0.037383177570093455
27 18 18 19	0.4542645545790981 0.38317757009345793
27 18 18 56	0.05827277704082077 0.29906542056074764
27 18 19	0.6826923076923077 0.32710280373831774
27 18 27 19	0.7235246564268392 0.32710280373831774
27 18 27 56	0.021546261089987327 0.056074766355140186
27 18 30 19	0.5265700483091788 0.205607476635514
27 18 56	0.10038610038610038 0.12149532710280374
27 18 83 19	0.43141573902289154 0.38317757009345793
27 18 83 56	0.049966648035467 0.29906542056074764
27 18 92 19	0.734885467517837 0.32710280373831774
27 19	0.9285714285714286 0.38317757009345793
27 19 84 19	0.8719806763285024 0.411214953271028
27 19 105 40	1.0 0.29906542056074764
27 19 121 19	1.0 0.29906542056074764
27 19 126 61	0.8819875776397516 0.3364485981308411
27 27 18 19	0.6489642826698491 0.37383177570093457
27 27 18 33	0.0025072755764495185 0.018691588785046728
27 27 18 56	0.08907741251325557 0.19626168224299065
27 27 19	0.9638157894736842 0.48598130841121495
27 27 27 19	0.9593429158110883 0.4392523364485981
27 27 27 33	0.001963350785340314 0.018691588785046728
27 27 30 19	0.40298507462686567 0.19626168224299065
27 27 56	0.18181818181818182 0.018691588785046728
27 27 83 19	0.653882212562857 0.37383177570093457
27 27 83 33	0.0025217273832575313 0.018691588785046728
27 27 92 19	0.9669978708303761 0.4392523364485981
27 27 92 33	0.0016759776536312849 0.018691588785046728
27 27 95 19	0.8169014084507042 0.14018691588785046
27 27 110 19	1.0 0.11214953271028037
27 30 19	0.36363636363636365 0.07476635514018691
27 30 95 19	0.8904109589041096 0.09345794392523364
27 33 98 19	1.0 0.35514018691588783
27 33 110 19	1.0 0.056074766355140186
27 45 92 19	1.0 0.11214953271028037
27 45 98 19	1.0 0.2897196261682243
27 45 110 19	0.7326020499910089 0.4485981308411215
27 45 110 56	0.08327278011916872 0.308411214953271
27 52 92 19	1.0 0.009345794392523364
27 52 117 19	1.0 0.028037383177570093
27 56	0.3333333333333333 0.028037383177570093
27 56 84 19	0.8888888888888888 0.028037383177570093
27 77 12 19	0.4461538461538462 0.19626168224299065
27 83 18 19	0.6139629948685178 0.38317757009345793
27 83 18 56	0.08515089605085467 0.29906542056074764
27 83 19	0.6923076923076923 0.3177570093457944
27 83 27 19	0.6972817133443163 0.3177570093457944
27 83 56	0.09411764705882353 0.11214953271028037
27 83 83 19	0.5945567330910743 0.38317757009345793
27 83 83 56	0.07826329149393756 0.29906542056074764
27 83 92 19	0.6944104447164423 0.3177570093457944
27 83 95 19	0.5056022408963585 0.24299065420560748
27 83 117 19	0.8771929824561403 0.17757009345794392
27 85 20 19	0.3401627841706427 0.3177570093457944
27 85 20 56	0.09266886326194398 0.028037383177570093
27 85 40 19	0.4975609756097561 0.2523364485981308
27 85 67 61	0.009615384615384616 0.06542056074766354
27 86 21 19	0.45986535473847745 0.205607476635514
27 86 21 56	0.22429906542056074 0.028037383177570093
27 92 18 19	0.7446932976767507 0.3644859813084112
27 92 18 33	0.0015623680432395913 0.018691588785046728
27 92 19	0.9918032786885246 0.4953271028037383
27 92 27 19	0.9658273381294964 0.4485981308411215
27 92 27 33	0.002718622564567286 0.018691588785046728
27 92 30 19	0.37349397590361444 0.21495327102803738
27 92 83 19	0.7529072234954588 0.3644859813084112
27 92 83 33	0.0015787677077999658 0.018691588785046728
27 92 92 19	0.9721723518850988 0.4392523364485981
27 92 92 33	0.002699055330634278 0.018691588785046728
27 92 95 19	0.6746987951807228 0.12149532710280374
27 93 28 19	1.0 0.018691588785046728
27 93 98 19	1.0 0.009345794392523364
27 95 19	0.6923076923076923 0.04672897196261682
27 95 30 19	0.4648074369189907 0.2616822429906542
27 95 30 33	0.004329004329004329 0.009345794392523364
27 98 30 19	0.6470588235294118 0.07476635514018691
27 104 20 56	0.2 0.028037383177570093
27 104 39 19	0.6451612903225806 0.19626168224299065
27 104 40 19	1.0 0.056074766355140186
27 105 20 19	0.45454545454545453 0.2803738317757009
27 105 39 19	1.0 0.06542056074766354
27 105 40 19	0.7384196185286104 0.29906542056074764
27 110 18 19	0.6088888888888889 0.04672897196261682
27 110 19	1.0 0.04672897196261682
27 110 83 19	0.6190476190476191 0.04672897196261682
27 110 92 19	1.0 0.04672897196261682
27 117 27 19	1.0 0.037383177570093455
27 117 52 19	0.5384615384615384 0.102803738317757
27 117 92 19	1.0 0.018691588785046728
27 118 28 19	1.0 0.009345794392523364
27 118 53 19	1.0 0.028037383177570093
27 126 21 19	0.5319148936170213 0.205607476635514
27 126 61 19	0.5392953929539296 0.2336448598130841
30 15 80 19	0.8 0.12149532710280374
30 18 18 19	0.31287655376864154 0.17757009345794392
30 18 18 33	0.0008207110341427611 0.08411214953271028
30 18 18 56	0.027988136972035838 0.056074766355140186
30 18 19	0.3046875 0.16822429906542055
30 18 27 19	0.2744360902255639 0.17757009345794392
30 18 27 33	0.005070086489710707 0.07476635514018691
30 18 30 19	0.34814814814814815 0.14953271028037382
30 18 33	0.001949317738791423 0.009345794392523364
30 18 34 19	0.16666666666666666 0.009345794392523364
30 18 56	0.03305785123966942 0.037383177570093455
30 18 83 19	0.30698009328662407 0.17757009345794392
30 18 83 33	0.0007512422575092286 0.08411214953271028
30 18 83 56	0.026188868328005085 0.056074766355140186
30 18 86 61	0.0005961251862891207 0.037383177570093455
30 18 92 19	0.27768166089965396 0.17757009345794392
30 18 92 33	0.004954823666569514 0.07476635514018691
30 18 95 19	0.46153846153846156 0.1588785046728972
30 18 117 19	0.15 0.028037383177570093
30 19	0.42857142857142855 0.1308411214953271
30 19 84 19	0.5736497545008183 0.1308411214953271
30 19 84 56	0.35714285714285715 0.09345794392523364
30 19 105 40	0.8333333333333334 0.09345794392523364
30 19 126 61	0.5391304347826087 0.12149532710280374
30 27 18 19	0.16610878661087866 0.14018691588785046
30 27 18 33	0.006905099150141643 0.07476635514018691
30 27 19	0.3684210526315789 0.06542056074766354
30 27 27 19	0.24305555555555555 0.14953271028037382
30 27 27 33	0.013733905579399141 0.07476635514018691
30 27 30 19	0.24074074074074073 0.11214953271028037
30 27 52 19	0.25 0.009345794392523364
30 27 83 19	0.16873963515754561 0.14018691588785046
30 27 83 33	0.006885593220338983 0.07476635514018691
30 27 92 19	0.24912280701754386 0.14953271028037382
30 27 92 33	0.013686911890504704 0.07476635514018691
30 27 95 19	0.8732394366197183 0.07476635514018691
30 30 19	0.3333333333333333 0.009345794392523364
30 30 83 19	0.8 0.04672897196261682
30 33 98 19	1.0 0.028037383177570093
30 33 98 33	0.011976047904191617 0.06542056074766354
30 34 19	1.0 0.037383177570093455
30 34 30 19	0.8333333333333334 0.04672897196261682
30 34 52 19	1.0 0.009345794392523364
30 34 99 19	0.42342342342342343 0.14018691588785046
30 45 92 19	1.0 0.028037383177570093
30 45 110 19	0.25073352894105094 0.17757009345794392
30 45 110 33	0.010928186204938973 0.08411214953271028
30 45 110 56	0.020381613183000868 0.056074766355140186
30 77 12 19	0.25609756097560976 0.11214953271028037
30 77 20 19	0.25925925925925924 0.11214953271028037
30 77 40 19	1.0 0.018691588785046728
30 83 18 19	0.3561233009278262 0.17757009345794392
30 83 18 33	8.654863638781365e-05 0.08411214953271028
30 83 18 56	0.010536981635835966 0.056074766355140186
30 83 19	0.31297709923664124 0.16822429906542055
30 83 27 19	0.29092526690391457 0.17757009345794392
30 83 27 33	0.007934086054317974 0.07476635514018691
30 83 30 19	0.34057971014492755 0.14953271028037382
30 83 33	0.0019267822736030828 0.009345794392523364
30 83 56	0.03305785123966942 0.037383177570093455
30 83 83 19	0.32363784607018387 0.17757009345794392
30 83 83 33	0.00013244900424008366 0.08411214953271028
30 83 83 56	0.010300431988497926 0.056074766355140186
30 83 92 19	0.29307432432432434 0.17757009345794392
30 83 92 33	0.007838408200180886 0.07476635514018691
30 83 95 19	0.46153846153846156 0.1588785046728972
30 83 117 19	0.15 0.028037383177570093
30 85 12 19	0.2653061224489796 0.04672897196261682
30 85 20 19	0.26134223895974706 0.18691588785046728
30 85 39 19	0.5633802816901409 0.08411214953271028
30 85 40 19	0.4246031746031746 0.102803738317757
30 85 57 19	0.5769230769230769 0.06542056074766354
30 86 21 19	0.2808067375886525 0.16822429906542055
30 86 30 19	0.2719298245614035 0.04672897196261682
30 86 61	0.008908685968819599 0.037383177570093455
30 86 61 19	0.33766233766233766 0.028037383177570093
30 86 61 56	0.13333333333333333 0.018691588785046728
30 92 18 19	0.17115384615384616 0.14018691588785046
30 92 18 33	0.008403361344537815 0.07476635514018691
30 92 19	0.4090909090909091 0.06542056074766354
30 92 27 19	0.2939297124600639 0.14953271028037382
30 92 27 33	0.01557632398753894 0.07476635514018691
30 92 30 19	0.35 0.11214953271028037
30 92 52 19	0.25 0.009345794392523364
30 92 83 19	0.1744518589132507 0.14018691588785046
30 92 83 33	0.008383233532934131 0.07476635514018691
30 92 83 56	0.016145307769929364 0.037383177570093455
30 92 92 19	0.29372937293729373 0.14953271028037382
30 92 92 33	0.015518311607697082 0.07476635514018691
30 92 95 19	0.8732394366197183 0.07476635514018691
30 95 18 19	0.5454545454545454 0.04672897196261682
30 95 19	0.9774011299435028 0.2803738317757009
30 95 21 19	0.21621621621621623 0.056074766355140186
30 95 27 19	0.7340425531914894 0.102803738317757
30 95 30 19	0.2825880114176974 0.14018691588785046
30 95 52 19	0.35443037974683544 0.08411214953271028
30 95 83 19	0.5454545454545454 0.04672897196261682
30 95 92 19	0.7386363636363636 0.08411214953271028
30 95 95 19	0.6666666666666666 0.009345794392523364
30 95 99 19	0.8095238095238095 0.08411214953271028
30 98 19	0.6666666666666666 0.018691588785046728
30 104 39 19	0.26119402985074625 0.04672897196261682
30 104 40 19	1.0 0.028037383177570093
30 105 20 19	0.29213483146067415 0.06542056074766354
30 105 40 19	0.31100478468899523 0.07476635514018691
30 117 19	0.75 0.028037383177570093
30 117 30 19	0.3 0.037383177570093455
30 117 52 19	0.3148148148148148 0.037383177570093455
30 126 21 19	0.29347826086956524 0.14953271028037382
30 126 61 19	0.29012345679012347 0.04672897196261682
33 18 18 19	0.6136730934943508 0.018691588785046728
33 18 19	0.8 0.018691588785046728
33 18 27 19	0.6736842105263158 0.018691588785046728
33 18 30 19	0.3333333333333333 0.009345794392523364
33 18 56	0.125 0.009345794392523364
33 18 83 19	0.6136814721723572 0.018691588785046728
33 18 92 19	0.6792452830188679 0.018691588785046728
33 19	0.4 0.018691588785046728
33 19 84 19	0.5869565217391305 0.018691588785046728
33 19 126 61	0.5454545454545454 0.018691588785046728
33 28 27 19	1.0 0.028037383177570093
33 28 92 19	1.0 0.028037383177570093
33 45 110 19	0.48372093023255813 0.018691588785046728
33 83 18 19	0.5855045073938917 0.028037383177570093
33 83 18 56	0.024234664560100018 0.018691588785046728
33 83 19	0.8095238095238095 0.018691588785046728
33 83 27 19	0.675 0.028037383177570093
33 83 56	0.125 0.009345794392523364
33 83 83 19	0.6337395527612304 0.028037383177570093
33 83 92 19	0.6904761904761905 0.028037383177570093
33 85 20 19	0.2524440582228981 0.009345794392523364
33 86 21 19	0.3041982105987612 0.009345794392523364
33 86 30 19	0.25 0.009345794392523364
33 86 61	0.008130081300813009 0.009345794392523364
33 92 19	1.0 0.009345794392523364
33 95 19	0.6666666666666666 0.009345794392523364
33 95 30 19	0.27137546468401486 0.009345794392523364
33 98 18 19	0.5656324582338902 0.32710280373831774
33 98 19	1.0 0.3644859813084112
33 98 27 19	0.9309551208285386 0.35514018691588783
33 98 33 19	0.2682926829268293 0.09345794392523364
33 98 56	1.0 0.037383177570093455
33 98 83 19	0.5779376498800959 0.32710280373831774
33 98 92 19	1.0 0.35514018691588783
33 105 40 19	0.25 0.009345794392523364
33 110 18 19	0.6095890410958904 0.009345794392523364
33 110 19	1.0 0.037383177570093455
33 110 27 19	0.9810126582278481 0.037383177570093455
33 110 83 19	0.6190476190476191 0.009345794392523364
33 110 92 19	1.0 0.037383177570093455
33 117 19	1.0 0.009345794392523364
34 15 80 19	1.0 0.08411214953271028
34 19	0.5 0.009345794392523364
34 30 18 19	0.38839285714285715 0.16822429906542055
34 30 19	0.9259259259259259 0.16822429906542055
34 30 27 19	0.9090909090909091 0.14018691588785046
34 30 30 19	0.3888888888888889 0.04672897196261682
34 30 83 19	0.38961038961038963 0.16822429906542055
34 30 92 19	0.92 0.14018691588785046
34 30 95 19	0.8947368421052632 0.056074766355140186
34 52 19	1.0 0.037383177570093455
34 52 95 19	1.0 0.028037383177570093
34 77 12 19	1.0 0.028037383177570093
34 77 20 19	0.6067415730337079 0.14953271028037382
34 77 40 19	0.8 0.037383177570093455
34 77 121 19	1.0 0.028037383177570093
34 93 30 19	1.0 0.056074766355140186
34 99 18 19	0.4659090909090909 0.16822429906542055
34 99 19	0.927536231884058 0.2897196261682243
34 99 83 19	0.46691176470588236 0.16822429906542055
34 99 95 19	0.9215686274509803 0.09345794392523364
34 104 20 19	0.9390519187358917 0.1588785046728972
34 104 40 19	0.6666666666666666 0.04672897196261682
34 105 20 19	0.7178729689807977 0.22429906542056074
34 121 18 19	0.6666666666666666 0.009345794392523364
34 121 19	1.0 0.009345794392523364
34 121 83 19	0.7 0.009345794392523364
34 121 92 19	1.0 0.009345794392523364
34 126 21 19	0.7534246575342466 0.102803738317757
45 28 92 19	1.0 0.009345794392523364
45 83 18 19	0.7276853252647504 0.3177570093457944
45 83 27 19	0.25 0.308411214953271
45 83 83 19	0.7309417040358744 0.3177570093457944
45 92 18 19	0.474025974025974 0.08411214953271028
45 92 19	1.0 0.07476635514018691
45 92 27 19	1.0 0.08411214953271028
45 98 18 19	0.25 0.308411214953271
45 98 19	1.0 0.3177570093457944
45 98 27 19	1.0 0.3177570093457944
45 98 92 19	1.0 0.3177570093457944
45 108 20 19	0.4740532959326788 0.4672897196261682
45 110 18 19	0.5267723138713774 0.4953271028037383
45 110 18 56	0.07212145913515201 0.3644859813084112
45 110 19	0.676170935333239 0.5794392523364486
45 110 27 19	0.6021831066407589 0.5514018691588785
45 110 27 56	0.04632152588555858 0.35514018691588783
45 110 30 19	0.3471085468938682 0.48598130841121495
45 110 34 19	0.2952029520295203 0.11214953271028037
45 110 52 19	0.25 0.037383177570093455
45 110 56	0.07768446310737852 0.35514018691588783
45 110 83 19	0.531592422037717 0.4953271028037383
45 110 83 56	0.07289418929937261 0.3644859813084112
45 110 86 61	0.0037220116447188463 0.4672897196261682
45 110 92 19	0.6261602608527704 0.5514018691588785
45 110 92 56	0.04849561332687443 0.35514018691588783
45 110 95 19	0.2586325491814555 0.4766355140186916
45 110 98 19	0.5531914893617021 0.45794392523364486
45 110 117 19	0.801980198019802 0.34579439252336447
51 15 80 19	1.0 0.028037383177570093
51 116 18 19	0.5 0.028037383177570093
51 116 19	1.0 0.102803738317757
51 116 20 19	0.7370466321243523 0.102803738317757
51 116 20 33	0.0038240917782026767 0.018691588785046728
51 116 30 19	1.0 0.018691588785046728
51 116 39 19	0.3333333333333333 0.028037383177570093
51 116 83 19	0.5 0.028037383177570093
52 18 18 19	0.613673105720228 0.018691588785046728
52 18 19	0.7894736842105263 0.018691588785046728
52 18 27 19	0.6666666666666666 0.018691588785046728
52 18 56	0.125 0.018691588785046728
52 18 83 19	0.613681484574738 0.018691588785046728
52 18 92 19	0.6730769230769231 0.018691588785046728
52 19	0.25 0.018691588785046728
52 19 126 61	0.4 0.018691588785046728
52 27 19	1.0 0.018691588785046728
52 34 19	1.0 0.009345794392523364
52 45 110 19	0.6585365853658537 0.018691588785046728
52 77 40 19	1.0 0.009345794392523364
52 83 18 19	0.5855045095617585 0.018691588785046728
52 83 18 56	0.024234662996292566 0.018691588785046728
52 83 19	0.8 0.018691588785046728
52 83 30 19	0.3333333333333333 0.018691588785046728
52 83 56	0.125 0.018691588785046728
52 83 83 19	0.6337395572889165 0.018691588785046728
52 83 83 56	0.02567633198607188 0.018691588785046728
52 83 92 19	0.7 0.018691588785046728
52 83 95 19	0.15 0.018691588785046728
52 85 12 19	0.2826086956521739 0.018691588785046728
52 85 20 19	0.2524440582228981 0.018691588785046728
52 85 39 19	0.4 0.028037383177570093
52 85 40 19	0.29133858267716534 0.028037383177570093
52 85 57 19	0.5384615384615384 0.028037383177570093
52 86 21 19	0.3041982105987612 0.018691588785046728
52 86 30 19	0.25 0.018691588785046728
52 86 61	0.008130081300813009 0.018691588785046728
52 86 61 19	0.4025974025974026 0.018691588785046728
52 92 18 19	0.49230769230769234 0.018691588785046728
52 92 19	1.0 0.018691588785046728
52 92 27 19	0.2857142857142857 0.018691588785046728
52 92 83 19	0.5111111111111111 0.018691588785046728
52 92 92 19	0.3076923076923077 0.018691588785046728
52 95 19	0.75 0.028037383177570093
52 95 30 19	0.27137546468401486 0.018691588785046728
52 98 19	1.0 0.018691588785046728
52 117 19	1.0 0.07476635514018691
52 117 27 19	1.0 0.04672897196261682
52 117 30 19	0.2 0.018691588785046728
52 117 92 19	1.0 0.028037383177570093
52 126 21 19	0.3076923076923077 0.018691588785046728
52 126 61 19	0.2549019607843137 0.018691588785046728
54 119 19	1.0 0.056074766355140186
56	0.25 0.009345794392523364
56 12 19	1.0 0.009345794392523364
56 12 30 19	1.0 0.009345794392523364
56 12 99 19	1.0 0.009345794392523364
56 35 80 19	1.0 0.009345794392523364
56 40 19	1.0 0.009345794392523364
56 40 30 19	1.0 0.009345794392523364
56 84 18 19	0.6841039487006413 0.009345794392523364
56 84 19	0.8888888888888888 0.009345794392523364
56 84 27 19	0.9491525423728814 0.009345794392523364
56 84 83 19	0.6986143187066974 0.009345794392523364
56 84 83 56	0.1581798483206934 0.009345794392523364
56 105 39 19	1.0 0.009345794392523364
56 121 19	1.0 0.037383177570093455
56 121 30 19	1.0 0.009345794392523364
56 126 61	0.9090909090909091 0.009345794392523364
77 12 18 19	0.8865598027127004 0.11214953271028037
77 12 18 56	0.0918918918918919 0.056074766355140186
77 12 19	1.0 0.16822429906542055
77 12 27 19	0.9411764705882353 0.1308411214953271
77 12 30 19	0.5263157894736842 0.04672897196261682
77 12 52 19	0.4 0.018691588785046728
77 12 56	0.8 0.037383177570093455
77 12 99 19	1.0 0.009345794392523364
77 20 18 19	0.9726027397260274 0.09345794392523364
77 20 19	0.8909090909090909 0.08411214953271028
77 20 83 19	0.9729151817533856 0.09345794392523364
77 35 80 19	0.5777777777777777 0.028037383177570093
77 39 19	1.0 0.009345794392523364
77 40 19	1.0 0.028037383177570093
77 121 19	1.0 0.009345794392523364
77 121 30 19	1.0 0.009345794392523364
81 16 19	1.0 0.009345794392523364
83 1 66 19	0.4959349593495935 0.14018691588785046
83 15 80 19	0.8343337334933973 0.2803738317757009
83 15 80 56	0.16901408450704225 0.11214953271028037
83 18 18 19	0.7878910480677017 0.45794392523364486
83 18 18 56	0.12215484021069688 0.32710280373831774
83 18 19	0.7995276383666495 0.45794392523364486
83 18 27 19	0.8631295350183616 0.45794392523364486
83 18 27 56	0.010253870625502278 0.29906542056074764
83 18 30 19	0.9083312033952446 0.4205607476635514
83 18 56	0.023984599183064552 0.29906542056074764
83 18 83 19	0.8005288103025958 0.45794392523364486
83 18 83 56	0.12538653943885533 0.32710280373831774
83 18 86 61	0.00828526388521341 0.4205607476635514
83 18 92 19	0.8569469347916615 0.45794392523364486
83 18 92 56	0.011331935915499232 0.29906542056074764
83 18 95 19	0.7792052848678361 0.42990654205607476
83 18 98 19	0.7469254713069156 0.38317757009345793
83 18 110 19	0.9999644109061785 0.21495327102803738
83 18 117 19	0.7391826520078288 0.3177570093457944
83 19	0.6238095238095238 0.34579439252336447
83 19 84 19	0.7116410759011217 0.37383177570093457
83 19 121 19	0.8706896551724138 0.24299065420560748
83 19 121 56	0.7481481481481481 0.24299065420560748
83 19 126 61	0.6800870511425462 0.34579439252336447
83 27 18 19	0.40311101733549076 0.4392523364485981
83 27 18 56	0.02877628612882169 0.29906542056074764
83 27 19	0.6557911908646004 0.3644859813084112
83 27 27 19	0.5815479637135688 0.38317757009345793
83 27 30 19	0.392018779342723 0.32710280373831774
83 27 34 19	0.4117647058823529 0.06542056074766354
83 27 56	0.04371584699453552 0.037383177570093455
83 27 83 19	0.4070571645672372 0.4392523364485981
83 27 83 56	0.02831014539566793 0.29906542056074764
83 27 92 19	0.628880610253681 0.38317757009345793
83 27 95 19	0.23625254582484725 0.2616822429906542
83 27 98 19	0.8301886792452831 0.11214953271028037
83 27 110 19	0.9210526315789473 0.06542056074766354
83 30 19	0.42857142857142855 0.14018691588785046
83 33 98 19	0.8004246284501062 0.29906542056074764
83 34 19	0.6666666666666666 0.037383177570093455
83 34 30 19	0.4744525547445255 0.27102803738317754
83 34 99 19	0.32608695652173914 0.35514018691588783
83 45 92 19	0.9090909090909091 0.1308411214953271
83 45 110 19	0.6352115634456952 0.45794392523364486
83 45 110 56	0.06527690040008423 0.32710280373831774
83 56	0.14864864864864866 0.102803738317757
83 56 84 19	0.828042328042328 0.14018691588785046
83 77 12 19	0.3166243654822335 0.32710280373831774
83 77 12 56	0.5357142857142857 0.12149532710280374
83 77 20 19	0.28202479338842973 0.308411214953271
83 83 18 19	0.6948955363480854 0.45794392523364486
83 83 18 56	0.10299515357084457 0.32710280373831774
83 83 19	0.725024581604285 0.45794392523364486
83 83 27 19	0.8082673853581772 0.45794392523364486
83 83 30 19	0.8769726144907124 0.4205607476635514
83 83 34 19	0.9793589762453705 0.09345794392523364
83 83 56	0.020892992448842844 0.29906542056074764
83 83 83 19	0.7062339238475285 0.45794392523364486
83 83 83 56	0.10636418243077499 0.32710280373831774
83 83 86 61	0.006749927579822371 0.4205607476635514
83 83 92 19	0.8010230036869689 0.45794392523364486
83 83 92 56	0.010014377263223923 0.29906542056074764
83 83 95 19	0.6873096611030938 0.42990654205607476
83 83 117 19	0.6275343119264514 0.3177570093457944
83 85 12 19	0.29748062015503873 0.3177570093457944
83 85 20 19	0.2862773218053413 0.4392523364485981
83 85 20 56	0.07302108537849983 0.12149532710280374
83 85 39 19	0.42063492063492064 0.40186915887850466
83 85 40 19	0.29712272460364064 0.3177570093457944
83 85 67 61	0.008032694475760991 0.3177570093457944
83 86 21 19	0.3306162912375392 0.4392523364485981
83 86 21 56	0.14657210401891252 0.12149532710280374
83 86 30 19	0.30335731414868106 0.29906542056074764
83 86 61	0.00425436632333184 0.17757009345794392
83 86 61 19	0.4213197969543147 0.3177570093457944
83 86 61 56	0.2556053811659193 0.205607476635514
83 92 18 19	0.39858995595645413 0.4392523364485981
83 92 18 56	0.030208762285623632 0.29906542056074764
83 92 19	0.6661490683229814 0.3644859813084112
83 92 27 19	0.5686057540309832 0.3925233644859813
83 92 27 56	0.02119071644803229 0.11214953271028037
83 92 83 19	0.4153502138902376 0.4392523364485981
83 92 83 56	0.031179473673233874 0.29906542056074764
83 92 86 61	0.005111244738424534 0.18691588785046728
83 92 92 19	0.5904102650683775 0.38317757009345793
83 92 92 56	0.023115024766097964 0.11214953271028037
83 92 95 19	0.20976491862567812 0.2616822429906542
83 92 117 19	0.8301886792452831 0.11214953271028037
83 95 19	0.3786407766990291 0.24299065420560748
83 95 21 19	0.30837988826815643 0.34579439252336447
83 95 27 19	0.5263157894736842 0.14018691588785046
83 95 30 19	0.33816498444258936 0.35514018691588783
83 95 30 56	0.01064773735581189 0.1588785046728972
83 95 52 19	0.1794871794871795 0.19626168224299065
83 98 19	0.8 0.14953271028037382
83 98 52 19	0.32142857142857145 0.19626168224299065
83 104 20 19	0.3585746102449889 0.308411214953271
83 104 39 19	0.3275862068965517 0.3177570093457944
83 105 20 19	0.3161538461538462 0.3177570093457944
83 105 20 56	0.2268041237113402 0.102803738317757
83 105 40 19	0.3293010752688172 0.3177570093457944
83 117 19	0.7894736842105263 0.14018691588785046
83 117 30 19	0.24465558194774348 0.19626168224299065
83 117 33 19	0.32142857142857145 0.19626168224299065
83 122 20 19	0.33076923076923076 0.22429906542056074
83 126 21 19	0.364630467571644 0.3644859813084112
83 126 21 56	0.23655913978494625 0.102803738317757
83 126 61 19	0.38875132649451716 0.3177570093457944
83 126 61 56	0.2857142857142857 0.11214953271028037
85 1 19	1.0 0.037383177570093455
85 12 19	1.0 0.06542056074766354
85 12 30 19	0.8421052631578947 0.1308411214953271
85 12 52 19	0.7272727272727273 0.06542056074766354
85 12 99 19	0.6136363636363636 0.1308411214953271
85 16 30 19	0.9858490566037735 0.09345794392523364
85 20 18 19	0.9995560321193104 0.3177570093457944
85 20 18 56	0.03983355009521062 0.19626168224299065
85 20 19	0.9894459102902374 0.411214953271028
85 20 27 19	0.9322765311250464 0.2803738317757009
85 20 27 56	0.0007251256021132232 0.028037383177570093
85 20 30 19	0.5068493150684932 0.07476635514018691
85 20 34 19	0.9857142857142858 0.018691588785046728
85 20 56	0.42613636363636365 0.009345794392523364
85 20 83 19	0.9993058531730943 0.308411214953271
85 20 83 56	0.04762604706906109 0.18691588785046728
85 20 86 61	0.018466683246114852 0.1308411214953271
85 20 92 19	0.935384038263153 0.2897196261682243
85 20 92 56	0.0007251256021132232 0.028037383177570093
85 20 95 19	0.9919093851132686 0.19626168224299065
85 20 98 19	0.9987107864202837 0.102803738317757
85 20 117 19	0.9987107864202837 0.102803738317757
85 23 20 19	0.968421052631579 0.08411214953271028
85 35 80 19	0.9680127948820472 0.17757009345794392
85 39 18 19	0.9055944055944056 0.08411214953271028
85 39 19	1.0 0.09345794392523364
85 39 27 19	0.9 0.08411214953271028
85 39 30 19	0.9539473684210527 0.205607476635514
85 39 30 56	0.23809523809523808 0.028037383177570093
85 39 52 19	0.98 0.06542056074766354
85 39 99 19	0.906318082788671 0.16822429906542055
85 39 121 19	1.0 0.009345794392523364
85 40 18 19	0.8947368421052632 0.12149532710280374
85 40 18 56	0.07482993197278912 0.04672897196261682
85 40 19	0.9705882352941176 0.1588785046728972
85 40 27 19	0.9896193771626297 0.1308411214953271
85 40 30 19	0.8546583850931677 0.24299065420560748
85 40 52 19	0.7857142857142857 0.09345794392523364
85 40 83 19	0.9011943539630836 0.11214953271028037
85 40 92 19	0.990228013029316 0.1308411214953271
85 40 95 19	1.0 0.037383177570093455
85 40 99 19	0.8725314183123878 0.17757009345794392
85 43 21 19	1.0 0.04672897196261682
85 43 110 19	0.7428571428571429 0.09345794392523364
85 45 30 19	0.9608355091383812 0.07476635514018691
85 46 111 40	3.4920548348856527e-05 0.11214953271028037
85 51 116 19	0.8198847262247838 0.2336448598130841
85 57 19	1.0 0.04672897196261682
85 58 20 19	0.983957219251337 0.09345794392523364
85 67 61	0.009950248756218905 0.037383177570093455
85 88 20 19	0.968421052631579 0.08411214953271028
85 88 40 19	1.0 0.04672897196261682
85 109 20 19	0.9710144927536232 0.056074766355140186
85 123 20 19	1.0 0.08411214953271028
86 2 20 19	0.8029336734693877 0.08411214953271028
86 6 71 61	0.017492894690510324 0.07476635514018691
86 21 18 19	0.9989331319312863 0.11214953271028037
86 21 18 56	0.12908624804583183 0.056074766355140186
86 21 19	0.8503184713375797 0.12149532710280374
86 21 56	0.2222222222222222 0.009345794392523364
86 21 83 19	0.998931292666633 0.11214953271028037
86 21 92 19	0.7893621816542709 0.11214953271028037
86 21 95 19	0.9088952654232425 0.07476635514018691
86 30 19	0.92 0.08411214953271028
86 30 83 19	0.7241379310344828 0.08411214953271028
86 38 80 19	1.0 0.018691588785046728
86 61	0.015209125475285171 0.028037383177570093
86 61 18 19	0.8731723344833251 0.06542056074766354
86 61 19	0.8656716417910447 0.06542056074766354
86 61 56	0.23076923076923078 0.018691588785046728
86 61 83 19	0.872689278251085 0.06542056074766354
86 61 99 19	0.7534246575342466 0.06542056074766354
92 1 66 19	1.0 0.037383177570093455
92 15 80 19	0.9714285714285714 0.22429906542056074
92 18 18 19	0.4797548006654579 0.3644859813084112
92 18 18 56	0.05457140853518047 0.2803738317757009
92 18 19	0.6706281833616299 0.3177570093457944
92 18 27 19	0.7030028794734677 0.308411214953271
92 18 30 19	0.4269005847953216 0.205607476635514
92 18 56	0.10245901639344263 0.12149532710280374
92 18 83 19	0.4186329573482192 0.3644859813084112
92 18 83 56	0.039162918867825997 0.2803738317757009
92 18 92 19	0.7047808764940239 0.308411214953271
92 18 95 19	0.48130841121495327 0.2336448598130841
92 18 117 19	0.8813559322033898 0.17757009345794392
92 19	0.9629629629629629 0.3644859813084112
92 19 84 19	0.8816607460035524 0.3925233644859813
92 19 105 40	1.0 0.2803738317757009
92 19 121 19	1.0 0.2803738317757009
92 19 126 61	0.8975979772439949 0.3177570093457944
92 27 18 19	0.688953488372093 0.37383177570093457
92 27 18 33	0.0010524930930140772 0.028037383177570093
92 27 18 56	0.07512805919180421 0.17757009345794392
92 27 19	0.9753086419753086 0.514018691588785
92 27 27 19	0.9260614934114202 0.4485981308411215
92 27 27 33	0.0022818026240730175 0.028037383177570093
92 27 27 56	0.055248618784530384 0.028037383177570093
92 27 30 19	0.42857142857142855 0.21495327102803738
92 27 56	0.19047619047619047 0.018691588785046728
92 27 83 19	0.6947013063261412 0.37383177570093457
92 27 83 33	0.0010982473802223951 0.028037383177570093
92 27 92 19	0.9384316267012314 0.45794392523364486
92 27 92 33	0.0019694731659281144 0.028037383177570093
92 27 92 56	0.05291005291005291 0.028037383177570093
92 27 95 19	0.875 0.14953271028037382
92 27 110 19	1.0 0.11214953271028037
92 30 18 19	0.5263157894736842 0.018691588785046728
92 30 19	0.3333333333333333 0.09345794392523364
92 30 86 61	0.005390835579514825 0.018691588785046728
92 30 95 19	0.8734177215189873 0.11214953271028037
92 33 18 19	0.7894736842105263 0.018691588785046728
92 33 19	0.25 0.018691588785046728
92 33 83 19	0.8 0.018691588785046728
92 33 98 19	1.0 0.35514018691588783
92 33 110 19	1.0 0.056074766355140186
92 34 30 19	0.8823529411764706 0.17757009345794392
92 34 99 19	0.6086956521739131 0.22429906542056074
92 45 98 19	1.0 0.2803738317757009
92 45 110 19	0.7352019038265403 0.42990654205607476
92 45 110 56	0.0832693194039023 0.2897196261682243
92 52 19	0.25 0.018691588785046728
92 52 117 19	1.0 0.04672897196261682
92 56	0.375 0.028037383177570093
92 77 12 19	0.5573770491803278 0.17757009345794392
92 77 12 56	0.6129032258064516 0.06542056074766354
92 77 40 19	1.0 0.037383177570093455
92 83 18 19	0.7596914337809826 0.35514018691588783
92 83 18 56	0.11067526662126412 0.27102803738317754
92 83 19	0.6802721088435374 0.308411214953271
92 83 27 19	0.6921287320666926 0.29906542056074764
92 83 27 56	0.0267515923566879 0.056074766355140186
92 83 56	0.09583333333333334 0.11214953271028037
92 83 83 19	0.7343945236211208 0.35514018691588783
92 83 83 56	0.10369877188470333 0.27102803738317754
92 83 92 19	0.6959611069558713 0.29906542056074764
92 83 92 56	0.02699228791773779 0.056074766355140186
92 83 95 19	0.4777777777777778 0.22429906542056074
92 83 98 19	0.8813559322033898 0.18691588785046728
92 83 117 19	0.8771929824561403 0.16822429906542055
92 85 20 19	0.404383788254756 0.2897196261682243
92 85 20 56	0.09598976109215017 0.028037383177570093
92 85 40 19	0.5915492957746479 0.24299065420560748
92 86 21 19	0.5535714285714286 0.18691588785046728
92 92 18 19	0.6877313818338355 0.3644859813084112
92 92 18 33	0.0005927043482946279 0.028037383177570093
92 92 18 56	0.07579228713249332 0.16822429906542055
92 92 19	0.9903536977491961 0.4766355140186916
92 92 27 19	0.9144342263094762 0.4485981308411215
92 92 27 33	0.004557291666666667 0.028037383177570093
92 92 30 19	0.43902439024390244 0.2336448598130841
92 92 56	0.21052631578947367 0.018691588785046728
92 92 83 19	0.6952025030418912 0.3644859813084112
92 92 83 33	0.0006239010833191537 0.028037383177570093
92 92 92 19	0.9227956115400244 0.4485981308411215
92 92 92 33	0.004484304932735426 0.028037383177570093
92 92 95 19	0.7037037037037037 0.1308411214953271
92 93 28 19	1.0 0.018691588785046728
92 93 53 19	1.0 0.009345794392523364
92 93 98 19	1.0 0.009345794392523364
92 95 19	0.7 0.037383177570093455
92 95 30 19	0.5708333333333333 0.2803738317757009
92 95 30 33	0.00847457627118644 0.018691588785046728
92 95 30 56	0.006514657980456026 0.037383177570093455
92 104 39 19	0.7642857142857142 0.17757009345794392
92 104 40 19	1.0 0.056074766355140186
92 105 20 19	0.5324675324675324 0.2616822429906542
92 105 39 19	1.0 0.06542056074766354
92 105 40 19	0.8394648829431438 0.2803738317757009
92 117 30 19	0.44 0.06542056074766354
92 117 52 19	0.6666666666666666 0.09345794392523364
92 118 28 19	1.0 0.009345794392523364
92 118 53 19	1.0 0.028037383177570093
92 122 39 19	1.0 0.009345794392523364
92 122 57 19	0.8235294117647058 0.07476635514018691
92 126 61 19	0.6425855513307985 0.21495327102803738
93 0 40 19	1.0 0.009345794392523364
93 28 19	1.0 0.04672897196261682
93 28 27 19	1.0 0.018691588785046728
93 28 92 19	1.0 0.018691588785046728
93 53 19	1.0 0.018691588785046728
93 53 27 19	1.0 0.009345794392523364
95 15 80 19	1.0 0.1308411214953271
95 18 18 19	0.8707588835902801 0.028037383177570093
95 18 18 56	0.06914175826349965 0.009345794392523364
95 18 19	0.8939393939393939 0.028037383177570093
95 18 27 19	0.925 0.028037383177570093
95 18 30 19	1.0 0.028037383177570093
95 18 33	0.022058823529411766 0.009345794392523364
95 18 56	0.21739130434782608 0.009345794392523364
95 18 83 19	0.8712177982653533 0.028037383177570093
95 18 83 33	0.010951239805016588 0.009345794392523364
95 18 83 56	0.06912467615907399 0.009345794392523364
95 18 92 19	0.926829268292683 0.028037383177570093
95 18 95 19	0.9166666666666666 0.028037383177570093
95 18 110 19	1.0 0.009345794392523364
95 19	0.9375 0.07476635514018691
95 19 84 19	0.9235836627140975 0.11214953271028037
95 19 121 56	1.0 0.037383177570093455
95 19 126 61	0.9253731343283582 0.056074766355140186
95 21 19	0.92 0.08411214953271028
95 27 18 19	0.9273084479371316 0.06542056074766354
95 27 19	0.8333333333333334 0.037383177570093455
95 27 27 19	0.8611111111111112 0.06542056074766354
95 27 30 19	0.9972826086956522 0.08411214953271028
95 27 83 19	0.927663734115347 0.06542056074766354
95 27 95 19	0.7368421052631579 0.04672897196261682
95 28 99 19	1.0 0.037383177570093455
95 30 18 19	0.707255880256593 0.21495327102803738
95 30 19	0.9386637458926615 0.2897196261682243
95 30 27 19	0.8396633134879902 0.24299065420560748
95 30 56	0.12 0.018691588785046728
95 30 83 19	0.7164691032817473 0.21495327102803738
95 30 83 56	0.0973893012541592 0.11214953271028037
95 30 92 19	0.8512664254427728 0.205607476635514
95 30 95 19	0.8970588235294118 0.1308411214953271
95 33 19	1.0 0.04672897196261682
95 33 27 19	1.0 0.018691588785046728
95 34 99 19	1.0 0.037383177570093455
95 38 80 19	1.0 0.018691588785046728
95 45 110 19	0.9802955665024631 0.037383177570093455
95 45 110 33	0.011536686663590217 0.009345794392523364
95 45 110 56	0.09577922077922078 0.009345794392523364
95 52 19	0.9642857142857143 0.09345794392523364
95 52 27 19	1.0 0.037383177570093455
95 52 83 19	0.631578947368421 0.04672897196261682
95 56 12 19	1.0 0.018691588785046728
95 56 19	1.0 0.009345794392523364
95 56 40 19	1.0 0.018691588785046728
95 77 12 19	1.0 0.04672897196261682
95 77 20 19	0.6666666666666666 0.11214953271028037
95 77 40 19	1.0 0.037383177570093455
95 77 121 19	1.0 0.018691588785046728
95 83 18 19	0.8796177304736863 0.028037383177570093
95 83 18 33	0.007561760146472517 0.009345794392523364
95 83 19	0.8939393939393939 0.028037383177570093
95 83 27 19	0.9240506329113924 0.028037383177570093
95 83 30 19	1.0 0.028037383177570093
95 83 33	0.022058823529411766 0.009345794392523364
95 83 56	0.21739130434782608 0.009345794392523364
95 83 83 19	0.8800795657766954 0.028037383177570093
95 83 83 33	0.007551266926474158 0.009345794392523364
95 83 83 56	0.1438307210513902 0.009345794392523364
95 83 86 61	0.004018369690011481 0.009345794392523364
95 83 92 19	0.9259259259259259 0.028037383177570093
95 83 95 19	0.9252336448598131 0.028037383177570093
95 83 98 19	1.0 0.009345794392523364
95 85 20 19	0.9736842105263158 0.06542056074766354
95 92 18 19	0.9160387513455328 0.06542056074766354
95 92 18 56	0.16524216524216523 0.018691588785046728
95 92 19	0.8 0.028037383177570093
95 92 83 19	0.9164882226980728 0.06542056074766354
95 92 92 19	0.8333333333333334 0.06542056074766354
95 92 95 19	0.6842105263157895 0.04672897196261682
95 93 30 19	1.0 0.037383177570093455
95 95 19	1.0 0.009345794392523364
95 95 30 19	0.8235294117647058 0.04672897196261682
95 99 18 19	0.38922155688622756 0.09345794392523364
95 99 19	0.8928571428571429 0.14953271028037382
95 99 95 19	0.8333333333333334 0.037383177570093455
95 104 20 19	0.9100418410041841 0.19626168224299065
95 104 39 19	0.7894736842105263 0.037383177570093455
95 104 40 19	0.65 0.04672897196261682
95 105 12 19	0.5 0.028037383177570093
95 105 20 19	0.7774011299435029 0.24299065420560748
95 105 40 19	0.8 0.056074766355140186
95 117 30 19	1.0 0.028037383177570093
95 126 21 19	0.5673076923076923 0.08411214953271028
98 19	1.0 0.018691588785046728
98 19 84 19	0.9204545454545454 0.04672897196261682
98 30 19	1.0 0.04672897196261682
98 33 19	1.0 0.056074766355140186
98 33 83 19	0.90625 0.037383177570093455
98 52 27 19	1.0 0.018691588785046728
98 99 19	1.0 0.009345794392523364
99 18 18 19	0.24192111959287532 0.009345794392523364
99 18 19	0.4444444444444444 0.009345794392523364
99 18 27 19	0.5454545454545454 0.009345794392523364
99 18 83 19	0.23442749267991986 0.009345794392523364
99 18 92 19	0.5 0.009345794392523364
99 18 95 19	0.16666666666666666 0.009345794392523364
99 19	0.5 0.009345794392523364
99 19 84 19	0.20454545454545456 0.009345794392523364
99 19 126 61	0.42105263157894735 0.009345794392523364
99 27 19	1.0 0.009345794392523364
99 34 19	1.0 0.028037383177570093
99 45 110 19	0.26578073089701 0.009345794392523364
99 77 12 19	1.0 0.009345794392523364
99 77 40 19	1.0 0.009345794392523364
99 83 18 19	0.291220632397103 0.009345794392523364
99 83 19	0.4444444444444444 0.009345794392523364
99 83 27 19	0.6428571428571429 0.009345794392523364
99 83 83 19	0.2484503478810879 0.009345794392523364
99 83 92 19	0.6 0.009345794392523364
99 85 20 19	0.9857142857142858 0.009345794392523364
99 85 39 19	1.0 0.018691588785046728
99 85 40 19	1.0 0.018691588785046728
99 85 57 19	1.0 0.009345794392523364
99 85 67 61	0.038461538461538464 0.009345794392523364
99 86 21 19	0.7777777777777778 0.009345794392523364
99 86 61	0.5 0.009345794392523364
99 92 18 19	0.3684210526315789 0.009345794392523364
99 92 19	1.0 0.009345794392523364
99 92 83 19	0.3684210526315789 0.009345794392523364
99 92 92 19	1.0 0.009345794392523364
99 95 19	1.0 0.028037383177570093
99 95 30 19	0.5263157894736842 0.009345794392523364
99 117 19	1.0 0.009345794392523364
104 12 19	1.0 0.009345794392523364
104 12 27 19	1.0 0.009345794392523364
104 12 83 19	0.4444444444444444 0.009345794392523364
104 12 86 61	0.5 0.009345794392523364
104 12 92 19	1.0 0.009345794392523364
104 12 95 19	1.0 0.009345794392523364
104 20 18 19	0.6128318584070797 0.12149532710280374
104 20 19	0.8125 0.11214953271028037
104 20 27 19	0.5873015873015873 0.11214953271028037
104 20 34 19	1.0 0.028037383177570093
104 20 83 19	0.6197802197802198 0.12149532710280374
104 20 86 61	0.02096177558569667 0.056074766355140186
104 20 92 19	0.6268656716417911 0.11214953271028037
104 20 95 19	0.9090909090909091 0.08411214953271028
104 20 117 19	1.0 0.037383177570093455
104 35 80 19	0.0582010582010582 0.04672897196261682
104 39 19	1.0 0.2897196261682243
104 39 27 19	0.8770491803278688 0.14018691588785046
104 39 30 19	0.6818181818181818 0.037383177570093455
104 39 56	0.5 0.009345794392523364
104 39 92 19	0.8888888888888888 0.14018691588785046
104 39 99 19	0.42857142857142855 0.009345794392523364
104 40 19	1.0 0.12149532710280374
104 40 27 19	1.0 0.07476635514018691
104 40 30 19	0.16666666666666666 0.018691588785046728
104 40 92 19	1.0 0.07476635514018691
104 51 116 19	0.14285714285714285 0.009345794392523364
104 57 19	1.0 0.04672897196261682
104 58 39 19	1.0 0.009345794392523364
104 58 40 19	1.0 0.009345794392523364
104 88 12 19	1.0 0.009345794392523364
104 123 39 19	1.0 0.009345794392523364
105 12 19	1.0 0.028037383177570093
105 12 27 19	1.0 0.018691588785046728
105 12 30 19	1.0 0.028037383177570093
105 12 34 19	1.0 0.009345794392523364
105 12 56	0.3333333333333333 0.009345794392523364
105 12 92 19	1.0 0.028037383177570093
105 12 95 19	1.0 0.009345794392523364
105 12 99 19	0.5 0.018691588785046728
105 12 117 19	1.0 0.009345794392523364
105 20 18 19	0.5071736011477762 0.18691588785046728
105 20 19	0.825 0.205607476635514
105 20 27 19	0.8606965174129353 0.19626168224299065
105 20 27 56	0.038461538461538464 0.018691588785046728
105 20 34 19	1.0 0.037383177570093455
105 20 83 19	0.5116115411681914 0.17757009345794392
105 20 83 56	0.06993006993006994 0.08411214953271028
105 20 86 61	0.022644265887509132 0.07476635514018691
105 20 92 19	0.8603603603603603 0.18691588785046728
105 20 95 19	0.8359375 0.1308411214953271
105 20 98 19	0.85 0.037383177570093455
105 20 117 19	0.8604651162790697 0.04672897196261682
105 35 80 19	0.1590909090909091 0.056074766355140186
105 39 18 19	0.21739130434782608 0.018691588785046728
105 39 18 56	0.13333333333333333 0.018691588785046728
105 39 19	1.0 0.14018691588785046
105 39 27 19	1.0 0.06542056074766354
105 39 30 19	0.5 0.056074766355140186
105 39 52 19	0.8333333333333334 0.018691588785046728
105 39 83 19	0.22916666666666666 0.018691588785046728
105 39 92 19	1.0 0.06542056074766354
105 39 92 56	1.0 0.009345794392523364
105 39 99 19	0.5833333333333334 0.028037383177570093
105 40 18 19	0.7561728395061729 0.1588785046728972
105 40 18 56	0.12186379928315412 0.07476635514018691
105 40 19	1.0 0.40186915887850466
105 40 27 19	0.9543726235741445 0.205607476635514
105 40 30 19	0.7407407407407407 0.056074766355140186
105 40 83 19	0.767616191904048 0.14953271028037382
105 40 86 61	0.019029126213592235 0.028037383177570093
105 40 92 19	0.9575971731448764 0.205607476635514
105 40 92 56	0.0975609756097561 0.028037383177570093
105 40 99 19	0.5652173913043478 0.009345794392523364
105 45 53 19	1.0 0.009345794392523364
105 51 116 19	0.5 0.018691588785046728
105 121 19	1.0 0.009345794392523364
105 121 30 19	1.0 0.009345794392523364
105 123 39 19	1.0 0.009345794392523364
117 15 80 19	1.0 0.028037383177570093
117 19	1.0 0.009345794392523364
117 27 83 19	1.0 0.037383177570093455
117 30 19	1.0 0.06542056074766354
117 30 27 19	1.0 0.018691588785046728
117 30 95 19	1.0 0.037383177570093455
117 33 19	1.0 0.04672897196261682
117 33 92 19	1.0 0.018691588785046728
117 52 19	1.0 0.1308411214953271
117 52 27 19	1.0 0.04672897196261682
117 52 83 56	0.08771929824561403 0.018691588785046728
117 52 92 19	1.0 0.04672897196261682
117 52 95 19	0.9444444444444444 0.037383177570093455
117 77 20 19	0.47058823529411764 0.056074766355140186
117 77 121 19	1.0 0.009345794392523364
117 99 19	1.0 0.018691588785046728
117 99 95 19	1.0 0.009345794392523364
117 104 20 19	0.9245283018867925 0.04672897196261682
117 104 40 19	0.8333333333333334 0.018691588785046728
117 105 20 19	0.5 0.06542056074766354
117 108 40 19	1.0 0.009345794392523364
117 126 21 19	1.0 0.009345794392523364
118 21 83 19	0.5833333333333334 0.009345794392523364
118 28 19	1.0 0.018691588785046728
118 53 19	1.0 0.04672897196261682
118 53 27 19	0.5384615384615384 0.037383177570093455
118 53 92 19	0.5384615384615384 0.037383177570093455
121 30 19	1.0 0.009345794392523364
121 30 83 19	0.4444444444444444 0.009345794392523364
121 30 86 61	0.5 0.009345794392523364
121 30 92 19	1.0 0.009345794392523364
121 56 19	1.0 0.009345794392523364
121 56 30 19	1.0 0.009345794392523364
121 124 30 19	1.0 0.009345794392523364
122 20 19	0.5384615384615384 0.04672897196261682
122 20 34 19	1.0 0.009345794392523364
122 20 95 19	0.8823529411764706 0.04672897196261682
122 20 117 19	1.0 0.028037383177570093
122 35 80 19	0.25 0.009345794392523364
122 39 19	1.0 0.04672897196261682
122 39 92 19	1.0 0.009345794392523364
122 57 19	1.0 0.102803738317757
126 2 40 19	1.0 0.009345794392523364
126 21 19	0.6823529411764706 0.11214953271028037
126 21 27 19	0.8033980582524272 0.102803738317757
126 21 83 19	0.7436179577464789 0.11214953271028037
126 21 98 19	0.96875 0.056074766355140186
126 61 18 19	0.6813221078889928 0.1308411214953271
126 61 19	0.9489795918367347 0.14018691588785046
126 61 27 19	0.5891608391608392 0.1308411214953271
126 61 56	0.7142857142857143 0.018691588785046728
126 61 83 19	0.687614399023795 0.1308411214953271
126 61 83 56	0.11922596754057428 0.04672897196261682
126 61 92 19	0.6086235489220564 0.1308411214953271
126 61 95 19	0.9494949494949495 0.04672897196261682
