68	1.0 1.0
68 3 68	1.0 1.0
68 3 68 30	1.0 0.25
68 3 68 95	0.022727272727272728 0.75
68 18 18	0.03130841333751576 0.25
68 18 18 18	0.05178029733601876 0.25
68 18 18 27	0.018132914701333158 0.25
68 18 18 83	0.048742317917069275 0.25
68 18 18 92	0.018751416851710112 0.25
68 18 18 95	0.004137779395394075 0.75
68 18 19 84	0.020833333333333332 0.25
68 18 27	0.02834008097165992 0.25
68 18 27 18	0.0344851103153375 0.25
68 18 27 27	0.03925536220153784 0.25
68 18 27 83	0.03859328774818953 0.25
68 18 27 92	0.04061976549413735 0.25
68 18 27 95	0.005510364733665705 0.75
68 18 34 99	0.01639344262295082 0.25
68 18 45 110	0.012271259418729818 0.25
68 18 56 30	0.4 0.5
68 18 56 84	0.017857142857142856 0.25
68 18 77 12	0.019230769230769232 0.25
68 18 77 20	0.10869565217391304 0.25
68 18 83	0.03164722844001246 0.25
68 18 83 18	0.05251372547048291 0.25
68 18 83 27	0.029197667025416332 0.25
68 18 83 83	0.05015074649974223 0.25
68 18 83 92	0.02903854084660994 0.25
68 18 83 95	0.004146030288700824 0.75
68 18 85 12	0.013333333333333334 0.25
68 18 85 20	0.016472377090724785 0.5
68 18 85 40	0.00034626038781163435 0.25
68 18 86 21	0.19874213836477989 0.25
68 18 86 61	0.052884615384615384 0.25
68 18 92	0.026119402985074626 0.25
68 18 92 18	0.03358600619851916 0.25
68 18 92 27	0.037781840341255334 0.5
68 18 92 30	0.0625 0.25
68 18 92 52	0.3333333333333333 0.25
68 18 92 83	0.03746199155260192 0.25
68 18 92 92	0.03635709143268539 0.25
68 18 92 95	0.0052238805970149255 0.75
68 18 95 21	0.029411764705882353 0.25
68 18 95 30	0.008823529411764706 0.75
68 18 95 99	0.011904761904761904 0.25
68 18 104 20	0.11666666666666667 0.25
68 18 105 20	0.08 0.25
68 18 122 20	0.1 0.25
68 18 126 21	0.2621359223300971 0.25
68 19 84	0.0449438202247191 0.25
68 19 84 18	0.04190132912818202 0.25
68 19 84 27	0.023529411764705882 0.25
68 19 84 30	0.07894736842105263 0.25
68 19 84 33	0.02631578947368421 0.25
68 19 84 52	0.5 0.25
68 19 84 83	0.040956821053548864 0.25
68 19 84 92	0.01593625498007968 0.25
68 19 84 95	0.015345268542199489 0.75
68 19 121 18	0.03333333333333333 0.25
68 19 121 83	0.03225806451612903 0.25
68 19 126 21	0.6 0.25
68 27 18	0.03655913978494624 0.25
68 27 18 18	0.024685730488970832 0.25
68 27 18 27	0.02408008658008658 0.25
68 27 18 83	0.024281430786421126 0.25
68 27 18 92	0.023777718407694364 0.25
68 27 18 95	0.0038334335538184007 0.75
68 27 27	0.32142857142857145 0.25
68 27 27 18	0.03 0.25
68 27 27 27	0.15195071868583163 0.25
68 27 27 30	0.5 0.25
68 27 27 83	0.029327199539965498 0.25
68 27 27 92	0.13028169014084506 0.25
68 27 27 95	0.007107133456172677 0.75
68 27 45 110	0.01807352639145615 0.25
68 27 77 12	0.027777777777777776 0.25
68 27 77 20	0.3333333333333333 0.25
68 27 83	0.03640256959314775 0.25
68 27 83 18	0.02551941002238911 0.25
68 27 83 27	0.01762545899632803 0.25
68 27 83 83	0.025188995054131004 0.25
68 27 83 92	0.018862981399004455 0.25
68 27 83 95	0.0038282540159135267 0.75
68 27 85 20	0.02046979865771812 0.25
68 27 85 39	0.002785515320334262 0.25
68 27 86 21	0.2753303964757709 0.25
68 27 86 61	0.08333333333333333 0.25
68 27 92	0.28125 0.25
68 27 92 18	0.04384978637283562 0.25
68 27 92 27	0.14832535885167464 0.5
68 27 92 30	0.5 0.25
68 27 92 52	0.3333333333333333 0.25
68 27 92 83	0.0422260718925942 0.25
68 27 92 92	0.11356932153392331 0.25
68 27 92 95	0.006884242733299337 0.75
68 27 95 21	0.16666666666666666 0.25
68 27 95 30	0.011111111111111112 0.25
68 27 104 20	0.3333333333333333 0.25
68 27 105 20	0.29411764705882354 0.25
68 27 126 21	0.37209302325581395 0.25
68 30	1.0 0.25
68 30 3 68	1.0 1.0
68 30 18 18	0.03130841333751576 0.25
68 30 18 27	0.02834008097165992 0.25
68 30 18 83	0.03164722844001246 0.25
68 30 18 92	0.026119402985074626 0.25
68 30 19 84	0.0449438202247191 0.25
68 30 27 18	0.03655913978494624 0.25
68 30 27 27	0.32142857142857145 0.25
68 30 27 83	0.03640256959314775 0.25
68 30 27 92	0.28125 0.25
68 30 34 99	0.4 0.25
68 30 45 110	0.02511415525114155 0.25
68 30 66 20	1.0 0.25
68 30 77 12	0.6428571428571429 0.25
68 30 77 20	0.55 0.25
68 30 83 18	0.03023118736113349 0.25
68 30 83 27	0.03065134099616858 0.25
68 30 83 83	0.029030719342621015 0.25
68 30 83 92	0.03162055335968379 0.25
68 30 85 1	0.011627906976744186 0.25
68 30 85 12	0.19642857142857142 0.25
68 30 85 20	0.9329813160032494 0.75
68 30 85 39	0.008849557522123894 0.25
68 30 85 40	0.01971830985915493 0.25
68 30 85 57	0.002617801047120419 0.25
68 30 86 21	0.6633858267716536 0.25
68 30 86 30	0.8181818181818182 0.25
68 30 86 61	0.12195121951219512 0.25
68 30 92 18	0.046703296703296704 0.25
68 30 92 27	0.3333333333333333 0.25
68 30 92 83	0.0456989247311828 0.25
68 30 92 92	0.2647058823529412 0.25
68 30 95	0.023076923076923078 0.75
68 30 95 21	1.0 0.25
68 30 95 30	0.7602339181286549 0.25
68 30 95 33	0.037037037037037035 0.25
68 30 95 52	0.05970149253731343 0.25
68 30 98 30	1.0 0.25
68 30 98 52	1.0 0.25
68 30 104 20	0.5 0.25
68 30 104 39	0.9166666666666666 0.25
68 30 105 20	0.9333333333333333 0.25
68 30 105 40	1.0 0.25
68 30 117 30	0.8 0.25
68 30 117 33	0.25 0.25
68 30 117 52	1.0 0.25
68 30 122 20	1.0 0.25
68 30 122 57	1.0 0.25
68 30 126 21	0.5769230769230769 0.25
68 30 126 61	0.8064516129032258 0.25
68 34 77 20	0.0967741935483871 0.25
68 34 99	0.4 0.25
68 34 99 18	0.013888888888888888 0.25
68 34 99 95	0.021621621621621623 0.75
68 34 104 20	0.09012875536480687 0.25
68 34 105 20	0.22093023255813954 0.25
68 34 122 20	0.1111111111111111 0.25
68 34 126 21	0.48148148148148145 0.25
68 45 108 12	0.1 0.25
68 45 108 20	0.09375 0.25
68 45 110	0.02511415525114155 0.25
68 45 110 18	0.036107195752184754 0.25
68 45 110 27	0.04565650375363873 0.25
68 45 110 83	0.033217206987759505 0.25
68 45 110 92	0.04423837032532685 0.25
68 45 110 95	0.002360683882967308 0.75
68 66 1	1.0 0.25
68 66 1 95	0.023076923076923078 0.75
68 66 20	1.0 0.25
68 66 20 95	0.023076923076923078 0.75
68 77 8 20	1.0 0.25
68 77 12	0.6428571428571429 0.25
68 77 12 83	0.021264028352037802 0.25
68 77 12 92	0.07468879668049792 0.25
68 77 12 95	0.022832980972515855 0.75
68 77 20	0.55 0.25
68 77 20 18	0.023804463336875664 0.25
68 77 20 83	0.0236936746350751 0.25
68 77 20 95	0.020345252774352653 0.75
68 77 43 30	1.0 0.25
68 77 44 20	0.4 0.25
68 77 45 30	0.25 0.25
68 77 73 20	1.0 0.25
68 83 18	0.03023118736113349 0.25
68 83 18 18	0.02636649638783024 0.25
68 83 18 27	0.021705369333032583 0.25
68 83 18 83	0.026178894554801043 0.25
68 83 18 92	0.022256382711501297 0.25
68 83 18 95	0.0031566468808948574 0.75
68 83 19 84	0.02066115702479339 0.25
68 83 27	0.03065134099616858 0.25
68 83 27 18	0.03866096058473292 0.25
68 83 27 27	0.03525913338997451 0.25
68 83 27 30	0.13333333333333333 0.25
68 83 27 52	0.5 0.25
68 83 27 83	0.03787009263645874 0.25
68 83 27 92	0.03305455993628036 0.25
68 83 27 95	0.006179196704428424 0.75
68 83 45 110	0.012191627373850522 0.25
68 83 56 30	0.4 0.5
68 83 56 84	0.017857142857142856 0.25
68 83 77 12	0.018867924528301886 0.25
68 83 77 20	0.10638297872340426 0.25
68 83 83	0.029030719342621015 0.25
68 83 83 18	0.024797049150847652 0.25
68 83 83 27	0.02262567186449701 0.25
68 83 83 83	0.0243588694802616 0.25
68 83 83 92	0.024029890125228624 0.25
68 83 83 95	0.002665571173550497 0.75
68 83 85 12	0.013114754098360656 0.25
68 83 85 20	0.01654876200101061 0.5
68 83 85 39	0.0011013215859030838 0.25
68 83 85 40	0.00034494653328734045 0.25
68 83 86 21	0.19824341279799249 0.25
68 83 86 61	0.05238095238095238 0.25
68 83 92	0.03162055335968379 0.25
68 83 92 18	0.03769008905901618 0.25
68 83 92 27	0.03306035790112223 0.5
68 83 92 52	0.5 0.25
68 83 92 83	0.036856141370995875 0.25
68 83 92 92	0.03081232492997199 0.25
68 83 92 95	0.005937654626422563 0.75
68 83 95 21	0.029411764705882353 0.25
68 83 95 30	0.008797653958944282 0.75
68 83 104 20	0.11666666666666667 0.25
68 83 105 20	0.07894736842105263 0.25
68 83 126 21	0.2621359223300971 0.25
68 83 126 61	0.006734006734006734 0.25
68 85 1	0.011363636363636364 0.25
68 85 1 95	0.023076923076923078 0.75
68 85 8 12	0.25 0.25
68 85 8 20	0.9230769230769231 0.25
68 85 10 30	0.875 0.25
68 85 12	0.19642857142857142 0.25
68 85 12 18	0.04 0.25
68 85 12 27	0.1779935275080906 0.25
68 85 12 52	0.043478260869565216 0.25
68 85 12 83	0.039285714285714285 0.25
68 85 12 92	0.14588859416445624 0.25
68 85 12 95	0.011883327331652862 0.75
68 85 12 99	0.09090909090909091 0.25
68 85 16 30	0.8958333333333334 0.25
68 85 20	0.9321760193782802 1.0
68 85 20 18	0.03333425418805039 0.25
68 85 20 27	0.12037516128398426 0.25
68 85 20 30	0.8125 0.25
68 85 20 83	0.02982921562072341 0.25
68 85 20 92	0.1104281577081606 0.25
68 85 20 95	0.019736785576193273 0.75
68 85 23 20	0.8367346938775511 0.25
68 85 37 27	0.07142857142857142 0.25
68 85 39	0.008771929824561403 0.25
68 85 39 18	0.024958402662229616 0.25
68 85 39 27	0.016877637130801686 0.25
68 85 39 30	0.18181818181818182 0.25
68 85 39 83	0.024671052631578948 0.25
68 85 39 92	0.015873015873015872 0.25
68 85 39 95	0.0017357762777242044 0.75
68 85 39 99	0.25925925925925924 0.25
68 85 40	0.019635343618513323 0.25
68 85 40 18	0.04666666666666667 0.25
68 85 40 27	0.15598885793871867 0.25
68 85 40 30	0.1323529411764706 0.75
68 85 40 52	0.017241379310344827 0.25
68 85 40 83	0.04539559014267185 0.25
68 85 40 92	0.12612612612612611 0.25
68 85 40 95	0.022690437601296597 0.75
68 85 40 99	0.15139442231075698 0.25
68 85 43 21	0.9846153846153847 0.25
68 85 43 30	0.9726027397260274 0.25
68 85 43 110	0.008064516129032258 0.25
68 85 44 20	0.41379310344827586 0.75
68 85 45 30	0.45714285714285713 0.25
68 85 50 20	0.6666666666666666 0.5
68 85 57	0.0025974025974025974 0.25
68 85 57 83	0.013513513513513514 0.25
68 85 57 95	0.022058823529411766 0.75
68 85 57 99	0.14285714285714285 0.25
68 85 58 20	0.975609756097561 0.25
68 85 67 21	0.6505681818181818 0.25
68 85 67 61	0.09917355371900827 0.25
68 85 69 21	0.7307692307692307 0.25
68 85 69 61	0.2857142857142857 0.25
68 85 73 12	0.25 0.25
68 85 73 20	0.9230769230769231 0.25
68 85 79 21	1.0 0.25
68 85 79 30	1.0 0.25
68 85 88 20	0.8367346938775511 0.25
68 85 88 40	0.07692307692307693 0.25
68 85 109 20	0.59375 0.75
68 85 115 20	0.6666666666666666 0.5
68 85 120 21	1.0 0.25
68 85 121 30	0.75 0.25
68 85 123 20	0.8913043478260869 0.25
68 86 2 20	0.5264367816091954 0.25
68 86 2 57	0.1568627450980392 0.25
68 86 4 20	0.6229508196721312 0.25
68 86 14 20	1.0 0.25
68 86 21	0.6633858267716536 0.25
68 86 21 18	0.0286557063676372 0.25
68 86 21 27	0.209954694966797 0.25
68 86 21 83	0.029101170210550382 0.25
68 86 21 92	0.17984158205305406 0.25
68 86 21 95	0.015732470200118268 0.75
68 86 30	0.8181818181818182 0.25
68 86 30 18	0.010869565217391304 0.25
68 86 30 83	0.010752688172043012 0.25
68 86 30 92	0.054878048780487805 0.25
68 86 30 95	0.021844660194174758 0.75
68 86 55 12	1.0 0.25
68 86 61	0.12195121951219512 0.25
68 86 61 18	0.040499258095487475 0.25
68 86 61 27	0.07350689127105667 0.25
68 86 61 83	0.03948600119138797 0.25
68 86 61 84	0.05172413793103448 0.25
68 86 61 92	0.06886657101865136 0.25
68 86 61 95	0.007413509060955519 0.75
68 86 61 99	0.08125 0.25
68 86 108 12	1.0 0.25
68 86 108 20	1.0 0.5
68 92 18	0.046703296703296704 0.25
68 92 18 18	0.027773233962427896 0.25
68 92 18 27	0.036671368124118475 0.25
68 92 18 83	0.027170716287501853 0.25
68 92 18 92	0.03903903903903904 0.25
68 92 18 95	0.004147353012929983 0.75
68 92 27	0.2608695652173913 0.5
68 92 27 18	0.01606957179317516 0.25
68 92 27 27	0.054140127388535034 0.25
68 92 27 30	0.4 0.25
68 92 27 83	0.015793385358602748 0.25
68 92 27 92	0.060674157303370786 0.25
68 92 27 95	0.006220546654099906 0.75
68 92 45 110	0.016828242180354856 0.25
68 92 77 20	0.3333333333333333 0.25
68 92 83	0.0456989247311828 0.25
68 92 83 18	0.027694408455739415 0.25
68 92 83 27	0.032467532467532464 0.25
68 92 83 83	0.026235839856465087 0.25
68 92 83 92	0.0316542802091935 0.25
68 92 83 95	0.0041232112539413045 0.75
68 92 85 20	0.019297690604239165 0.25
68 92 85 39	0.002663115845539281 0.25
68 92 86 21	0.26939655172413796 0.25
68 92 86 61	0.08333333333333333 0.25
68 92 92	0.225 0.25
68 92 92 18	0.03445275796067514 0.25
68 92 92 27	0.15355805243445692 0.5
68 92 92 52	0.4 0.25
68 92 92 83	0.033904109589041095 0.25
68 92 92 92	0.11078717201166181 0.25
68 92 92 95	0.006870229007633588 0.75
68 92 95 21	0.125 0.25
68 92 95 30	0.011834319526627219 0.25
68 92 104 20	0.3076923076923077 0.25
68 92 105 20	0.29411764705882354 0.25
68 92 126 21	0.37209302325581395 0.25
68 92 126 61	0.00980392156862745 0.25
68 95	0.022727272727272728 0.75
68 95 3 68	1.0 1.0
68 95 14 20	1.0 0.25
68 95 19 84	0.023076923076923078 0.25
68 95 21	1.0 0.25
68 95 21 95	0.023076923076923078 0.75
68 95 27 27	0.004694835680751174 0.25
68 95 27 30	0.9444444444444444 0.25
68 95 27 83	0.02564102564102564 0.25
68 95 27 92	0.0022727272727272726 0.25
68 95 30	0.7527472527472527 0.75
68 95 30 18	0.025157232704402517 0.25
68 95 30 27	0.15510864539990754 0.5
68 95 30 30	0.5 0.25
68 95 30 83	0.024691358024691357 0.25
68 95 30 92	0.12749233128834356 0.25
68 95 30 95	0.01920207902208961 0.75
68 95 32 30	1.0 0.25
68 95 33	0.037037037037037035 0.25
68 95 33 30	0.5 0.25
68 95 33 95	0.023076923076923078 0.75
68 95 52	0.05970149253731343 0.25
68 95 52 95	0.022900763358778626 0.75
68 95 53 30	1.0 0.25
68 95 59 30	1.0 0.25
68 95 75 20	0.6363636363636364 0.25
68 95 77 20	0.3333333333333333 0.25
68 95 81 20	0.7818181818181819 0.25
68 95 81 40	0.0625 0.25
68 95 85 20	0.7222222222222222 1.0
68 95 92 18	0.02702702702702703 0.25
68 95 92 27	0.00684931506849315 0.5
68 95 92 30	0.9444444444444444 0.25
68 95 92 83	0.027777777777777776 0.25
68 95 95 30	0.5 0.5
68 95 97 30	1.0 0.25
68 95 98 30	1.0 0.25
68 95 104 20	0.391304347826087 0.5
68 95 105 20	0.3829787234042553 0.25
68 95 108 12	1.0 0.25
68 95 108 20	1.0 0.5
68 95 110 20	0.7843137254901961 0.25
68 95 121 18	0.08333333333333333 0.25
68 95 121 83	0.07692307692307693 0.25
68 95 122 20	0.3333333333333333 0.25
68 95 124 30	1.0 0.25
68 98 19 84	0.017857142857142856 0.25
68 98 30	1.0 0.25
68 98 30 95	0.023076923076923078 0.75
68 98 33	0.5 0.25
68 98 33 95	0.023076923076923078 0.75
68 98 52	1.0 0.25
68 98 52 95	0.023076923076923078 0.75
68 104 20	0.5 0.25
68 104 20 18	0.013333333333333334 0.25
68 104 20 83	0.012987012987012988 0.25
68 104 20 92	0.058823529411764705 0.25
68 104 20 95	0.0032234957020057307 0.75
68 104 39	0.9166666666666666 0.25
68 104 39 95	0.023076923076923078 0.75
68 105 16 30	1.0 0.25
68 105 20	0.9333333333333333 0.25
68 105 20 18	0.013333333333333334 0.25
68 105 20 83	0.012987012987012988 0.25
68 105 20 95	0.013934970139349702 0.75
68 105 40	1.0 0.25
68 105 40 95	0.023076923076923078 0.75
68 105 67 21	1.0 0.25
68 117 19 84	0.017857142857142856 0.25
68 117 27 18	0.025 0.25
68 117 27 27	0.18181818181818182 0.25
68 117 27 92	0.08333333333333333 0.25
68 117 30	0.8 0.25
68 117 30 95	0.0223463687150838 0.75
68 117 33	0.25 0.25
68 117 33 95	0.023076923076923078 0.75
68 117 52	1.0 0.25
68 117 52 95	0.023076923076923078 0.75
68 117 77 20	1.0 0.25
68 117 92 18	0.02702702702702703 0.25
68 117 92 27	0.125 0.25
68 117 104 20	1.0 0.25
68 122 20	1.0 0.25
68 122 20 95	0.023076923076923078 0.75
68 122 57	1.0 0.25
68 122 67 21	0.5714285714285714 0.25
68 126 2 20	0.5454545454545454 0.25
68 126 21	0.5769230769230769 0.25
68 126 21 18	0.035211267605633804 0.25
68 126 21 27	0.19736842105263158 0.25
68 126 21 83	0.03484320557491289 0.25
68 126 21 92	0.16483516483516483 0.25
68 126 21 95	0.01694277108433735 0.75
68 126 61	0.8064516129032258 0.25
68 126 61 18	0.02145922746781116 0.25
68 126 61 83	0.02079002079002079 0.25
68 126 61 92	0.07575757575757576 0.25
68 126 61 95	0.022949816401468787 0.75
