80 1 66 95	0.02284263959390863 0.017793594306049824
80 14 35 103	0.19402985074626866 0.046263345195729534
80 14 79 86	0.1111111111111111 0.0035587188612099642
80 15 80 86	0.03672913221875192 0.042704626334519574
80 15 80 93	0.10315430520034101 0.021352313167259787
80 15 80 95	0.001163213634517095 0.042704626334519574
80 15 80 126	0.0026594357824477237 0.0071174377224199285
80 15 100 43	0.0007704976775719565 0.021352313167259787
80 15 100 67	4.831618108904672e-05 0.017793594306049824
80 15 100 79	0.1407158836689038 0.010676156583629894
80 15 100 96	0.7142857142857143 0.08540925266903915
80 15 103	0.8933046902971715 0.9928825622775801
80 18 15 103	0.20483641536273114 0.08540925266903915
80 18 18 86	0.001143153024362979 0.03914590747330961
80 18 18 95	0.0008757907814914144 0.03558718861209965
80 18 27 86	0.001532161839678924 0.03202846975088968
80 18 27 93	0.007462686567164179 0.0035587188612099642
80 18 27 95	0.0007632131272657889 0.03558718861209965
80 18 83 86	0.0011662731843879318 0.03914590747330961
80 18 83 95	0.0008367020049766909 0.03558718861209965
80 18 86	0.0015270672673131252 0.02491103202846975
80 18 92 86	0.001972254273217592 0.03202846975088968
80 18 92 93	0.007462686567164179 0.0035587188612099642
80 18 92 95	0.0008940505802476785 0.03558718861209965
80 18 93 75	0.18181818181818182 0.0035587188612099642
80 18 95	0.0008719481813652218 0.021352313167259787
80 18 95 75	0.004662004662004662 0.0035587188612099642
80 18 95 93	0.009249743062692703 0.014234875444839857
80 18 105 43	0.005714285714285714 0.0035587188612099642
80 27 15 103	0.9356507741836578 0.9537366548042705
80 27 18 86	0.00124608036745175 0.03202846975088968
80 27 18 95	0.00016120946417512853 0.03202846975088968
80 27 27 86	0.02375803065962725 0.042704626334519574
80 27 27 93	0.004830917874396135 0.0035587188612099642
80 27 27 95	0.002201659049679979 0.03558718861209965
80 27 27 126	0.0005640688163956002 0.0035587188612099642
80 27 30 86	0.0007103534008169064 0.014234875444839857
80 27 83 86	0.0012457974049566967 0.03202846975088968
80 27 83 95	0.00016117999481079042 0.03202846975088968
80 27 85 43	0.0028020623178659494 0.017793594306049824
80 27 86	0.0030568292344032235 0.02491103202846975
80 27 92 86	0.02918559773315746 0.03914590747330961
80 27 92 93	0.007194244604316547 0.014234875444839857
80 27 92 95	0.0028243051632909494 0.03558718861209965
80 27 92 126	0.0007660878447395301 0.0035587188612099642
80 27 95	0.002190059036374024 0.02491103202846975
80 27 99 86	0.013888888888888888 0.0035587188612099642
80 27 104 96	0.5 0.0035587188612099642
80 27 105 96	0.5 0.0035587188612099642
80 27 126	0.0035629453681710215 0.0035587188612099642
80 28 15 103	1.0 0.02491103202846975
80 28 30 86	0.125 0.0035587188612099642
80 30 15 103	0.6091718001368925 0.1103202846975089
80 30 18 86	0.0025851125611801406 0.02491103202846975
80 30 18 95	0.0009238887888444343 0.021352313167259787
80 30 27 86	0.0018754794757849262 0.017793594306049824
80 30 27 95	0.00043019387403923367 0.021352313167259787
80 30 34 93	0.09643605870020965 0.02491103202846975
80 30 34 126	0.03773584905660377 0.0035587188612099642
80 30 83 86	0.002582107773890918 0.021352313167259787
80 30 83 95	0.0009179898629926209 0.0071174377224199285
80 30 85 43	0.0006264062180404991 0.021352313167259787
80 30 85 96	0.8235294117647058 0.0035587188612099642
80 30 86	0.005458799064205874 0.03202846975088968
80 30 92 86	0.003418017584893345 0.021352313167259787
80 30 92 93	0.002824858757062147 0.0035587188612099642
80 30 92 95	0.0006859256194986733 0.02491103202846975
80 30 93 75	0.3333333333333333 0.0035587188612099642
80 30 95	6.729275006690151e-05 0.03202846975088968
80 30 95 75	0.010376134889753566 0.0071174377224199285
80 30 95 86	0.1111111111111111 0.0071174377224199285
80 30 95 93	0.0830188679245283 0.014234875444839857
80 30 95 95	0.002325581395348837 0.0035587188612099642
80 30 95 126	0.023608768971332208 0.0035587188612099642
80 33 15 103	1.0 0.0498220640569395
80 33 93	1.0 0.0035587188612099642
80 33 98 86	0.045454545454545456 0.010676156583629894
80 33 98 95	0.013812154696132596 0.010676156583629894
80 33 117 95	1.0 0.0035587188612099642
80 34 15 103	0.7431192660550459 0.09608540925266904
80 34 30 86	0.016692546583850932 0.03558718861209965
80 34 30 95	0.008893632159373888 0.03558718861209965
80 34 52 95	0.024336283185840708 0.017793594306049824
80 34 56 86	0.125 0.0071174377224199285
80 34 56 95	0.014285714285714285 0.0035587188612099642
80 34 77 79	0.6 0.0035587188612099642
80 34 93	0.11464968152866242 0.02491103202846975
80 34 99 86	0.020931802835921675 0.03558718861209965
80 34 99 95	0.0080953451765235 0.03558718861209965
80 34 104 96	0.5 0.0035587188612099642
80 34 126	0.004201680672268907 0.0035587188612099642
80 37 80 86	0.06666666666666667 0.0035587188612099642
80 37 103	1.0 0.0035587188612099642
80 45 83 86	0.125 0.0035587188612099642
80 45 110 86	0.0016521209846824128 0.03914590747330961
80 45 110 95	0.0005026798420915056 0.03558718861209965
80 52 15 103	0.7987012987012987 0.08540925266903915
80 52 34 93	0.14285714285714285 0.017793594306049824
80 52 85 43	0.004748338081671415 0.010676156583629894
80 52 93	0.18181818181818182 0.0035587188612099642
80 52 95	0.025252525252525252 0.017793594306049824
80 52 95 93	0.078125 0.014234875444839857
80 52 98 95	0.08695652173913043 0.0035587188612099642
80 52 117 95	0.013468013468013467 0.0035587188612099642
80 56 121 86	0.01694915254237288 0.0035587188612099642
80 56 121 95	0.0004106776180698152 0.0035587188612099642
80 66 1 95	0.022222222222222223 0.014234875444839857
80 77 12 86	0.011394712853236098 0.02491103202846975
80 77 12 93	0.13317191283292978 0.021352313167259787
80 77 12 95	0.002642668380829941 0.028469750889679714
80 77 12 126	0.007609384908053266 0.0071174377224199285
80 77 20 86	0.0103026400515132 0.03202846975088968
80 77 20 95	0.0034348671419313025 0.028469750889679714
80 77 35 103	0.4993924665856622 0.10676156583629894
80 77 39 93	0.1686746987951807 0.014234875444839857
80 77 40 126	0.008426966292134831 0.0035587188612099642
80 83 15 103	0.20483641536273114 0.08540925266903915
80 83 18 86	0.0011882902562033455 0.03914590747330961
80 83 18 95	0.001064770051944245 0.03558718861209965
80 83 27 86	0.00188040616773223 0.03202846975088968
80 83 27 93	0.008 0.0035587188612099642
80 83 27 95	0.0009182292673497003 0.03558718861209965
80 83 34 93	0.007564296520423601 0.02491103202846975
80 83 83 86	0.0012108163027547613 0.03914590747330961
80 83 83 95	0.0010655446287384106 0.03558718861209965
80 83 85 79	0.010380622837370242 0.0035587188612099642
80 83 86	0.001457166960656492 0.02491103202846975
80 83 92 86	0.002079970197441947 0.03202846975088968
80 83 92 93	0.008 0.0035587188612099642
80 83 92 95	0.0009617016462069355 0.03558718861209965
80 83 93 75	0.18181818181818182 0.0035587188612099642
80 83 95	0.000628140703517588 0.021352313167259787
80 83 95 75	0.004765687053216839 0.0035587188612099642
80 83 95 93	0.006423982869379015 0.014234875444839857
80 83 105 43	0.005714285714285714 0.0035587188612099642
80 85 6 71	8.891817958333988e-05 0.017793594306049824
80 85 10 75	0.0011261261261261261 0.0071174377224199285
80 85 12 86	0.004271476032273375 0.014234875444839857
80 85 12 93	0.04674668351231838 0.02491103202846975
80 85 12 95	0.0027344378317516486 0.021352313167259787
80 85 12 126	0.002004008016032064 0.0035587188612099642
80 85 20 86	0.0142975607738835 0.0498220640569395
80 85 20 95	0.0028770812265485747 0.03914590747330961
80 85 24 76	0.935064935064935 0.010676156583629894
80 85 35 103	0.5965681601525262 0.9857651245551602
80 85 37 103	0.25 0.0035587188612099642
80 85 39 86	0.010471204188481676 0.02491103202846975
80 85 39 93	0.09324832936477456 0.03202846975088968
80 85 39 95	0.00631578947368421 0.028469750889679714
80 85 39 126	0.0016553456247502712 0.0071174377224199285
80 85 40 86	0.01 0.017793594306049824
80 85 40 93	0.08551438196423944 0.028469750889679714
80 85 40 95	0.0037629350893697085 0.017793594306049824
80 85 40 126	0.0037897113368811483 0.0035587188612099642
80 85 43	0.006770480704129994 0.021352313167259787
80 85 88 79	1.0 0.0035587188612099642
80 85 96	0.875 0.02491103202846975
80 86	0.027131782945736434 0.042704626334519574
80 86 6 71	0.0002943080816999235 0.02491103202846975
80 86 10 75	0.000687757909215956 0.0071174377224199285
80 86 11 76	1.0 0.0071174377224199285
80 86 14 79	1.0 0.0071174377224199285
80 86 21 86	0.007054149724540122 0.046263345195729534
80 86 21 95	0.005893238434163701 0.03914590747330961
80 86 28 93	0.10638297872340426 0.017793594306049824
80 86 30 86	0.021897810218978103 0.03558718861209965
80 86 30 95	0.024215740231150248 0.03558718861209965
80 86 31 96	0.5 0.0035587188612099642
80 86 38 103	0.8536585365853658 0.099644128113879
80 86 45 110	0.08333333333333333 0.0035587188612099642
80 86 53 86	0.014652014652014652 0.014234875444839857
80 86 53 93	0.06217616580310881 0.010676156583629894
80 86 53 126	0.0481283422459893 0.0035587188612099642
80 86 61 86	0.006694479479965073 0.02491103202846975
80 86 61 93	0.06020558002936858 0.021352313167259787
80 86 61 95	0.00788807858312249 0.028469750889679714
80 86 61 126	0.00025746652935118434 0.0035587188612099642
80 86 108 43	0.5384615384615384 0.010676156583629894
80 92 15 103	0.9353281483468067 0.9537366548042705
80 92 18 86	0.002008266391120296 0.03202846975088968
80 92 18 95	0.0007718880285884455 0.03202846975088968
80 92 27 86	0.010251463326902325 0.042704626334519574
80 92 27 93	0.009852216748768473 0.0035587188612099642
80 92 27 95	0.0009505668934240363 0.03558718861209965
80 92 27 126	0.0007710100231303007 0.0035587188612099642
80 92 30 86	0.0006681006387693913 0.014234875444839857
80 92 83 86	0.0020068783465320974 0.03202846975088968
80 92 83 95	0.0007716600694494063 0.03202846975088968
80 92 86	0.004491498235482836 0.021352313167259787
80 92 92 86	0.017739679138018275 0.03914590747330961
80 92 92 93	0.010471204188481676 0.0035587188612099642
80 92 92 95	0.0016362076928152008 0.03558718861209965
80 92 92 126	0.00132890365448505 0.0035587188612099642
80 92 95	0.0025442477876106194 0.02491103202846975
80 92 99 86	0.013888888888888888 0.0035587188612099642
80 92 104 96	0.5 0.0035587188612099642
80 92 105 96	0.5 0.0035587188612099642
80 92 126	0.004137931034482759 0.0035587188612099642
80 93	0.15 0.021352313167259787
80 93 28 86	0.17391304347826086 0.014234875444839857
80 93 28 93	0.13785557986870897 0.021352313167259787
80 93 28 95	0.009900990099009901 0.0035587188612099642
80 93 28 126	0.006263048016701462 0.0035587188612099642
80 93 30 86	0.022994652406417113 0.03558718861209965
80 93 30 95	0.03608695652173913 0.03202846975088968
80 93 38 103	1.0 0.06405693950177936
80 93 45 110	0.14285714285714285 0.0035587188612099642
80 93 52 117	0.05 0.0035587188612099642
80 93 75	0.018867924528301886 0.0035587188612099642
80 95	0.004405286343612335 0.042704626334519574
80 95 6 71	0.0008065663993927029 0.017793594306049824
80 95 11 76	0.6666666666666666 0.0071174377224199285
80 95 15 103	0.5815473078933612 0.1103202846975089
80 95 18 86	0.0014144271570014145 0.0035587188612099642
80 95 21 86	0.01205895489057615 0.03558718861209965
80 95 21 95	0.02026715799170889 0.03914590747330961
80 95 28 86	0.2 0.014234875444839857
80 95 28 93	0.07710843373493977 0.02491103202846975
80 95 28 95	0.007575757575757576 0.0035587188612099642
80 95 28 126	0.004424778761061947 0.0035587188612099642
80 95 30 86	0.010494879742244246 0.042704626334519574
80 95 30 95	0.0003055656848047756 0.042704626334519574
80 95 34 93	0.037037037037037035 0.0035587188612099642
80 95 35 103	0.5 0.03558718861209965
80 95 37 103	0.5 0.0035587188612099642
80 95 38 103	0.6513761467889908 0.099644128113879
80 95 45 110	0.00042253521126760566 0.0071174377224199285
80 95 52 86	0.02134927412467976 0.014234875444839857
80 95 52 93	0.09198113207547169 0.017793594306049824
80 95 52 95	0.017004936917169502 0.021352313167259787
80 95 53 86	0.023809523809523808 0.0035587188612099642
80 95 53 93	0.08463949843260188 0.017793594306049824
80 95 56 86	0.039473684210526314 0.010676156583629894
80 95 56 95	0.02358490566037736 0.017793594306049824
80 95 59 93	0.08333333333333333 0.014234875444839857
80 95 75	0.01818181818181818 0.0071174377224199285
80 95 83 86	0.0014154281670205238 0.0035587188612099642
80 95 86	0.1111111111111111 0.0035587188612099642
80 95 92 126	0.017699115044247787 0.0035587188612099642
80 95 93	0.054945054945054944 0.021352313167259787
80 95 95 75	0.3333333333333333 0.0035587188612099642
80 95 97 75	0.08333333333333333 0.0035587188612099642
80 95 99 86	0.019908116385911178 0.03202846975088968
80 95 99 95	0.005188421627525942 0.03202846975088968
80 95 105 96	0.5 0.0035587188612099642
80 95 108 43	0.06741573033707865 0.021352313167259787
80 95 126	0.00625 0.0035587188612099642
80 98 15 103	1.0 0.0498220640569395
80 98 33 93	1.0 0.0035587188612099642
80 98 95	1.0 0.0035587188612099642
80 99 15 103	0.81 0.09608540925266904
80 99 18 86	0.0005648121999435188 0.0071174377224199285
80 99 34 93	0.17757009345794392 0.017793594306049824
80 99 34 126	0.005235602094240838 0.0035587188612099642
80 99 83 86	0.0005648121999435188 0.0071174377224199285
80 99 85 96	0.5 0.0035587188612099642
80 99 86	0.01775147928994083 0.021352313167259787
80 99 95	0.004654255319148936 0.021352313167259787
80 99 95 126	0.008 0.0035587188612099642
80 104 6 71	0.0002633658151171978 0.010676156583629894
80 104 20 86	0.014122627433290538 0.03914590747330961
80 104 20 95	0.004708831482693313 0.03558718861209965
80 104 35 103	0.9070685324721923 0.10320284697508897
80 104 39 86	0.025654181631605953 0.03914590747330961
80 104 39 93	0.17966072652501713 0.017793594306049824
80 104 39 95	0.002558271745309835 0.03558718861209965
80 104 39 126	0.0035028936947913494 0.0071174377224199285
80 104 40 93	0.1639218690157028 0.021352313167259787
80 104 40 126	0.005646359583952452 0.0071174377224199285
80 104 57 93	0.19230769230769232 0.014234875444839857
80 104 57 126	0.006024096385542169 0.0035587188612099642
80 104 96	0.5 0.0035587188612099642
80 105 12 126	0.004098360655737705 0.0035587188612099642
80 105 20 86	0.013226974251281167 0.03558718861209965
80 105 20 95	0.0030439234014811006 0.03558718861209965
80 105 35 103	0.9093743504468925 0.11743772241992882
80 105 39 86	0.0044943820224719105 0.0071174377224199285
80 105 39 93	0.1634683724235963 0.017793594306049824
80 105 39 126	0.005542957923910304 0.0071174377224199285
80 105 40 86	0.020671834625323 0.042704626334519574
80 105 40 93	0.17259691980881572 0.017793594306049824
80 105 40 95	0.005235602094240838 0.03914590747330961
80 105 40 126	0.01191867258705305 0.0071174377224199285
80 105 96	0.5 0.0035587188612099642
80 108 20 95	0.0028776978417266188 0.014234875444839857
80 108 35 103	0.08424908424908426 0.05693950177935943
80 117 15 103	0.7987012987012987 0.08540925266903915
80 117 28 86	0.2857142857142857 0.0071174377224199285
80 117 30 86	0.012633624878522837 0.021352313167259787
80 117 30 95	0.0005348823526265398 0.028469750889679714
80 117 33 93	1.0 0.0035587188612099642
80 117 52 86	0.03820598006644518 0.014234875444839857
80 117 52 93	0.1821705426356589 0.021352313167259787
80 117 52 95	0.02011095700416089 0.021352313167259787
80 117 53 93	0.18181818181818182 0.0071174377224199285
80 117 93	0.09876543209876543 0.014234875444839857
80 117 95	0.2857142857142857 0.0035587188612099642
80 117 99 95	0.021148036253776436 0.017793594306049824
80 118 21 86	0.01977848101265823 0.017793594306049824
80 118 21 95	0.01299545159194282 0.021352313167259787
80 118 28 93	0.1724137931034483 0.014234875444839857
80 118 30 95	0.008035714285714285 0.021352313167259787
80 118 52 93	0.18181818181818182 0.0071174377224199285
80 118 53 86	0.014625228519195612 0.014234875444839857
80 118 53 93	0.14207650273224043 0.017793594306049824
80 118 53 126	0.03717472118959108 0.0035587188612099642
80 121 30 86	0.013177159590043924 0.021352313167259787
80 121 30 95	0.0006616674018526688 0.02491103202846975
80 121 56 86	0.039473684210526314 0.010676156583629894
80 121 56 95	0.02358490566037736 0.017793594306049824
80 121 99 86	0.125 0.0071174377224199285
80 121 99 95	0.014285714285714285 0.0035587188612099642
80 122 20 86	0.016666666666666666 0.0071174377224199285
80 122 20 95	0.0012635835228708618 0.017793594306049824
80 122 35 103	0.532258064516129 0.08896797153024912
80 122 39 126	0.007194244604316547 0.0035587188612099642
80 122 40 126	0.013333333333333334 0.0035587188612099642
80 122 57 86	0.022774327122153208 0.021352313167259787
80 122 57 95	0.01650943396226415 0.014234875444839857
80 122 57 126	0.006557377049180328 0.0035587188612099642
80 126	0.013605442176870748 0.0071174377224199285
80 126 2 67	0.003878474466709761 0.0035587188612099642
80 126 2 69	0.0136986301369863 0.0035587188612099642
80 126 4 67	0.008928571428571428 0.0035587188612099642
80 126 4 69	0.003246753246753247 0.0035587188612099642
80 126 6 71	0.0004704488430443267 0.017793594306049824
80 126 21 86	0.0063003280644199225 0.028469750889679714
80 126 21 95	0.008579272477693892 0.028469750889679714
80 126 31 96	0.5 0.0035587188612099642
80 126 38 103	0.6666666666666666 0.0071174377224199285
80 126 61 86	0.012175852774421415 0.03202846975088968
80 126 61 93	0.06949352179034157 0.028469750889679714
80 126 61 95	0.0031251953247077944 0.03202846975088968
80 126 61 126	0.0009865824782951855 0.0071174377224199285
85 35 103	1.0 0.02491103202846975
100 1 66 43	0.02112436115843271 0.0071174377224199285
100 1 66 79	0.2932330827067669 0.0035587188612099642
100 1 66 86	0.0036377203619065387 0.0035587188612099642
100 1 66 95	0.01249417972993947 0.017793594306049824
100 1 95	0.01990049751243781 0.014234875444839857
100 6 71	0.0014472537053182215 0.3238434163701068
100 6 71 67	0.0015822188736108495 0.0071174377224199285
100 6 71 96	0.060794044665012405 0.05338078291814947
100 8 6 71	0.001972032986733596 0.0071174377224199285
100 8 20 86	0.01793275217932752 0.03202846975088968
100 8 20 95	0.0018915003219575016 0.028469750889679714
100 8 35 103	0.7521739130434782 0.10320284697508897
100 8 39 93	0.10975609756097561 0.017793594306049824
100 10 28 86	0.08333333333333333 0.0071174377224199285
100 10 28 95	0.009523809523809525 0.0035587188612099642
100 10 28 126	0.003875968992248062 0.0071174377224199285
100 10 30 86	0.011194029850746268 0.028469750889679714
100 10 30 95	0.017738359201773836 0.028469750889679714
100 10 75	0.001422348653213619 0.02491103202846975
100 12 15 103	0.7223198594024605 0.10676156583629894
100 12 18 86	0.0012325331422429237 0.03202846975088968
100 12 18 95	0.0011121924092868066 0.02491103202846975
100 12 30 86	0.024507192328183273 0.03202846975088968
100 12 30 95	0.00400758321134602 0.03202846975088968
100 12 34 93	0.04220779220779221 0.021352313167259787
100 12 52 95	0.03391472868217054 0.017793594306049824
100 12 83 86	0.001226993865030675 0.03202846975088968
100 12 83 95	0.0011064826868003124 0.02491103202846975
100 12 85 43	0.0034236804564907277 0.017793594306049824
100 12 86	0.0023934897079942556 0.010676156583629894
100 12 92 86	0.0010186757215619694 0.010676156583629894
100 12 93	0.05568627450980392 0.028469750889679714
100 12 93 75	0.0007707723138584862 0.017793594306049824
100 12 95	0.010030864197530864 0.017793594306049824
100 12 95 75	0.011494252873563218 0.0071174377224199285
100 12 99 86	0.008442876990488405 0.028469750889679714
100 12 99 95	0.008749040675364543 0.028469750889679714
100 12 104 96	0.7142857142857143 0.02491103202846975
100 12 105 96	0.22727272727272727 0.0071174377224199285
100 12 118 76	1.0 0.010676156583629894
100 12 126	0.002609992542878449 0.010676156583629894
100 16 28 93	0.1540785498489426 0.010676156583629894
100 16 30 86	0.015179458079160164 0.017793594306049824
100 16 30 95	0.02517730496453901 0.021352313167259787
100 16 52 93	0.1339764201500536 0.014234875444839857
100 16 52 117	0.0013717421124828531 0.0035587188612099642
100 16 52 126	0.004005340453938585 0.0035587188612099642
100 16 81 43	0.0016546622542339888 0.014234875444839857
100 16 81 67	0.0011627906976744186 0.0071174377224199285
100 16 81 79	0.21875 0.0071174377224199285
100 16 81 96	0.832807570977918 0.03914590747330961
100 20 15 103	0.7751445086705202 0.9857651245551602
100 20 18 86	0.002032562271145103 0.046263345195729534
100 20 18 95	0.00027111708753785075 0.03202846975088968
100 20 27 86	0.005331759929125075 0.028469750889679714
100 20 27 93	0.004131418453669093 0.0035587188612099642
100 20 27 95	0.0026922062308204174 0.028469750889679714
100 20 30 95	0.0034184138559708297 0.010676156583629894
100 20 33 126	0.002777777777777778 0.0035587188612099642
100 20 34 93	0.1281990856388745 0.03202846975088968
100 20 34 126	0.00159427881658961 0.0035587188612099642
100 20 83 86	0.002018568971855233 0.046263345195729534
100 20 83 95	0.00022981502943200994 0.03202846975088968
100 20 85 43	0.009213615439721393 0.021352313167259787
100 20 85 79	0.12413280475718533 0.0071174377224199285
100 20 85 96	0.7338129496402878 0.028469750889679714
100 20 86	0.013888888888888888 0.0498220640569395
100 20 92 86	0.008915751696248395 0.02491103202846975
100 20 92 93	0.003333862517859978 0.0035587188612099642
100 20 92 95	0.0029359526585607558 0.028469750889679714
100 20 93 75	0.2754491017964072 0.0035587188612099642
100 20 95	0.0043522211764940215 0.03914590747330961
100 20 95 75	0.013352670534106822 0.0071174377224199285
100 20 95 93	0.10338584102842659 0.028469750889679714
100 20 95 126	0.002107735388877179 0.0035587188612099642
100 20 105 43	0.002506265664160401 0.0035587188612099642
100 20 117 93	0.16158393544149385 0.017793594306049824
100 21 27 95	0.025396825396825397 0.014234875444839857
100 21 83 95	0.0021639166892074655 0.014234875444839857
100 21 85 43	0.006952491309385863 0.0071174377224199285
100 21 86	0.025423728813559324 0.0035587188612099642
100 21 95	0.04743083003952569 0.014234875444839857
100 23 6 71	0.0069570477918935265 0.15658362989323843
100 23 20 86	0.014240888245232923 0.03202846975088968
100 23 20 95	0.004037978827894795 0.02491103202846975
100 23 35 103	0.852394661083486 0.9501779359430605
100 23 39 93	0.03319502074688797 0.017793594306049824
100 23 40 93	0.02403846153846154 0.017793594306049824
100 24 76	0.9979674796747967 0.0071174377224199285
100 24 89 43	0.004550625711035267 0.010676156583629894
100 24 89 44	0.0016276041666666667 0.0035587188612099642
100 24 89 79	0.5620915032679739 0.010676156583629894
100 26 30 86	0.02610441767068273 0.014234875444839857
100 30 15 103	0.74 0.03558718861209965
100 30 86	0.02631578947368421 0.0035587188612099642
100 30 92 95	0.014746543778801843 0.014234875444839857
100 30 95	0.0446927374301676 0.014234875444839857
100 30 117 93	0.1411764705882353 0.010676156583629894
100 35 80 86	0.04521780871234849 0.046263345195729534
100 35 80 93	0.12036688364086287 0.021352313167259787
100 35 80 95	0.0012634135523000754 0.042704626334519574
100 35 80 126	0.0006846376441162241 0.0071174377224199285
100 35 100 43	0.000604489966106453 0.021352313167259787
100 35 100 67	0.0004298472909929914 0.017793594306049824
100 35 100 69	0.000834779290318349 0.0071174377224199285
100 35 100 79	0.13554360980552194 0.010676156583629894
100 35 100 96	0.9258101193860148 0.08540925266903915
100 35 103	0.9334196750657734 1.0
100 36 101 79	0.0522466039707419 0.0071174377224199285
100 36 101 96	0.027960526315789474 0.03914590747330961
100 37 100 79	0.07142857142857142 0.0035587188612099642
100 37 102 96	0.09407665505226481 0.03558718861209965
100 37 111 43	0.0008384739773612027 0.021352313167259787
100 39 15 103	0.9069058295964125 0.10320284697508897
100 39 18 86	0.0012224627530879918 0.010676156583629894
100 39 30 86	0.03655764228807832 0.03914590747330961
100 39 30 95	0.006128856739740289 0.03558718861209965
100 39 33 126	0.06382978723404255 0.0035587188612099642
100 39 52 86	0.0350922131147541 0.0071174377224199285
100 39 52 95	0.040789285202693024 0.017793594306049824
100 39 52 126	0.005361397934868944 0.0035587188612099642
100 39 56 86	0.125 0.0035587188612099642
100 39 77 44	0.00010893246187363834 0.0035587188612099642
100 39 77 79	0.6548463356973995 0.0035587188612099642
100 39 85 43	0.0071910112359550565 0.017793594306049824
100 39 86	0.011226944667201283 0.017793594306049824
100 39 92 126	0.010578279266572637 0.0035587188612099642
100 39 93	0.09405848388899236 0.03558718861209965
100 39 95	0.004844081138359067 0.02491103202846975
100 39 95 75	0.05813953488372093 0.0035587188612099642
100 39 99 86	0.014680340749317674 0.03914590747330961
100 39 99 95	0.015389131537045108 0.03558718861209965
100 39 104 43	0.003690283590271557 0.0071174377224199285
100 39 104 96	0.9375 0.02491103202846975
100 39 105 96	0.3783783783783784 0.021352313167259787
100 39 126	0.002034088517921021 0.010676156583629894
100 40 15 103	0.9177679882525698 0.11743772241992882
100 40 18 86	0.0013097966838329415 0.014234875444839857
100 40 18 95	0.00022793421467896344 0.017793594306049824
100 40 30 86	0.03974582387213744 0.03914590747330961
100 40 30 95	0.004337596206243587 0.03558718861209965
100 40 52 86	0.031914893617021274 0.0071174377224199285
100 40 52 95	0.0305141546873622 0.017793594306049824
100 40 77 43	0.0017284424812752065 0.0035587188612099642
100 40 77 79	0.5821428571428572 0.0035587188612099642
100 40 83 86	0.0016340916372957386 0.014234875444839857
100 40 83 95	0.0002278503198667952 0.017793594306049824
100 40 85 43	0.0017452006980802793 0.0035587188612099642
100 40 86	0.002583979328165375 0.0035587188612099642
100 40 92 126	0.016 0.0071174377224199285
100 40 93	0.08137292711145391 0.028469750889679714
100 40 95	0.003246753246753247 0.0035587188612099642
100 40 95 75	0.02702702702702703 0.0035587188612099642
100 40 99 86	0.01769441271022078 0.03558718861209965
100 40 99 95	0.014138162307176391 0.03558718861209965
100 40 104 43	0.0030274888558692423 0.0035587188612099642
100 40 104 96	0.8803088803088803 0.02491103202846975
100 40 105 43	7.042584158880699e-05 0.0071174377224199285
100 40 105 67	0.0019619241389332944 0.017793594306049824
100 40 105 69	0.015873015873015872 0.0035587188612099642
100 40 105 96	0.7837837837837838 0.02491103202846975
100 40 118 76	0.9 0.010676156583629894
100 40 126	0.008445297504798464 0.014234875444839857
100 43	0.003912800447177194 0.021352313167259787
100 43 21 86	0.008118081180811807 0.014234875444839857
100 43 21 95	0.011560693641618497 0.010676156583629894
100 43 28 93	0.13559322033898305 0.021352313167259787
100 43 30 86	0.0211965811965812 0.028469750889679714
100 43 30 95	0.016803162948319683 0.028469750889679714
100 43 38 103	1.0 0.060498220640569395
100 43 52 93	0.11913357400722022 0.010676156583629894
100 43 81 43	0.0007912497090993716 0.010676156583629894
100 43 81 79	0.17894736842105263 0.0071174377224199285
100 43 81 96	0.7142857142857143 0.03914590747330961
100 43 108 43	0.0003940563172153354 0.021352313167259787
100 43 108 96	0.17682926829268292 0.03914590747330961
100 43 110 86	0.001295001295001295 0.028469750889679714
100 44 6 71	0.0008380608561113977 0.017793594306049824
100 44 35 103	0.5618604651162791 0.9430604982206405
100 44 37 71	0.0012406947890818859 0.0035587188612099642
100 44 43	0.023255813953488372 0.0035587188612099642
100 44 53 93	0.1 0.0035587188612099642
100 44 109 43	0.011650485436893204 0.0035587188612099642
100 44 109 79	0.30357142857142855 0.0035587188612099642
100 45 21 86	0.038461538461538464 0.0035587188612099642
100 45 28 93	0.043177189409368634 0.028469750889679714
100 45 30 86	0.00871811430416532 0.03202846975088968
100 45 30 95	0.014801431499947882 0.03558718861209965
100 45 52 93	0.0488974113135187 0.021352313167259787
100 45 53 126	0.041176470588235294 0.0071174377224199285
100 45 110 96	0.0948905109489051 0.02491103202846975
100 46 102 43	0.0014602346805736635 0.0035587188612099642
100 46 111 43	0.00036357443640936646 0.021352313167259787
100 46 111 44	1.679348860468501e-05 0.0035587188612099642
100 46 111 67	0.0001554426619121148 0.028469750889679714
100 46 111 69	0.00010732333745973061 0.0071174377224199285
100 46 111 79	0.02572157013661728 0.010676156583629894
100 46 111 96	0.09117271778215984 0.09252669039145907
100 50 35 103	0.7674418604651163 0.09608540925266904
100 50 40 93	0.041666666666666664 0.0071174377224199285
100 51 30 86	0.03455964325529543 0.010676156583629894
100 51 30 95	0.013084112149532711 0.0035587188612099642
100 51 116 79	0.02613240418118467 0.010676156583629894
100 51 116 96	0.07942973523421588 0.017793594306049824
100 53 15 103	0.5 0.03202846975088968
100 53 93	0.08108108108108109 0.010676156583629894
100 57 15 103	0.75 0.08896797153024912
100 57 30 86	0.06714471968709257 0.014234875444839857
100 57 30 95	0.005282913944112331 0.021352313167259787
100 57 85 43	0.0037313432835820895 0.0035587188612099642
100 57 86	0.014084507042253521 0.0035587188612099642
100 57 92 86	0.001145475372279496 0.0035587188612099642
100 57 95	0.004672897196261682 0.0035587188612099642
100 57 95 75	0.07142857142857142 0.0035587188612099642
100 57 99 86	0.003931847968545216 0.010676156583629894
100 57 99 95	0.01125703564727955 0.017793594306049824
100 57 122 96	0.6190476190476191 0.0035587188612099642
100 57 126	0.003663003663003663 0.0035587188612099642
100 58 18 95	0.000578368999421631 0.0035587188612099642
100 58 20 86	0.009339080459770116 0.028469750889679714
100 58 20 95	0.005350398657154847 0.028469750889679714
100 58 24 76	1.0 0.0035587188612099642
100 58 35 103	0.9648340762753839 0.9608540925266904
100 58 39 93	0.0457516339869281 0.014234875444839857
100 58 40 93	0.08042895442359249 0.017793594306049824
100 58 40 126	0.00473186119873817 0.0071174377224199285
100 58 83 95	0.000578368999421631 0.0035587188612099642
100 67	0.007582938388625593 0.017793594306049824
100 67 6 71	0.000570726413093649 0.21352313167259787
100 67 21 86	0.0043594042805010355 0.03558718861209965
100 67 21 95	0.004247364091826815 0.028469750889679714
100 67 38 103	1.0 0.8540925266903915
100 67 61 86	0.006834117333806692 0.02491103202846975
100 67 61 93	0.014772727272727272 0.02491103202846975
100 67 61 95	0.004461942257217848 0.014234875444839857
100 69	0.014705882352941176 0.0071174377224199285
100 69 6 71	0.0010476323508869954 0.08185053380782918
100 69 21 86	0.005778551012799801 0.028469750889679714
100 69 21 95	0.005512489233419466 0.028469750889679714
100 69 38 103	1.0 0.8540925266903915
100 69 61 86	0.0056657223796034 0.017793594306049824
100 69 61 95	0.011508951406649617 0.02491103202846975
100 72 30 86	0.008888888888888889 0.014234875444839857
100 73 6 71	0.001972032986733596 0.0071174377224199285
100 73 20 86	0.017712177121771217 0.03202846975088968
100 73 20 95	0.0018897511157573077 0.028469750889679714
100 73 35 103	0.7521739130434782 0.10320284697508897
100 73 39 93	0.10975609756097561 0.017793594306049824
100 79	0.14285714285714285 0.010676156583629894
100 79 15 103	0.43333333333333335 0.03914590747330961
100 79 21 86	0.029661016949152543 0.017793594306049824
100 79 21 95	0.015 0.010676156583629894
100 79 28 93	0.11940298507462686 0.017793594306049824
100 79 30 86	0.02365930599369085 0.028469750889679714
100 79 53 126	0.07692307692307693 0.0035587188612099642
100 79 86	0.1111111111111111 0.0035587188612099642
100 79 95	0.041666666666666664 0.0035587188612099642
100 88 6 71	0.007017543859649123 0.15658362989323843
100 88 20 95	0.004042390473068939 0.02491103202846975
100 88 35 103	0.852394661083486 0.9501779359430605
100 88 39 93	0.03225806451612903 0.017793594306049824
100 88 40 93	0.035555555555555556 0.017793594306049824
100 88 79	1.0 0.0035587188612099642
100 96	1.0 0.08540925266903915
100 96 6 71	0.1612127934923276 0.505338078291815
100 96 21 86	0.07407407407407407 0.0071174377224199285
100 96 31 96	1.0 0.08540925266903915
100 96 38 103	1.0 0.8576512455516014
100 96 61 126	0.1875 0.010676156583629894
100 97 30 86	0.03333333333333333 0.0035587188612099642
100 109 12 93	0.03285420944558522 0.014234875444839857
100 109 20 95	0.0010291595197255575 0.014234875444839857
100 109 35 103	0.5584415584415584 0.9430604982206405
100 109 39 93	0.01646090534979424 0.014234875444839857
100 109 43	0.007407407407407408 0.0035587188612099642
100 109 44 43	0.027855153203342618 0.0035587188612099642
100 115 20 86	0.004097427725927612 0.010676156583629894
100 115 35 103	0.7674418604651163 0.09608540925266904
100 115 40 93	0.041237113402061855 0.0071174377224199285
100 123 20 86	0.017006802721088437 0.028469750889679714
100 123 20 95	0.007415766564565533 0.028469750889679714
100 123 35 103	0.9610261470152935 0.9608540925266904
102 15 103	1.0 0.0035587188612099642
102 20 15 103	0.1 0.0035587188612099642
102 28 30 86	0.125 0.0035587188612099642
102 30 15 103	0.5 0.0035587188612099642
102 30 86	0.125 0.0035587188612099642
102 30 93 75	0.3333333333333333 0.0035587188612099642
102 35 80 86	0.05813953488372093 0.010676156583629894
102 35 80 126	0.05 0.0035587188612099642
102 37 80 86	0.0594059405940594 0.014234875444839857
102 37 80 126	0.03571428571428571 0.0035587188612099642
102 37 100 96	1.0 0.0035587188612099642
102 37 103	1.0 0.03914590747330961
102 40 15 103	0.09090909090909091 0.0035587188612099642
103	1.0 1.0
103 2 35 103	1.0 0.8540925266903915
103 2 67	0.29545454545454547 0.03558718861209965
103 2 69	0.5 0.0035587188612099642
103 4 35 103	1.0 0.8540925266903915
103 4 67	0.06666666666666667 0.0035587188612099642
103 4 69	0.75 0.010676156583629894
103 6 71	0.5010081437063029 0.8754448398576512
103 6 71 96	0.8822393822393823 0.05338078291814947
103 10 28 86	0.125 0.0035587188612099642
103 10 30 86	0.11764705882352941 0.0071174377224199285
103 10 75	0.23214285714285715 0.02491103202846975
103 11 76	0.990990990990991 0.08185053380782918
103 14 35 103	0.7586206896551724 0.07829181494661921
103 21 15 103	0.9333333333333333 0.099644128113879
103 21 34 126	0.004524886877828055 0.0035587188612099642
103 21 85 96	0.6666666666666666 0.0071174377224199285
103 21 86	0.023509655751469353 0.05693950177935943
103 21 92 95	0.00016627868307283005 0.0035587188612099642
103 21 93 75	0.16666666666666666 0.0035587188612099642
103 21 95	0.01670378619153675 0.03558718861209965
103 21 95 75	0.0196078431372549 0.0071174377224199285
103 21 95 93	0.061946902654867256 0.017793594306049824
103 21 95 126	0.006666666666666667 0.0035587188612099642
103 21 117 93	0.17647058823529413 0.010676156583629894
103 28 15 103	1.0 0.06405693950177936
103 28 30 86	0.021538461538461538 0.017793594306049824
103 28 30 95	0.03103448275862069 0.02491103202846975
103 28 93	0.10270270270270271 0.042704626334519574
103 28 98 95	1.0 0.0035587188612099642
103 28 99 86	0.007102272727272727 0.021352313167259787
103 28 99 95	0.018808777429467086 0.02491103202846975
103 28 117 95	1.0 0.0035587188612099642
103 29 94	0.2 0.0035587188612099642
103 30 15 103	0.8554216867469879 0.099644128113879
103 30 33 93	1.0 0.0035587188612099642
103 30 34 93	0.18 0.017793594306049824
103 30 52 93	1.0 0.0035587188612099642
103 30 85 43	0.011435832274459974 0.021352313167259787
103 30 86	0.024630541871921183 0.03202846975088968
103 30 95	0.04154727793696275 0.042704626334519574
103 30 95 75	0.01098901098901099 0.0035587188612099642
103 30 95 93	0.13043478260869565 0.017793594306049824
103 31 6 71	0.09674005080440305 0.12811387900355872
103 31 20 86	0.0425531914893617 0.0071174377224199285
103 31 35 103	1.0 0.8576512455516014
103 31 39 126	0.08235294117647059 0.0071174377224199285
103 31 40 126	0.13333333333333333 0.0071174377224199285
103 31 96	0.9039301310043668 0.15658362989323843
103 38 80 86	0.020728457210541902 0.042704626334519574
103 38 80 93	0.1348314606741573 0.021352313167259787
103 38 80 95	0.0027964866674544094 0.042704626334519574
103 38 80 126	0.0019029495718363464 0.0071174377224199285
103 38 100 67	0.13041706289906263 0.017793594306049824
103 38 100 69	0.1497659906396256 0.0071174377224199285
103 38 100 96	0.9917370217352255 0.08540925266903915
103 38 103	0.9911017385042691 1.0
103 45 110	0.16666666666666666 0.0071174377224199285
103 52 117	0.25 0.0035587188612099642
103 55 96	1.0 0.017793594306049824
103 61 15 103	0.5 0.0071174377224199285
103 61 30 86	0.038461538461538464 0.0035587188612099642
103 61 104 96	1.0 0.02491103202846975
103 61 105 69	1.0 0.0035587188612099642
103 61 105 96	1.0 0.0071174377224199285
103 61 126	0.10294117647058823 0.017793594306049824
103 98 33	1.0 0.0035587188612099642
103 108 20 86	0.011627906976744186 0.017793594306049824
103 108 20 95	0.021791767554479417 0.02491103202846975
103 108 35 103	1.0 0.060498220640569395
103 108 43	0.7142857142857143 0.021352313167259787
103 109 44	1.0 0.0035587188612099642
116 51 103	1.0 0.0071174377224199285
