7 72 124	1.0 0.02631578947368421
15 80 93	0.058823529411764705 0.013157894736842105
15 80 117 93	0.05405405405405406 0.013157894736842105
15 100 12 93	0.04009433962264151 0.013157894736842105
15 100 12 118	0.04709141274238227 0.013157894736842105
15 100 20 95	0.010975270908585718 0.013157894736842105
15 100 39 93	0.05639020374562667 0.013157894736842105
15 100 39 118	0.07298881193393714 0.013157894736842105
15 100 39 124	0.9963898916967509 0.013157894736842105
15 100 40 93	0.05671537926235212 0.013157894736842105
15 100 40 118	0.07355595667870037 0.013157894736842105
15 100 40 124	1.0 0.013157894736842105
27 117 30 95	0.012269938650306749 0.013157894736842105
28 27 92 93	0.5 0.013157894736842105
28 30 95 93	0.1 0.013157894736842105
28 45 110 93	0.42857142857142855 0.013157894736842105
28 77 12 93	0.5 0.013157894736842105
28 93	0.5 0.013157894736842105
28 93 17 82	0.025 0.013157894736842105
28 93 28 93	0.5 0.013157894736842105
28 93 56 93	0.5 0.013157894736842105
28 93 59 124	1.0 0.013157894736842105
28 93 124	1.0 0.013157894736842105
28 104 39 93	0.5 0.013157894736842105
28 104 40 93	0.41304347826086957 0.013157894736842105
28 105 39 93	0.15833333333333333 0.013157894736842105
28 105 40 93	0.5 0.013157894736842105
28 118 53 93	0.5 0.013157894736842105
28 121 56 93	0.5 0.013157894736842105
28 121 124	1.0 0.013157894736842105
28 122 40 93	0.5 0.013157894736842105
28 122 57 93	0.5 0.013157894736842105
30 1 66 95	0.040097205346294046 0.14473684210526316
30 1 121 95	0.07142857142857142 0.013157894736842105
30 15 80 93	0.056074766355140186 0.06578947368421052
30 15 80 95	0.0034965034965034965 0.19736842105263158
30 15 80 118	0.10416666666666667 0.11842105263157894
30 15 80 124	0.6 0.02631578947368421
30 18 18 95	0.0022220364733263895 0.42105263157894735
30 18 27 95	0.0012796815014929617 0.42105263157894735
30 18 83 95	0.0021342639271385703 0.42105263157894735
30 18 85 43	6.037553583288052e-05 0.013157894736842105
30 18 85 125	0.031746031746031744 0.02631578947368421
30 18 92 95	0.0012433161598595784 0.42105263157894735
30 18 95	4.758958739827726e-05 0.013157894736842105
30 18 95 93	0.0012987012987012987 0.013157894736842105
30 19 84 95	0.011461318051575931 0.2236842105263158
30 27 18 95	0.0026228882768816243 0.40789473684210525
30 27 27 95	0.006328043044228622 0.40789473684210525
30 27 83 95	0.00261970254468379 0.40789473684210525
30 27 92 95	0.006247703050349137 0.40789473684210525
30 27 95	0.00015035333032626674 0.013157894736842105
30 27 95 124	0.03333333333333333 0.02631578947368421
30 33 98 95	0.03939393939393939 0.10526315789473684
30 34 30 95	0.006915213469633193 0.27631578947368424
30 34 93	0.05699481865284974 0.11842105263157894
30 34 99 95	0.011156648451730419 0.3684210526315789
30 34 118	0.0658682634730539 0.11842105263157894
30 34 121 124	0.5384615384615384 0.09210526315789473
30 34 124	0.6666666666666666 0.02631578947368421
30 45 110 95	0.0017189079878665318 0.42105263157894735
30 56 66 95	0.03333333333333333 0.013157894736842105
30 56 121 95	0.0012526096033402922 0.039473684210526314
30 66 39 93	0.058823529411764705 0.05263157894736842
30 66 39 118	0.1346153846153846 0.09210526315789473
30 77 12 93	0.041666666666666664 0.05263157894736842
30 77 12 95	0.00855603675926904 0.39473684210526316
30 77 20 95	0.009359554106635819 0.3026315789473684
30 77 43	0.044444444444444446 0.02631578947368421
30 83 18 95	0.0019270803055605583 0.42105263157894735
30 83 27 95	0.0017245278751554902 0.42105263157894735
30 83 83 95	0.0018036891142837574 0.42105263157894735
30 83 85 125	0.031746031746031744 0.02631578947368421
30 83 92 95	0.0016787758696609424 0.42105263157894735
30 83 95	4.7402351156617366e-05 0.013157894736842105
30 83 95 93	0.0012953367875647669 0.013157894736842105
30 85 12 93	0.04149566803465572 0.11842105263157894
30 85 12 95	0.00782830504002111 0.3026315789473684
30 85 12 118	0.06108108108108108 0.13157894736842105
30 85 20 95	0.00719341469300091 0.42105263157894735
30 85 39 93	0.06272764063132336 0.11842105263157894
30 85 39 95	0.0021658632012855447 0.27631578947368424
30 85 39 118	0.11983144587832499 0.13157894736842105
30 85 39 124	0.5128458498023716 0.02631578947368421
30 85 40 93	0.06116569782396214 0.11842105263157894
30 85 40 95	0.013644028821094589 0.19736842105263158
30 85 40 118	0.11407961528185948 0.13157894736842105
30 85 40 124	0.4938398357289528 0.02631578947368421
30 85 43	0.002113271344040575 0.06578947368421052
30 85 43 97	0.09230769230769231 0.07894736842105263
30 85 57 93	0.031088082901554404 0.07894736842105263
30 85 57 118	0.04046242774566474 0.09210526315789473
30 85 121 124	0.5 0.06578947368421052
30 85 125	1.0 0.02631578947368421
30 85 125 32	1.0 0.013157894736842105
30 86 21 95	0.011074410123061332 0.42105263157894735
30 86 28 93	0.07317073170731707 0.07894736842105263
30 86 28 118	0.13793103448275862 0.10526315789473684
30 86 30 95	0.02236198462613557 0.3684210526315789
30 86 53 93	0.06269592476489028 0.07894736842105263
30 86 53 95	0.015625 0.05263157894736842
30 86 53 118	0.10431654676258993 0.10526315789473684
30 86 53 124	0.5 0.02631578947368421
30 86 61 93	0.013250883392226149 0.06578947368421052
30 86 61 95	0.008768552974891998 0.27631578947368424
30 92 18 95	0.002559002324333989 0.40789473684210525
30 92 27 95	0.005601438136675091 0.40789473684210525
30 92 83 95	0.0025524989968344555 0.40789473684210525
30 92 92 95	0.006369838652310279 0.40789473684210525
30 92 95	0.00014812620352540364 0.013157894736842105
30 92 95 124	0.03333333333333333 0.02631578947368421
30 95	0.00948302233098807 0.40789473684210525
30 95 17 82	0.028333333333333332 0.17105263157894737
30 95 21 95	0.02310052337123263 0.3684210526315789
30 95 25 90	0.031222123104371096 0.15789473684210525
30 95 27 118	0.22340425531914893 0.02631578947368421
30 95 28 93	0.06828885400313972 0.17105263157894737
30 95 28 118	0.13141025641025642 0.10526315789473684
30 95 28 124	0.5161290322580645 0.09210526315789473
30 95 30 95	0.0013833405334263908 0.42105263157894735
30 95 32	0.2857142857142857 0.07894736842105263
30 95 32 97	0.05660377358490566 0.11842105263157894
30 95 33 95	0.019230769230769232 0.06578947368421052
30 95 33 118	0.5 0.013157894736842105
30 95 52 93	0.061381074168797956 0.07894736842105263
30 95 52 95	0.021915584415584416 0.15789473684210525
30 95 52 118	0.19073083778966132 0.13157894736842105
30 95 52 124	0.5 0.02631578947368421
30 95 53 93	0.06369426751592357 0.07894736842105263
30 95 53 118	0.11867704280155641 0.13157894736842105
30 95 53 124	0.5 0.07894736842105263
30 95 56 95	0.02464788732394366 0.09210526315789473
30 95 56 118	0.2222222222222222 0.039473684210526314
30 95 59 93	0.14583333333333334 0.09210526315789473
30 95 59 118	0.10294117647058823 0.09210526315789473
30 95 59 124	0.6756756756756757 0.42105263157894735
30 95 60 43	0.5 0.013157894736842105
30 95 92 118	0.22340425531914893 0.02631578947368421
30 95 93	0.10144927536231885 0.13157894736842105
30 95 93 32	0.13636363636363635 0.02631578947368421
30 95 97	0.3 0.07894736842105263
30 95 97 32	0.5454545454545454 0.07894736842105263
30 95 99 95	0.006976038823172581 0.27631578947368424
30 95 108 125	1.0 0.02631578947368421
30 95 118	0.09523809523809523 0.13157894736842105
30 95 121 124	0.5 0.17105263157894737
30 95 124	0.676056338028169 0.42105263157894735
30 95 124 32	0.42857142857142855 0.06578947368421052
30 95 124 97	0.34615384615384615 0.07894736842105263
30 98 52 95	0.019230769230769232 0.06578947368421052
30 104 20 95	0.0025809674465073684 0.27631578947368424
30 104 39 95	0.005117497748300991 0.27631578947368424
30 105 20 95	0.01029277218664227 0.21052631578947367
30 105 39 93	0.020833333333333332 0.013157894736842105
30 105 40 95	0.013137053945774713 0.34210526315789475
30 108 20 95	0.02464788732394366 0.09210526315789473
30 108 43 95	0.028391167192429023 0.11842105263157894
30 117 33 95	0.019230769230769232 0.06578947368421052
30 117 52 95	0.020731707317073172 0.15789473684210525
30 117 93	0.058823529411764705 0.05263157894736842
30 117 99 95	0.019021739130434784 0.09210526315789473
30 117 118	0.1346153846153846 0.09210526315789473
30 117 124	0.5 0.02631578947368421
30 118 21 95	0.015625 0.05263157894736842
30 118 53 95	0.015625 0.05263157894736842
30 121 25 90	0.019230769230769232 0.039473684210526314
30 121 30 95	0.02464788732394366 0.09210526315789473
30 121 32	0.25 0.013157894736842105
30 121 56 95	0.02464788732394366 0.09210526315789473
30 122 57 95	0.01797175866495507 0.13157894736842105
30 126 21 95	0.012901195720578981 0.27631578947368424
30 126 61 95	0.00911188827825756 0.35526315789473684
42 107 124	1.0 0.013157894736842105
52 1 66 95	0.013605442176870748 0.013157894736842105
52 15 80 95	0.012195121951219513 0.013157894736842105
52 18 18 95	0.0009729814214283778 0.013157894736842105
52 18 83 95	0.0008605892188302675 0.013157894736842105
52 45 110 95	0.0009133462724055258 0.013157894736842105
52 52 117 93	0.14285714285714285 0.013157894736842105
52 66 40 118	0.07692307692307693 0.013157894736842105
52 77 12 93	0.008097165991902834 0.02631578947368421
52 77 20 95	0.02040816326530612 0.05263157894736842
52 83 18 95	0.0008729277218949571 0.013157894736842105
52 83 83 95	0.0008694091142296199 0.013157894736842105
52 83 92 95	0.0006238303181534623 0.013157894736842105
52 85 12 118	0.04473684210526316 0.013157894736842105
52 85 12 124	1.0 0.013157894736842105
52 85 20 95	0.013194746245593704 0.013157894736842105
52 85 39 93	0.058061634658329614 0.013157894736842105
52 85 39 118	0.07553747821034282 0.013157894736842105
52 85 39 124	1.0 0.013157894736842105
52 85 40 93	0.057724550898203594 0.013157894736842105
52 85 40 118	0.07538317172349077 0.013157894736842105
52 85 40 124	1.0 0.013157894736842105
52 85 57 118	0.07692307692307693 0.013157894736842105
52 86 21 95	0.010589481115425344 0.013157894736842105
52 86 53 93	0.058823529411764705 0.013157894736842105
52 86 53 118	0.07407407407407407 0.013157894736842105
52 86 61 124	1.0 0.013157894736842105
52 92 27 95	0.009577015163607342 0.013157894736842105
52 92 93	0.04878048780487805 0.02631578947368421
52 92 93 32	0.16666666666666666 0.013157894736842105
52 92 118	0.0967741935483871 0.039473684210526314
52 92 121 124	0.3333333333333333 0.013157894736842105
52 93	0.125 0.013157894736842105
52 93 28 93	0.022222222222222223 0.013157894736842105
52 93 59 124	0.75 0.02631578947368421
52 95	0.014084507042253521 0.013157894736842105
52 95 21 95	0.014084507042253521 0.013157894736842105
52 95 28 93	0.061016949152542375 0.013157894736842105
52 95 28 118	0.07623318385650224 0.013157894736842105
52 95 30 95	0.013645973476840285 0.013157894736842105
52 95 53 118	0.07272727272727272 0.013157894736842105
52 95 93	0.1 0.013157894736842105
52 104 39 93	0.018789144050104383 0.013157894736842105
52 104 39 95	0.014084507042253521 0.013157894736842105
52 104 40 93	0.0297029702970297 0.039473684210526314
52 105 39 93	0.03614457831325301 0.039473684210526314
52 105 40 93	0.013352073085031623 0.013157894736842105
52 117 27 118	1.0 0.013157894736842105
52 117 30 95	0.022292993630573247 0.07894736842105263
52 117 52 93	0.013513513513513514 0.013157894736842105
52 117 56 93	0.09523809523809523 0.02631578947368421
52 117 93	0.056179775280898875 0.02631578947368421
52 117 93 32	0.125 0.02631578947368421
52 117 118	0.10144927536231885 0.05263157894736842
52 117 121 124	1.0 0.039473684210526314
52 117 124	0.8636363636363636 0.21052631578947367
52 117 124 32	1.0 0.013157894736842105
52 118 53 93	0.02040816326530612 0.013157894736842105
52 121 52 93	0.14285714285714285 0.013157894736842105
52 121 56 93	0.14285714285714285 0.013157894736842105
52 121 124	1.0 0.09210526315789473
52 122 12 93	0.2 0.013157894736842105
52 122 20 95	0.015789473684210527 0.039473684210526314
52 122 39 93	0.2 0.013157894736842105
52 122 40 93	0.07317073170731707 0.039473684210526314
56 1 66 95	0.028169014084507043 0.02631578947368421
56 12 30 95	0.015037593984962405 0.02631578947368421
56 12 93	0.25 0.013157894736842105
56 12 99 95	0.015037593984962405 0.02631578947368421
56 15 80 93	0.09090909090909091 0.013157894736842105
56 15 80 95	0.0009886307464162135 0.05263157894736842
56 19 84 95	0.016483516483516484 0.039473684210526314
56 20 18 95	0.0005044136191677175 0.02631578947368421
56 20 34 93	0.02564102564102564 0.02631578947368421
56 20 83 95	0.0005011275369581559 0.02631578947368421
56 20 95	0.015037593984962405 0.05263157894736842
56 20 95 97	0.16666666666666666 0.013157894736842105
56 20 95 124	0.4166666666666667 0.05263157894736842
56 27 27 93	0.030303030303030304 0.013157894736842105
56 27 27 118	0.3541666666666667 0.02631578947368421
56 27 30 95	0.0008375209380234506 0.02631578947368421
56 27 92 93	0.06741573033707865 0.02631578947368421
56 27 92 118	0.24050632911392406 0.02631578947368421
56 27 117 124	0.5 0.013157894736842105
56 30 18 95	0.00011420740063956144 0.013157894736842105
56 30 27 95	0.00013883104262113008 0.013157894736842105
56 30 34 93	0.03286384976525822 0.05263157894736842
56 30 34 118	0.05045871559633028 0.06578947368421052
56 30 83 95	0.00011393414606357525 0.013157894736842105
56 30 85 125	1.0 0.02631578947368421
56 30 92 95	0.00020699648105982198 0.013157894736842105
56 30 95	0.0034059945504087193 0.13157894736842105
56 30 95 93	0.07446808510638298 0.09210526315789473
56 30 95 97	0.125 0.013157894736842105
56 30 95 118	0.08761329305135952 0.09210526315789473
56 30 95 124	0.5909090909090909 0.14473684210526316
56 30 117 93	0.05813953488372093 0.039473684210526314
56 30 117 118	0.06666666666666667 0.05263157894736842
56 33 117 93	0.1 0.013157894736842105
56 33 118	0.11764705882352941 0.02631578947368421
56 35 80 95	0.003942181340341655 0.07894736842105263
56 39 93	0.058823529411764705 0.013157894736842105
56 39 93 97	0.5 0.013157894736842105
56 39 118	0.15384615384615385 0.02631578947368421
56 43 30 95	0.028169014084507043 0.02631578947368421
56 45 28 118	0.15384615384615385 0.05263157894736842
56 45 52 93	0.058823529411764705 0.02631578947368421
56 45 52 118	0.15384615384615385 0.05263157894736842
56 45 110 93	0.42857142857142855 0.013157894736842105
56 52 34 93	0.024193548387096774 0.02631578947368421
56 52 34 118	0.02459016393442623 0.039473684210526314
56 52 95 93	0.07692307692307693 0.05263157894736842
56 52 95 118	0.058823529411764705 0.05263157894736842
56 52 117 93	0.06622516556291391 0.06578947368421052
56 52 117 118	0.06896551724137931 0.06578947368421052
56 52 117 124	1.0 0.039473684210526314
56 52 118	0.09090909090909091 0.02631578947368421
56 57 93	1.0 0.02631578947368421
56 57 99 95	0.3333333333333333 0.02631578947368421
56 58 39 93	0.058823529411764705 0.013157894736842105
56 58 39 118	0.15384615384615385 0.02631578947368421
56 77 12 93	0.01567398119122257 0.10526315789473684
56 77 12 118	0.008366993652625505 0.07894736842105263
56 77 20 95	0.004443974182626177 0.14473684210526316
56 77 39 93	0.026615969581749048 0.02631578947368421
56 77 39 118	0.00423728813559322 0.013157894736842105
56 77 40 93	0.036855036855036855 0.06578947368421052
56 77 40 118	0.017241379310344827 0.07894736842105263
56 92 27 93	0.030303030303030304 0.013157894736842105
56 92 27 118	0.32608695652173914 0.02631578947368421
56 92 30 95	0.0008375209380234506 0.02631578947368421
56 92 92 93	0.03225806451612903 0.013157894736842105
56 92 92 118	0.3333333333333333 0.02631578947368421
56 93	0.08860759493670886 0.09210526315789473
56 93 17 82	0.025 0.039473684210526314
56 93 21 95	0.022222222222222223 0.039473684210526314
56 93 25 90	0.046875 0.05263157894736842
56 93 28 93	0.010955569080949483 0.09210526315789473
56 93 28 118	0.002466091245376079 0.02631578947368421
56 93 30 95	0.018571428571428572 0.06578947368421052
56 93 32	0.047619047619047616 0.013157894736842105
56 93 32 97	0.0016339869281045752 0.013157894736842105
56 93 53 93	0.0297029702970297 0.02631578947368421
56 93 53 118	0.028846153846153848 0.02631578947368421
56 93 56 93	0.07142857142857142 0.013157894736842105
56 93 59 124	0.7037037037037037 0.15789473684210525
56 93 97 32	0.047619047619047616 0.013157894736842105
56 93 107 42	0.125 0.013157894736842105
56 93 124	1.0 0.013157894736842105
56 98 30 95	0.0008375209380234506 0.013157894736842105
56 98 33 118	1.0 0.013157894736842105
56 98 52 118	0.25 0.039473684210526314
56 99 18 95	0.0003401360544217687 0.02631578947368421
56 99 27 95	0.0003586800573888092 0.013157894736842105
56 99 34 93	0.03787878787878788 0.039473684210526314
56 99 34 118	0.03543307086614173 0.05263157894736842
56 99 83 95	0.0003386386725364037 0.02631578947368421
56 99 92 95	0.0003534817956875221 0.013157894736842105
56 99 95	0.015822784810126583 0.06578947368421052
56 99 95 93	0.03278688524590164 0.039473684210526314
56 99 95 118	0.0391304347826087 0.05263157894736842
56 99 95 124	0.4666666666666667 0.06578947368421052
56 99 117 93	0.024 0.02631578947368421
56 99 117 118	0.023622047244094488 0.039473684210526314
56 104 12 93	0.02631578947368421 0.02631578947368421
56 104 12 95	0.0072992700729927005 0.02631578947368421
56 104 20 95	0.0033944789137667474 0.19736842105263158
56 104 39 93	0.03134719765810819 0.09210526315789473
56 104 39 118	0.012973600981088233 0.07894736842105263
56 104 40 93	0.04190751445086705 0.09210526315789473
56 104 40 95	0.05555555555555555 0.013157894736842105
56 104 40 118	0.013211009174311927 0.11842105263157894
56 104 57 93	0.020761245674740483 0.039473684210526314
56 104 57 95	0.015625 0.02631578947368421
56 104 57 118	0.0034602076124567475 0.013157894736842105
56 105 12 93	0.035634743875278395 0.07894736842105263
56 105 12 118	0.013888888888888888 0.07894736842105263
56 105 20 95	0.002828769512514171 0.19736842105263158
56 105 39 93	0.043258832011535686 0.10526315789473684
56 105 39 118	0.012697191227395151 0.09210526315789473
56 105 40 93	0.027864992150706435 0.09210526315789473
56 105 40 118	0.010895522388059702 0.07894736842105263
56 105 57 93	0.3076923076923077 0.039473684210526314
56 105 57 118	0.08333333333333333 0.013157894736842105
56 117 30 95	0.0017207147584381204 0.06578947368421052
56 117 33 118	1.0 0.013157894736842105
56 117 52 93	0.015306122448979591 0.05263157894736842
56 117 52 118	0.020151133501259445 0.06578947368421052
56 117 56 93	0.14285714285714285 0.013157894736842105
56 117 124	1.0 0.09210526315789473
56 118	0.07692307692307693 0.07894736842105263
56 118 17 82	0.025 0.039473684210526314
56 118 21 95	0.05970149253731343 0.05263157894736842
56 118 25 90	0.05263157894736842 0.09210526315789473
56 118 28 118	0.015625 0.013157894736842105
56 118 32	0.16666666666666666 0.013157894736842105
56 118 32 97	0.04878048780487805 0.039473684210526314
56 118 53 93	0.009968847352024923 0.09210526315789473
56 118 53 118	0.007995079950799507 0.07894736842105263
56 118 59 124	1.0 0.11842105263157894
56 118 97	0.2857142857142857 0.02631578947368421
56 118 97 32	0.2 0.02631578947368421
56 121 30 95	0.004629629629629629 0.2631578947368421
56 121 52 93	0.1111111111111111 0.013157894736842105
56 121 56 93	0.07317073170731707 0.09210526315789473
56 121 56 118	0.10377358490566038 0.07894736842105263
56 121 93	0.25 0.013157894736842105
56 121 93 32	0.5 0.013157894736842105
56 121 124	0.9473684210526315 0.6578947368421053
56 121 124 32	0.38461538461538464 0.05263157894736842
56 121 124 97	0.2777777777777778 0.05263157894736842
56 122 39 93	0.021052631578947368 0.039473684210526314
56 122 39 118	0.0036231884057971015 0.013157894736842105
56 122 40 93	0.3333333333333333 0.039473684210526314
56 122 40 118	0.125 0.013157894736842105
56 122 57 93	0.0262582056892779 0.05263157894736842
56 122 57 118	0.0022727272727272726 0.013157894736842105
56 126 21 95	0.0057080398348311875 0.06578947368421052
56 126 61 93	0.005745239658568615 0.039473684210526314
56 126 61 118	0.001157598809326939 0.013157894736842105
77 12 52 95	0.013763896241397565 0.013157894736842105
77 12 93	0.04569420035149385 0.013157894736842105
77 12 99 95	0.008894970920287376 0.013157894736842105
77 12 118	0.05639913232104121 0.013157894736842105
77 12 124	1.0 0.013157894736842105
77 16 28 93	0.058823529411764705 0.013157894736842105
77 20 34 124	1.0 0.013157894736842105
77 20 95	0.00929368029739777 0.013157894736842105
77 20 95 93	0.08539944903581267 0.013157894736842105
77 20 117 124	1.0 0.013157894736842105
77 35 80 93	0.05782312925170068 0.013157894736842105
77 35 80 95	0.0020462205103514686 0.013157894736842105
77 35 80 118	0.06719367588932806 0.013157894736842105
77 40 124	1.0 0.013157894736842105
77 109 12 124	1.0 0.013157894736842105
93	0.125 0.039473684210526314
93 17 82	0.01875 0.039473684210526314
93 17 82 32	0.013888888888888888 0.013157894736842105
93 17 82 97	0.03125 0.013157894736842105
93 25 90	0.017094017094017096 0.02631578947368421
93 25 90 97	0.037037037037037035 0.02631578947368421
93 28 56 93	0.2 0.013157894736842105
93 28 56 118	0.3 0.039473684210526314
93 28 93	0.06567164179104477 0.06578947368421052
93 28 93 32	0.03333333333333333 0.02631578947368421
93 28 93 97	0.05 0.02631578947368421
93 28 118	0.08267716535433071 0.06578947368421052
93 28 124	0.8421052631578947 0.21052631578947367
93 28 124 32	0.2857142857142857 0.02631578947368421
93 28 124 97	0.25 0.02631578947368421
93 30 34 93	0.058823529411764705 0.05263157894736842
93 30 34 118	0.08791208791208792 0.09210526315789473
93 30 95	0.01603905160390516 0.09210526315789473
93 30 95 93	0.10071942446043165 0.09210526315789473
93 30 95 118	0.06779661016949153 0.09210526315789473
93 30 95 124	0.3404255319148936 0.09210526315789473
93 30 117 93	0.058823529411764705 0.05263157894736842
93 30 117 118	0.08846153846153847 0.09210526315789473
93 30 117 124	0.9 0.02631578947368421
93 32	0.16666666666666666 0.013157894736842105
93 32 25 90	0.043478260869565216 0.02631578947368421
93 32 28 93	0.09090909090909091 0.02631578947368421
93 32 53 118	0.14285714285714285 0.02631578947368421
93 32 59 124	0.38461538461538464 0.02631578947368421
93 32 97	0.15 0.039473684210526314
93 32 97 32	0.05 0.013157894736842105
93 32 97 97	0.2857142857142857 0.02631578947368421
93 32 107 42	0.25 0.013157894736842105
93 38 80 95	0.011560693641618497 0.02631578947368421
93 52 118	0.07692307692307693 0.013157894736842105
93 52 124	1.0 0.013157894736842105
93 53 93	0.07954545454545454 0.039473684210526314
93 53 99 95	0.015217391304347827 0.06578947368421052
93 53 118	0.09722222222222222 0.06578947368421052
93 53 124	0.45454545454545453 0.039473684210526314
93 53 124 32	0.3333333333333333 0.013157894736842105
93 59 30 95	0.020558002936857563 0.06578947368421052
93 59 93	0.1590909090909091 0.07894736842105263
93 59 93 97	0.4 0.02631578947368421
93 59 118	0.1 0.039473684210526314
93 59 124	0.5 0.09210526315789473
93 59 124 32	0.4 0.02631578947368421
93 59 124 97	0.16666666666666666 0.013157894736842105
93 81 40 93	0.058823529411764705 0.013157894736842105
93 97	0.25 0.013157894736842105
93 97 17 82	0.016666666666666666 0.02631578947368421
93 97 32	0.2 0.013157894736842105
93 97 32 97	0.1111111111111111 0.013157894736842105
93 97 59 93	1.0 0.02631578947368421
93 97 59 124	0.2857142857142857 0.02631578947368421
93 108 40 124	1.0 0.013157894736842105
93 110 20 95	0.00494296577946768 0.013157894736842105
93 110 39 93	0.05368289637952559 0.013157894736842105
93 110 39 124	1.0 0.013157894736842105
93 110 40 93	0.042643923240938165 0.013157894736842105
93 110 40 124	1.0 0.013157894736842105
99 15 80 93	0.058823529411764705 0.02631578947368421
99 15 80 95	0.011824324324324325 0.02631578947368421
99 15 80 118	0.07142857142857142 0.02631578947368421
99 15 80 124	1.0 0.02631578947368421
99 18 18 95	0.0009729813898456627 0.013157894736842105
99 18 34 93	0.011904761904761904 0.013157894736842105
99 18 34 118	0.012345679012345678 0.013157894736842105
99 18 34 124	1.0 0.013157894736842105
99 18 83 95	0.0008605891941557258 0.013157894736842105
99 18 95	0.0005252100840336134 0.013157894736842105
99 18 95 93	0.03389830508474576 0.013157894736842105
99 18 95 118	0.01818181818181818 0.013157894736842105
99 18 95 124	0.0625 0.013157894736842105
99 18 117 93	0.043478260869565216 0.013157894736842105
99 18 117 118	0.05 0.013157894736842105
99 18 117 124	1.0 0.013157894736842105
99 34 30 95	0.010869565217391304 0.013157894736842105
99 34 93	0.057971014492753624 0.013157894736842105
99 34 124	1.0 0.02631578947368421
99 83 18 95	0.0008729277218949571 0.013157894736842105
99 83 27 95	0.0006431695394906097 0.013157894736842105
99 83 83 95	0.0008694091142296199 0.013157894736842105
99 85 12 118	0.04580152671755725 0.013157894736842105
99 85 12 124	1.0 0.013157894736842105
99 85 20 95	0.01306872037914692 0.013157894736842105
99 85 39 93	0.058113814598833705 0.013157894736842105
99 85 39 95	0.008547008547008548 0.013157894736842105
99 85 39 118	0.07555555555555556 0.013157894736842105
99 85 39 124	1.0 0.013157894736842105
99 85 40 93	0.05774097078444904 0.013157894736842105
99 85 40 118	0.07542067307692307 0.013157894736842105
99 85 40 124	1.0 0.013157894736842105
99 86 21 95	0.010589481115425344 0.013157894736842105
99 86 30 95	0.014084507042253521 0.013157894736842105
99 95	0.010752688172043012 0.013157894736842105
99 95 21 95	0.014084507042253521 0.013157894736842105
99 95 28 93	0.060897435897435896 0.013157894736842105
99 95 28 118	0.07627118644067797 0.013157894736842105
99 95 28 124	0.7916666666666666 0.013157894736842105
99 95 30 95	0.01279795232762758 0.02631578947368421
99 95 52 95	0.012684989429175475 0.02631578947368421
99 95 52 124	1.0 0.013157894736842105
99 95 93	0.07017543859649122 0.013157894736842105
99 95 118	0.06382978723404255 0.013157894736842105
99 117 30 95	0.011090573012939002 0.02631578947368421
99 117 52 95	0.0125 0.02631578947368421
99 126 21 95	0.014084507042253521 0.013157894736842105
99 126 61 95	0.014084507042253521 0.013157894736842105
104 8 39 93	0.058823529411764705 0.013157894736842105
104 12 30 95	0.006622516556291391 0.013157894736842105
104 12 118	0.029411764705882353 0.013157894736842105
104 12 124	1.0 0.013157894736842105
104 16 28 118	0.07692307692307693 0.013157894736842105
104 16 28 124	1.0 0.013157894736842105
104 16 30 95	0.014084507042253521 0.013157894736842105
104 16 52 93	0.058823529411764705 0.013157894736842105
104 16 52 118	0.07692307692307693 0.013157894736842105
104 16 52 124	1.0 0.013157894736842105
104 20 34 93	0.057539682539682536 0.02631578947368421
104 20 34 118	0.07474226804123711 0.02631578947368421
104 20 34 124	1.0 0.02631578947368421
104 20 95	0.013396030400787358 0.02631578947368421
104 20 95 93	0.0943979628955984 0.02631578947368421
104 20 95 118	0.05839727195225917 0.02631578947368421
104 20 95 124	0.2965714285714286 0.02631578947368421
104 20 117 93	0.05850706119704102 0.02631578947368421
104 20 117 118	0.07600465928945836 0.02631578947368421
104 20 117 124	1.0 0.02631578947368421
104 35 80 93	0.058636073932441045 0.039473684210526314
104 35 80 95	0.007784163830143407 0.05263157894736842
104 35 80 118	0.07082587573510611 0.05263157894736842
104 35 80 124	1.0 0.039473684210526314
104 39 30 95	0.010892833462784397 0.039473684210526314
104 39 52 95	0.014084507042253521 0.013157894736842105
104 39 93	0.05890804597701149 0.02631578947368421
104 39 99 95	0.010869152851018627 0.013157894736842105
104 39 118	0.07692307692307693 0.013157894736842105
104 39 124	1.0 0.05263157894736842
104 40 30 95	0.009895547003848268 0.02631578947368421
104 40 52 95	0.01379224652087475 0.013157894736842105
104 40 83 95	0.00055005500550055 0.013157894736842105
104 40 93	0.057602490918526206 0.013157894736842105
104 40 99 95	0.010564385647663462 0.013157894736842105
104 40 118	0.0744466800804829 0.013157894736842105
104 40 124	1.0 0.013157894736842105
104 43 28 93	0.05806451612903226 0.013157894736842105
104 45 28 93	0.054987212276214836 0.013157894736842105
104 45 28 118	0.07060755336617405 0.013157894736842105
104 45 28 124	1.0 0.013157894736842105
104 45 30 95	0.014013452914798207 0.013157894736842105
104 45 52 93	0.05736636245110821 0.013157894736842105
104 45 52 118	0.07495741056218058 0.013157894736842105
104 45 52 124	1.0 0.013157894736842105
104 88 20 95	0.014084507042253521 0.013157894736842105
104 121 28 93	0.058823529411764705 0.013157894736842105
104 121 93	1.0 0.013157894736842105
105 1 66 95	0.013850415512465374 0.013157894736842105
105 8 40 118	0.07692307692307693 0.013157894736842105
105 10 28 118	0.07692307692307693 0.013157894736842105
105 12 93	0.04918032786885246 0.013157894736842105
105 12 124	1.0 0.013157894736842105
105 16 30 95	0.014084507042253521 0.013157894736842105
105 20 34 93	0.05482972799314628 0.02631578947368421
105 20 34 118	0.07025246981339188 0.02631578947368421
105 20 34 124	1.0 0.02631578947368421
105 20 83 95	0.0006821268071885981 0.013157894736842105
105 20 92 95	0.0065030122177805304 0.013157894736842105
105 20 95	0.010817529000184128 0.02631578947368421
105 20 95 93	0.09693671906489319 0.02631578947368421
105 20 95 118	0.05808736717827627 0.02631578947368421
105 20 95 124	0.2824427480916031 0.02631578947368421
105 20 117 93	0.05880940950552088 0.02631578947368421
105 20 117 118	0.07658643326039387 0.02631578947368421
105 20 117 124	1.0 0.02631578947368421
105 35 80 93	0.05851436580238262 0.02631578947368421
105 35 80 95	0.004917405258973528 0.02631578947368421
105 35 80 118	0.07010915197313182 0.02631578947368421
105 35 80 124	1.0 0.02631578947368421
105 39 30 95	0.00867007276668215 0.02631578947368421
105 39 52 95	0.014075656654518034 0.02631578947368421
105 39 93	0.05845511482254697 0.02631578947368421
105 39 99 95	0.010748560460652591 0.02631578947368421
105 39 118	0.0761904761904762 0.02631578947368421
105 39 124	1.0 0.02631578947368421
105 40 30 95	0.010843412145904847 0.013157894736842105
105 40 52 95	0.01408274655222699 0.013157894736842105
105 40 93	0.05875195550147749 0.013157894736842105
105 40 99 95	0.010867118927434652 0.013157894736842105
105 40 118	0.07692307692307693 0.013157894736842105
105 40 124	1.0 0.02631578947368421
105 45 28 118	0.06711409395973154 0.013157894736842105
105 45 28 124	1.0 0.013157894736842105
105 45 30 95	0.014084507042253521 0.013157894736842105
105 45 52 118	0.07604562737642585 0.013157894736842105
105 45 52 124	1.0 0.013157894736842105
105 73 39 118	0.07692307692307693 0.013157894736842105
105 88 12 124	1.0 0.013157894736842105
105 123 39 124	1.0 0.013157894736842105
117 28 93	0.058823529411764705 0.013157894736842105
117 30 95	0.014084507042253521 0.013157894736842105
117 30 95 118	0.058823529411764705 0.013157894736842105
117 30 95 124	0.2857142857142857 0.013157894736842105
117 30 117 93	0.058823529411764705 0.013157894736842105
117 52 30 95	0.010869565217391304 0.013157894736842105
117 52 52 95	0.014084507042253521 0.013157894736842105
117 52 93	0.058823529411764705 0.013157894736842105
117 52 118	0.07692307692307693 0.013157894736842105
117 52 124	1.0 0.013157894736842105
117 81 20 95	0.013669064748201438 0.013157894736842105
117 81 39 124	1.0 0.013157894736842105
117 81 40 124	1.0 0.013157894736842105
117 108 39 124	1.0 0.013157894736842105
117 110 20 95	0.004983912686896725 0.013157894736842105
117 110 39 93	0.05378973105134474 0.013157894736842105
117 110 39 118	0.0694006309148265 0.013157894736842105
117 110 40 93	0.042643923240938165 0.013157894736842105
117 110 40 124	1.0 0.013157894736842105
118	0.06666666666666667 0.013157894736842105
118 21 34 93	0.058823529411764705 0.013157894736842105
118 21 95	0.014084507042253521 0.013157894736842105
118 21 95 124	0.2857142857142857 0.013157894736842105
118 21 117 124	1.0 0.013157894736842105
118 25 90	0.01282051282051282 0.013157894736842105
118 28 30 95	0.01634472511144131 0.039473684210526314
118 28 93	0.06818181818181818 0.02631578947368421
118 28 93 97	0.2 0.013157894736842105
118 28 99 95	0.015217391304347827 0.039473684210526314
118 28 118	0.1044776119402985 0.039473684210526314
118 28 124	0.45454545454545453 0.02631578947368421
118 30 95	0.016901408450704224 0.039473684210526314
118 30 95 93	0.1 0.039473684210526314
118 30 95 124	0.34285714285714286 0.039473684210526314
118 30 117 93	0.058823529411764705 0.02631578947368421
118 30 117 118	0.09230769230769231 0.039473684210526314
118 53 118	0.07514450867052024 0.013157894736842105
118 53 124	1.0 0.039473684210526314
118 59 30 95	0.013513513513513514 0.013157894736842105
122 20 117 93	0.058823529411764705 0.013157894736842105
122 39 124	1.0 0.013157894736842105
122 57 52 95	0.014084507042253521 0.013157894736842105
122 57 93	0.058823529411764705 0.013157894736842105
124	1.0 1.0
124 14 79	0.25 0.02631578947368421
124 17 82	0.034523809523809526 0.27631578947368424
124 17 82 32	0.021164021164021163 0.05263157894736842
124 17 82 97	0.02976190476190476 0.039473684210526314
124 25 90	0.0476878612716763 0.35526315789473684
124 25 90 32	0.029411764705882353 0.07894736842105263
124 25 90 97	0.017786561264822136 0.09210526315789473
124 28 30 95	0.017204301075268817 0.18421052631578946
124 28 52 95	0.02185792349726776 0.10526315789473684
124 28 52 118	0.11764705882352941 0.05263157894736842
124 28 56 93	0.2 0.013157894736842105
124 28 93	0.28846153846153844 0.5
124 28 93 32	0.11764705882352941 0.05263157894736842
124 28 93 97	0.21052631578947367 0.05263157894736842
124 28 93 124	1.0 0.013157894736842105
124 28 99 95	0.02821316614420063 0.21052631578947367
124 28 117 124	0.75 0.07894736842105263
124 28 118	0.09016393442622951 0.14473684210526316
124 28 118 97	0.18181818181818182 0.02631578947368421
124 28 121 93	0.25 0.013157894736842105
124 28 121 124	0.7916666666666666 0.25
124 28 124	0.5238095238095238 0.11842105263157894
124 28 124 32	0.2 0.013157894736842105
124 28 124 97	1.0 0.02631578947368421
124 30 18 95	0.00012469864494139162 0.039473684210526314
124 30 27 95	0.00041996220340169383 0.039473684210526314
124 30 34 93	0.05027932960893855 0.13157894736842105
124 30 34 118	0.04923076923076923 0.13157894736842105
124 30 34 124	0.5 0.039473684210526314
124 30 83 95	0.00012422103062048406 0.039473684210526314
124 30 85 125	0.5454545454545454 0.02631578947368421
124 30 92 95	0.00041637751561415684 0.039473684210526314
124 30 95	0.0164924506387921 0.4605263157894737
124 30 95 32	0.3010752688172043 0.07894736842105263
124 30 95 93	0.11428571428571428 0.14473684210526316
124 30 95 97	0.3333333333333333 0.07894736842105263
124 30 95 118	0.085 0.14473684210526316
124 30 95 124	0.6802721088435374 0.4342105263157895
124 30 117 93	0.058823529411764705 0.06578947368421052
124 30 117 118	0.1346153846153846 0.10526315789473684
124 30 117 124	0.5 0.039473684210526314
124 32	0.391304347826087 0.10526315789473684
124 32 17 82	0.041666666666666664 0.06578947368421052
124 32 25 90	0.0430622009569378 0.10526315789473684
124 32 28 93	0.16 0.05263157894736842
124 32 28 118	0.1 0.02631578947368421
124 32 28 124	0.2857142857142857 0.02631578947368421
124 32 30 95	0.024509803921568627 0.15789473684210525
124 32 32 97	0.2 0.06578947368421052
124 32 53 93	0.10526315789473684 0.02631578947368421
124 32 53 118	0.3684210526315789 0.09210526315789473
124 32 59 93	0.4 0.02631578947368421
124 32 59 124	0.7111111111111111 0.3026315789473684
124 32 60 43	0.5 0.013157894736842105
124 32 97	0.37333333333333335 0.2894736842105263
124 32 97 32	0.19230769230769232 0.10526315789473684
124 32 97 97	0.2413793103448276 0.06578947368421052
124 32 98	1.0 0.013157894736842105
124 32 107 42	0.25 0.013157894736842105
124 32 108 125	1.0 0.02631578947368421
124 33 97	0.5 0.02631578947368421
124 33 98	1.0 0.013157894736842105
124 53 30 95	0.00476457399103139 0.14473684210526316
124 53 52 95	0.024263431542461005 0.10526315789473684
124 53 93	0.0582010582010582 0.10526315789473684
124 53 93 32	0.11538461538461539 0.02631578947368421
124 53 99 95	0.008221993833504625 0.13157894736842105
124 53 117 93	0.1 0.02631578947368421
124 53 118	0.20833333333333334 0.3157894736842105
124 53 118 32	0.21739130434782608 0.02631578947368421
124 53 118 97	0.2413793103448276 0.05263157894736842
124 53 121 124	1.0 0.11842105263157894
124 53 124	0.5 0.039473684210526314
124 59 28 93	0.5 0.013157894736842105
124 59 30 95	0.018871485185884128 0.4342105263157895
124 59 52 93	0.11538461538461539 0.05263157894736842
124 59 52 95	0.018779342723004695 0.05263157894736842
124 59 56 93	0.07818930041152264 0.17105263157894737
124 59 56 118	0.0648854961832061 0.07894736842105263
124 59 93	0.13253012048192772 0.10526315789473684
124 59 93 32	0.20833333333333334 0.05263157894736842
124 59 93 97	0.13333333333333333 0.013157894736842105
124 59 99 95	0.014336917562724014 0.05263157894736842
124 59 118	0.0851063829787234 0.05263157894736842
124 59 124	0.8 1.0
124 59 124 32	0.36363636363636365 0.15789473684210525
124 59 124 97	0.3368421052631579 0.13157894736842105
124 60 20 95	0.1 0.039473684210526314
124 60 43	0.5 0.013157894736842105
124 60 125	1.0 0.02631578947368421
124 97	0.391304347826087 0.11842105263157894
124 97 17 82	0.025 0.07894736842105263
124 97 25 90	0.029914529914529916 0.09210526315789473
124 97 28 93	0.15384615384615385 0.05263157894736842
124 97 28 118	0.17647058823529413 0.039473684210526314
124 97 28 124	0.5555555555555556 0.06578947368421052
124 97 30 95	0.01222707423580786 0.17105263157894737
124 97 32	0.92 0.2236842105263158
124 97 32 97	0.4146341463414634 0.11842105263157894
124 97 53 118	0.3125 0.06578947368421052
124 97 56 95	0.028169014084507043 0.02631578947368421
124 97 59 93	0.3333333333333333 0.013157894736842105
124 97 59 124	0.7441860465116279 0.32894736842105265
124 97 60 125	1.0 0.02631578947368421
124 97 108 43	0.5 0.02631578947368421
124 107 42	0.25 0.05263157894736842
124 107 42 97	0.25 0.013157894736842105
124 108 43	0.875 0.06578947368421052
124 108 125	1.0 0.02631578947368421
126 21 95 124	0.2857142857142857 0.013157894736842105
126 21 117 93	0.058823529411764705 0.013157894736842105
126 61 18 95	0.0011135857461024498 0.013157894736842105
126 61 52 95	0.013888888888888888 0.013157894736842105
126 61 124	1.0 0.013157894736842105
