1 66 20 95	0.0003048222886057429 0.0053475935828877
1 66 39 99	0.0039447731755424065 0.0053475935828877
1 66 44 63	1.0 0.0106951871657754
1 66 63	0.7695852534562212 0.16042780748663102
1 66 123 63	0.8181818181818182 0.0481283422459893
6 71 2 63	0.5 0.0374331550802139
6 71 4 63	1.0 0.0053475935828877
6 71 58 63	0.2 0.0106951871657754
6 71 63	0.8390804597701149 0.21390374331550802
6 71 75 63	0.734375 0.11229946524064172
6 71 110 63	0.8181818181818182 0.0481283422459893
6 71 123 63	0.8148148148148148 0.0748663101604278
8 8 8 63	1.0 0.0213903743315508
8 8 23 63	1.0 0.0213903743315508
8 8 58 63	1.0 0.016042780748663103
8 8 63	1.0 0.0427807486631016
8 8 73 63	1.0 0.0213903743315508
8 20 105 63	1.0 0.0053475935828877
8 23 8 63	1.0 0.0213903743315508
8 23 23 63	1.0 0.0213903743315508
8 23 58 63	1.0 0.016042780748663103
8 23 63	1.0 0.0213903743315508
8 23 73 63	1.0 0.0213903743315508
8 23 88 63	1.0 0.0213903743315508
8 23 123 63	1.0 0.0106951871657754
8 40 85 63	1.0 0.0106951871657754
8 40 105 63	1.0 0.0106951871657754
8 46 111 63	0.46484375 0.0213903743315508
8 58 23 63	1.0 0.0053475935828877
8 58 58 63	1.0 0.0053475935828877
8 58 63	1.0 0.016042780748663103
8 58 73 63	1.0 0.0053475935828877
8 58 88 63	1.0 0.0053475935828877
8 58 123 63	1.0 0.016042780748663103
8 63	1.0 0.0213903743315508
8 63 128 63	1.0 0.0213903743315508
8 67 2 63	1.0 0.0213903743315508
8 67 4 63	1.0 0.0053475935828877
8 73 8 63	1.0 0.0213903743315508
8 73 23 63	1.0 0.0213903743315508
8 73 58 63	1.0 0.016042780748663103
8 73 63	1.0 0.058823529411764705
8 88 8 63	1.0 0.0213903743315508
8 88 23 63	1.0 0.0213903743315508
8 88 58 63	1.0 0.016042780748663103
8 88 63	1.0 0.0213903743315508
8 88 73 63	1.0 0.0213903743315508
8 88 88 63	1.0 0.0213903743315508
8 123 8 63	1.0 0.0106951871657754
8 123 58 63	1.0 0.016042780748663103
8 123 63	1.0 0.0106951871657754
8 123 73 63	1.0 0.0106951871657754
8 123 88 63	1.0 0.0106951871657754
10 6 71 63	0.734375 0.06417112299465241
10 53 77 63	1.0 0.016042780748663103
10 53 104 63	1.0 0.016042780748663103
10 53 105 63	0.5 0.016042780748663103
10 75 63	0.9770114942528736 0.12834224598930483
10 75 110 63	1.0 0.016042780748663103
10 75 123 63	1.0 0.0106951871657754
12 30 85 63	0.46153846153846156 0.0106951871657754
12 52 77 63	1.0 0.0106951871657754
12 52 85 63	0.44 0.0106951871657754
12 52 105 63	1.0 0.0106951871657754
12 77 44 63	0.75 0.016042780748663103
12 77 63	0.8888888888888888 0.11229946524064172
12 99 85 63	0.44 0.0106951871657754
12 104 63	0.5 0.0374331550802139
12 104 109 63	0.6666666666666666 0.0106951871657754
12 105 44 63	1.0 0.0106951871657754
12 105 58 63	1.0 0.0053475935828877
12 105 63	0.7142857142857143 0.06951871657754011
12 117 77 63	1.0 0.0106951871657754
12 117 105 63	1.0 0.0106951871657754
12 118 75 63	1.0 0.0053475935828877
12 126 2 63	0.7857142857142857 0.0213903743315508
12 126 4 63	1.0 0.0053475935828877
15 80 63	1.0 0.0053475935828877
16 52 105 63	0.8 0.0213903743315508
16 81 44 63	0.25 0.0053475935828877
16 81 63	1.0 0.1711229946524064
16 81 73 63	0.5 0.0053475935828877
16 81 88 63	1.0 0.0053475935828877
16 108 44 63	0.5 0.0053475935828877
16 122 44 63	1.0 0.0053475935828877
20	0.047619047619047616 0.0106951871657754
20 15 100 63	0.7475083056478405 0.053475935828877004
20 27 85 63	1.0 0.0374331550802139
20 34 30 95	0.0013395847287340924 0.0748663101604278
20 34 52	0.16091954022988506 0.0748663101604278
20 34 52 95	0.06422018348623854 0.0748663101604278
20 34 77 63	0.44 0.053475935828877004
20 34 99	0.07865168539325842 0.0748663101604278
20 34 99 95	0.0013271400132714001 0.0748663101604278
20 34 104 63	0.4434782608695652 0.12299465240641712
20 34 105 63	0.5188284518828452 0.1657754010695187
20 45 108 63	0.8 0.0374331550802139
20 85 8 63	1.0 0.016042780748663103
20 85 12 52	0.11045364891518737 0.0748663101604278
20 85 12 99	0.07133757961783439 0.0748663101604278
20 85 20	0.0006003430531732419 0.0106951871657754
20 85 20 95	0.0002664305338481105 0.0748663101604278
20 85 23 63	0.6210526315789474 0.09090909090909091
20 85 39	0.0002615746795710175 0.0053475935828877
20 85 39 52	0.1013157894736842 0.0748663101604278
20 85 39 99	0.06274616324867581 0.0748663101604278
20 85 40 52	0.08044532231998563 0.0748663101604278
20 85 40 99	0.05931417979610751 0.0748663101604278
20 85 51 116	0.0052548717039755605 0.0748663101604278
20 85 57 52	0.17684210526315788 0.0748663101604278
20 85 57 99	0.09545454545454546 0.0748663101604278
20 85 58 63	0.46153846153846156 0.06417112299465241
20 85 63	0.5684931506849316 0.21390374331550802
20 85 73 63	1.0 0.016042780748663103
20 85 88 63	0.6210526315789474 0.09090909090909091
20 85 109 63	0.3333333333333333 0.0053475935828877
20 85 123 63	0.6 0.06417112299465241
20 92 85 63	1.0 0.0374331550802139
20 95	0.001903984768121855 0.0748663101604278
20 95 30 95	4.890570002920369e-06 0.0748663101604278
20 95 34 99	0.08860759493670886 0.0748663101604278
20 95 51 116	0.013145539906103286 0.0748663101604278
20 95 52	0.0016654770402093743 0.0748663101604278
20 95 52 95	0.048109965635738834 0.0748663101604278
20 95 77 63	0.46153846153846156 0.053475935828877004
20 95 99	0.07142857142857142 0.0748663101604278
20 95 99 95	0.0013185157280090412 0.0748663101604278
20 95 104 63	0.4576271186440678 0.15508021390374332
20 95 105 63	0.4597315436241611 0.1657754010695187
20 95 117 52	0.013448607108549471 0.0748663101604278
20 95 117 99	0.09271523178807947 0.0748663101604278
20 95 128 63	0.6086956521739131 0.0748663101604278
20 104 20	0.023809523809523808 0.0053475935828877
20 104 39	0.017857142857142856 0.0053475935828877
20 105 8 63	1.0 0.016042780748663103
20 105 23 63	1.0 0.016042780748663103
20 105 58 63	1.0 0.016042780748663103
20 105 63	1.0 0.016042780748663103
20 105 73 63	1.0 0.016042780748663103
20 105 88 63	1.0 0.016042780748663103
20 105 123 63	1.0 0.016042780748663103
20 117 52	0.1794871794871795 0.0748663101604278
20 117 52 95	0.0625 0.0748663101604278
20 117 77 63	0.44 0.053475935828877004
20 117 99	0.09210526315789473 0.0748663101604278
20 117 99 95	0.004406672961913755 0.0748663101604278
20 117 104 63	0.4434782608695652 0.12299465240641712
20 117 105 63	0.5043103448275862 0.12834224598930483
20 121 56 95	0.2028985507246377 0.0748663101604278
20 126 61 95	0.0006325872819833117 0.0748663101604278
20 128 20	1.0 0.0106951871657754
20 128 63	1.0 0.0106951871657754
22 87 63	1.0 0.016042780748663103
23 8 8 63	1.0 0.0213903743315508
23 8 23 63	1.0 0.0213903743315508
23 8 58 63	1.0 0.016042780748663103
23 8 63	1.0 0.0213903743315508
23 8 73 63	1.0 0.0213903743315508
23 16 81 63	1.0 0.0053475935828877
23 20 85 63	0.6210526315789474 0.0213903743315508
23 20 95	0.3333333333333333 0.016042780748663103
23 20 95 52	0.3333333333333333 0.016042780748663103
23 20 117 52	0.3333333333333333 0.016042780748663103
23 23 8 63	1.0 0.0213903743315508
23 23 23 63	1.0 0.0481283422459893
23 23 44 63	1.0 0.0053475935828877
23 23 58 63	1.0 0.016042780748663103
23 23 63	1.0 0.06417112299465241
23 23 73 63	1.0 0.0213903743315508
23 23 88 63	1.0 0.0481283422459893
23 23 123 63	1.0 0.0106951871657754
23 36 101 63	1.0 0.0106951871657754
23 39 52	0.3333333333333333 0.0053475935828877
23 39 99	0.16666666666666666 0.0053475935828877
23 39 104 63	0.6153846153846154 0.0106951871657754
23 39 105 63	0.5 0.0053475935828877
23 40 52	0.3333333333333333 0.0106951871657754
23 40 85 63	1.0 0.0106951871657754
23 40 99	0.16666666666666666 0.0106951871657754
23 40 104 63	0.6 0.0106951871657754
23 40 105 63	0.5833333333333334 0.0213903743315508
23 46 111 63	0.44144144144144143 0.0213903743315508
23 51 116	0.02631578947368421 0.0053475935828877
23 51 116 63	0.3333333333333333 0.0053475935828877
23 58 8 63	1.0 0.0053475935828877
23 58 23 63	1.0 0.0053475935828877
23 58 58 63	1.0 0.0053475935828877
23 58 63	1.0 0.016042780748663103
23 58 73 63	1.0 0.0053475935828877
23 58 88 63	1.0 0.0053475935828877
23 58 123 63	1.0 0.016042780748663103
23 63	1.0 0.0481283422459893
23 63 51 116	0.02631578947368421 0.016042780748663103
23 63 117 52	0.3333333333333333 0.016042780748663103
23 63 117 99	0.16666666666666666 0.016042780748663103
23 63 128 63	1.0 0.0481283422459893
23 67 2 63	1.0 0.0053475935828877
23 73 8 63	1.0 0.0213903743315508
23 73 23 63	1.0 0.0213903743315508
23 73 58 63	1.0 0.016042780748663103
23 73 63	1.0 0.0213903743315508
23 73 73 63	1.0 0.0213903743315508
23 73 88 63	1.0 0.0213903743315508
23 73 123 63	1.0 0.0106951871657754
23 88 8 63	1.0 0.0213903743315508
23 88 23 63	1.0 0.0481283422459893
23 88 58 63	1.0 0.016042780748663103
23 88 63	1.0 0.06417112299465241
23 88 73 63	1.0 0.0213903743315508
23 88 88 63	1.0 0.0481283422459893
23 88 123 63	1.0 0.0106951871657754
23 123 8 63	1.0 0.0106951871657754
23 123 58 63	1.0 0.0106951871657754
23 123 63	1.0 0.0106951871657754
24 89 20 95	3.1579861522307226e-05 0.0106951871657754
24 89 23 63	0.5 0.0106951871657754
24 89 40 52	0.004145077720207254 0.0106951871657754
24 89 50 63	1.0 0.0053475935828877
24 89 63	0.9145299145299145 0.12834224598930483
24 89 109 63	1.0 0.0427807486631016
24 89 115 63	1.0 0.0053475935828877
35 80 85 22	0.00683371298405467 0.0053475935828877
35 80 85 63	0.7475083056478405 0.19786096256684493
35 80 104 63	0.7435897435897436 0.15508021390374332
35 80 105 63	0.7551020408163265 0.19786096256684493
35 100 8 22	0.013157894736842105 0.0053475935828877
35 100 12 99	0.00023980815347721823 0.0053475935828877
35 100 20	1.71744581458455e-05 0.0053475935828877
35 100 20 95	6.081015105589008e-07 0.0053475935828877
35 100 22	0.002232973576479345 0.0053475935828877
35 100 23 22	0.0037593984962406013 0.0053475935828877
35 100 23 63	0.09090909090909091 0.0053475935828877
35 100 39 99	0.00017517517517517516 0.0053475935828877
35 100 40 99	5.301805264692628e-05 0.0053475935828877
35 100 44 22	0.0013003901170351106 0.0053475935828877
35 100 44 63	0.7391304347826086 0.15508021390374332
35 100 50 63	0.7435897435897436 0.1497326203208556
35 100 51 116	5.120241183840723e-07 0.0053475935828877
35 100 58 22	0.008771929824561403 0.0053475935828877
35 100 63	0.6076433121019108 0.28342245989304815
35 100 73 22	0.013157894736842105 0.0053475935828877
35 100 88 22	0.0037593984962406013 0.0053475935828877
35 100 109 22	0.0029154518950437317 0.0053475935828877
35 100 115 63	0.7435897435897436 0.1497326203208556
35 100 123 22	0.006578947368421052 0.0053475935828877
36 101 12 52	0.003968253968253968 0.0053475935828877
36 101 20	0.0003074085459575776 0.0053475935828877
36 101 20 95	6.374933760453896e-05 0.016042780748663103
36 101 23 63	1.0 0.016042780748663103
36 101 39 99	0.000832870627429206 0.0053475935828877
36 101 40 99	0.0024154589371980675 0.016042780748663103
36 101 44 63	0.6666666666666666 0.0106951871657754
36 101 57 99	0.007042253521126761 0.0053475935828877
36 101 58 63	0.5 0.0053475935828877
36 101 63	0.7903225806451613 0.2192513368983957
36 101 88 63	1.0 0.016042780748663103
36 101 109 63	0.6 0.016042780748663103
36 127 63	1.0 0.0213903743315508
37 102 44 63	0.3333333333333333 0.0106951871657754
37 102 63	0.8620689655172413 0.058823529411764705
39 15 100 63	0.7435897435897436 0.0106951871657754
39 30 34 52	0.18571428571428572 0.0374331550802139
39 30 85 63	0.4576271186440678 0.0481283422459893
39 30 95	0.0020242914979757085 0.03208556149732621
39 30 95 99	0.0625 0.0374331550802139
39 30 117 99	0.08955223880597014 0.03208556149732621
39 30 122 63	0.5833333333333334 0.0374331550802139
39 52	0.16666666666666666 0.03208556149732621
39 52 34 52	0.2 0.03208556149732621
39 52 34 99	0.08571428571428572 0.03208556149732621
39 52 85 63	0.4434782608695652 0.0427807486631016
39 52 95	0.13953488372093023 0.03208556149732621
39 52 95 52	0.16666666666666666 0.03208556149732621
39 52 95 99	0.1 0.03208556149732621
39 52 117 99	0.1 0.03208556149732621
39 52 128 63	0.6 0.03208556149732621
39 77 12 52	0.17729393468118196 0.03208556149732621
39 77 12 99	0.09685641461342395 0.03208556149732621
39 77 20 95	0.0007201368259969394 0.03208556149732621
39 77 39 52	0.18461538461538463 0.03208556149732621
39 77 39 99	0.09523809523809523 0.03208556149732621
39 77 40 52	0.1702127659574468 0.03208556149732621
39 77 40 99	0.09375 0.03208556149732621
39 77 44 63	0.75 0.016042780748663103
39 77 58 63	0.2 0.0106951871657754
39 77 63	0.5 0.0427807486631016
39 77 123 63	1.0 0.0106951871657754
39 93 28 52	0.18045112781954886 0.03208556149732621
39 93 28 99	0.1 0.03208556149732621
39 93 52 99	0.1 0.03208556149732621
39 93 53 52	0.1875 0.03208556149732621
39 99	0.09523809523809523 0.03208556149732621
39 99 30 95	0.2 0.03208556149732621
39 99 34 52	0.2 0.03208556149732621
39 99 34 99	0.09703504043126684 0.03208556149732621
39 99 85 63	0.4434782608695652 0.0427807486631016
39 99 95	0.0044943820224719105 0.03208556149732621
39 99 95 52	0.03428571428571429 0.03208556149732621
39 99 95 99	0.057692307692307696 0.03208556149732621
39 99 117 52	0.1791044776119403 0.03208556149732621
39 99 117 99	0.09917355371900827 0.03208556149732621
39 99 122 63	0.6 0.03208556149732621
39 99 128 63	0.6 0.03208556149732621
39 104 12 52	0.16822429906542055 0.03208556149732621
39 104 12 99	0.0967741935483871 0.03208556149732621
39 104 20 95	0.00064417502331529 0.0374331550802139
39 104 23 63	0.6153846153846154 0.0427807486631016
39 104 39 52	0.19020524283682178 0.03208556149732621
39 104 39 99	0.09967520366327672 0.03208556149732621
39 104 40 52	0.17604562737642585 0.0374331550802139
39 104 40 99	0.08997279440342013 0.0374331550802139
39 104 44 63	1.0 0.0053475935828877
39 104 51 116	0.000517871977731505 0.03208556149732621
39 104 57 52	0.19672131147540983 0.03208556149732621
39 104 57 99	0.09876543209876543 0.03208556149732621
39 104 63	0.574468085106383 0.2192513368983957
39 104 88 63	0.6153846153846154 0.0427807486631016
39 104 109 63	1.0 0.0106951871657754
39 104 123 63	1.0 0.0053475935828877
39 105 12 52	0.17391304347826086 0.03208556149732621
39 105 12 99	0.09302325581395349 0.03208556149732621
39 105 20 95	0.0006474871092735666 0.03208556149732621
39 105 39 52	0.18872549019607843 0.03208556149732621
39 105 39 99	0.09759188846641319 0.03208556149732621
39 105 40 52	0.18308300395256916 0.03208556149732621
39 105 40 99	0.0994674454561072 0.03208556149732621
39 105 44 63	0.5 0.0053475935828877
39 105 58 63	0.2 0.0106951871657754
39 105 63	0.44642857142857145 0.08021390374331551
39 105 123 63	0.3333333333333333 0.0213903743315508
39 117 52 52	0.17142857142857143 0.03208556149732621
39 117 52 99	0.1 0.03208556149732621
39 117 53 52	0.2 0.03208556149732621
39 117 53 99	0.1 0.03208556149732621
39 118 52 52	0.2 0.03208556149732621
39 118 53 52	0.16901408450704225 0.03208556149732621
39 118 53 99	0.1 0.03208556149732621
39 118 75 63	1.0 0.0053475935828877
39 118 110 63	1.0 0.0106951871657754
39 121 56 52	0.1875 0.03208556149732621
39 121 56 99	0.1 0.03208556149732621
39 122 20 95	0.09473684210526316 0.03208556149732621
39 122 39 52	0.2 0.03208556149732621
39 122 39 99	0.09876543209876543 0.03208556149732621
39 122 40 52	0.18181818181818182 0.03208556149732621
39 122 40 99	0.09448818897637795 0.03208556149732621
39 122 51 116	0.011936339522546418 0.03208556149732621
39 122 57 52	0.1951219512195122 0.03208556149732621
39 122 57 99	0.09937888198757763 0.03208556149732621
39 126 2 63	0.47619047619047616 0.0213903743315508
39 126 4 63	1.0 0.0053475935828877
39 126 61 52	0.18414322250639387 0.03208556149732621
39 126 61 99	0.09690444145356662 0.03208556149732621
40 15 100 63	0.7551020408163265 0.0213903743315508
40 30 34 52	0.11224489795918367 0.03208556149732621
40 30 34 99	0.04932735426008968 0.03208556149732621
40 30 85 63	0.4597315436241611 0.08021390374331551
40 30 95	0.0008487523340689187 0.026737967914438502
40 30 95 52	0.003261078074045655 0.03208556149732621
40 30 95 99	0.037825059101654845 0.03208556149732621
40 30 117 52	0.03225806451612903 0.026737967914438502
40 30 122 63	0.5454545454545454 0.03208556149732621
40 52	0.08196721311475409 0.026737967914438502
40 52 34 52	0.11904761904761904 0.026737967914438502
40 52 34 99	0.05555555555555555 0.026737967914438502
40 52 77 63	1.0 0.0106951871657754
40 52 85 63	0.5043103448275862 0.058823529411764705
40 52 95	0.034482758620689655 0.026737967914438502
40 52 105 63	1.0 0.0053475935828877
40 52 117 52	0.01564129301355579 0.026737967914438502
40 52 128 63	0.5 0.026737967914438502
40 77 12 52	0.11949685534591195 0.026737967914438502
40 77 12 99	0.07723577235772358 0.026737967914438502
40 77 20 95	0.0006145903755147194 0.026737967914438502
40 77 39 52	0.14634146341463414 0.026737967914438502
40 77 40 52	0.125 0.026737967914438502
40 77 40 99	0.07532956685499058 0.026737967914438502
40 77 44 63	1.0 0.0053475935828877
40 77 58 63	0.5 0.026737967914438502
40 77 63	0.7142857142857143 0.10160427807486631
40 85 23 63	1.0 0.0106951871657754
40 85 63	1.0 0.0106951871657754
40 85 88 63	1.0 0.0106951871657754
40 85 123 63	1.0 0.0106951871657754
40 93 28 52	0.12269938650306748 0.026737967914438502
40 93 28 99	0.07604562737642585 0.026737967914438502
40 93 53 52	0.13157894736842105 0.026737967914438502
40 93 53 99	0.07462686567164178 0.026737967914438502
40 99	0.06944444444444445 0.026737967914438502
40 99 34 52	0.1382488479262673 0.026737967914438502
40 99 34 99	0.07125890736342043 0.026737967914438502
40 99 85 63	0.5188284518828452 0.06951871657754011
40 99 95	0.0019127773527161439 0.026737967914438502
40 99 95 52	0.0056179775280898875 0.026737967914438502
40 99 122 63	0.5 0.026737967914438502
40 99 128 63	0.5 0.026737967914438502
40 104 12 52	0.1388888888888889 0.026737967914438502
40 104 12 99	0.08130081300813008 0.026737967914438502
40 104 20 95	0.0005996598293331783 0.026737967914438502
40 104 22	0.013333333333333334 0.0053475935828877
40 104 39 52	0.14479302023389642 0.026737967914438502
40 104 39 99	0.07899134133373842 0.026737967914438502
40 104 40 52	0.1337269885376867 0.026737967914438502
40 104 40 99	0.07165456914200632 0.026737967914438502
40 104 44 63	1.0 0.0053475935828877
40 104 51 116	0.00040643384781084566 0.026737967914438502
40 104 57 52	0.13333333333333333 0.026737967914438502
40 104 57 99	0.08 0.026737967914438502
40 104 63	0.44642857142857145 0.10695187165775401
40 104 109 22	0.14285714285714285 0.0053475935828877
40 105 8 63	1.0 0.0106951871657754
40 105 12 52	0.11730205278592376 0.026737967914438502
40 105 12 99	0.07042253521126761 0.026737967914438502
40 105 20	0.00041511000415110004 0.0053475935828877
40 105 20 95	0.0006697674418604651 0.0374331550802139
40 105 23 63	0.5833333333333334 0.0374331550802139
40 105 39 52	0.1399638336347197 0.0374331550802139
40 105 39 99	0.07640671273445213 0.0374331550802139
40 105 40 52	0.1189009364218827 0.026737967914438502
40 105 40 99	0.0755204257317264 0.026737967914438502
40 105 44 63	1.0 0.0053475935828877
40 105 51 116	0.0005044245236791283 0.026737967914438502
40 105 57 52	0.14492753623188406 0.026737967914438502
40 105 57 99	0.08333333333333333 0.026737967914438502
40 105 58 63	0.75 0.0481283422459893
40 105 63	0.6881720430107527 0.40641711229946526
40 105 73 63	1.0 0.0106951871657754
40 105 88 63	0.5833333333333334 0.0374331550802139
40 105 123 63	0.6666666666666666 0.053475935828877004
40 117 28 99	0.07462686567164178 0.026737967914438502
40 117 52 99	0.03260869565217391 0.026737967914438502
40 117 53 52	0.16666666666666666 0.026737967914438502
40 117 77 63	1.0 0.0053475935828877
40 117 81 63	0.8 0.0053475935828877
40 117 105 63	1.0 0.0053475935828877
40 118 75 63	0.5 0.0053475935828877
40 118 110 63	0.75 0.016042780748663103
40 121 56 99	0.07936507936507936 0.026737967914438502
40 122 20 95	0.06465517241379311 0.026737967914438502
40 122 39 52	0.12658227848101267 0.026737967914438502
40 122 39 99	0.08 0.026737967914438502
40 122 51 116	0.009413241292751805 0.026737967914438502
40 122 57 52	0.1423487544483986 0.026737967914438502
40 122 57 99	0.08163265306122448 0.026737967914438502
40 126 2 63	0.5333333333333333 0.053475935828877004
40 126 4 63	1.0 0.0053475935828877
40 126 61 52	0.12987012987012986 0.026737967914438502
40 126 61 99	0.07380073800738007 0.026737967914438502
41 106 44 63	1.0 0.0053475935828877
41 106 63	0.7692307692307693 0.0748663101604278
41 106 123 63	0.8 0.0213903743315508
43 108 63	1.0 0.016042780748663103
43 110 85 63	0.8 0.0053475935828877
44 20 85 63	0.3333333333333333 0.0053475935828877
44 24 89 63	1.0 0.0106951871657754
44 36 101 63	0.6 0.016042780748663103
44 39 77 63	0.6666666666666666 0.0053475935828877
44 44 109 63	0.5 0.0053475935828877
44 46 111 63	0.6157303370786517 0.026737967914438502
44 51 116 63	0.6153846153846154 0.016042780748663103
44 63	0.5 0.0053475935828877
44 63 128 63	0.8 0.0053475935828877
44 109 20	0.04 0.0053475935828877
44 109 44 63	0.14285714285714285 0.0053475935828877
44 109 63	1.0 0.03208556149732621
45 6 71 63	0.8181818181818182 0.0106951871657754
45 10 75 63	1.0 0.0106951871657754
45 53 104 63	1.0 0.0106951871657754
45 53 105 63	0.75 0.0106951871657754
45 110 44 63	0.8823529411764706 0.0213903743315508
45 110 63	1.0 0.0427807486631016
46 71 39 52	0.13333333333333333 0.0427807486631016
46 71 39 99	0.06666666666666667 0.0427807486631016
46 111 8 22	0.03361344537815126 0.0053475935828877
46 111 8 63	0.5092989985693849 0.39572192513368987
46 111 12 52	0.0036218651083515948 0.06417112299465241
46 111 12 99	0.003028298045602606 0.06417112299465241
46 111 20	2.014000178382873e-05 0.0106951871657754
46 111 20 95	2.46445932952288e-05 0.06417112299465241
46 111 22	0.002994803135735048 0.0053475935828877
46 111 23 63	0.48214285714285715 0.37433155080213903
46 111 39 52	0.006884913938575768 0.06417112299465241
46 111 39 99	0.005136421900750778 0.06417112299465241
46 111 40 52	0.001961312156289659 0.06417112299465241
46 111 40 99	0.001815228505235365 0.06417112299465241
46 111 44 22	0.011051212938005392 0.0053475935828877
46 111 44 63	0.5242290748898678 0.5401069518716578
46 111 50 22	0.001996007984031936 0.0053475935828877
46 111 50 63	0.67 0.5133689839572193
46 111 51 116	1.3696914584836034e-05 0.06417112299465241
46 111 57 52	0.01817195551939246 0.06417112299465241
46 111 57 99	0.01853901494189264 0.06417112299465241
46 111 58 22	0.007936507936507936 0.0053475935828877
46 111 58 63	0.41853932584269665 0.6203208556149733
46 111 63	0.5893274652730024 0.8449197860962567
46 111 73 22	0.03361344537815126 0.0053475935828877
46 111 73 63	0.4759535655058043 0.37967914438502676
46 111 88 63	0.48214285714285715 0.37433155080213903
46 111 109 22	0.0021390374331550803 0.0053475935828877
46 111 109 63	0.5719489981785064 0.39037433155080214
46 111 115 22	0.002506265664160401 0.0053475935828877
46 111 115 63	0.6411149825783972 0.49732620320855614
46 111 123 22	0.004672897196261682 0.0053475935828877
46 111 123 63	0.7129337539432177 0.44919786096256686
49 114 2 63	1.0 0.0053475935828877
49 114 63	1.0 0.016042780748663103
50 24 89 63	1.0 0.0053475935828877
50 35 100 63	0.7368421052631579 0.0053475935828877
50 46 111 63	0.6157303370786517 0.0106951871657754
50 50 63	1.0 0.0213903743315508
50 115 63	1.0 0.0213903743315508
51 87 44 63	0.375 0.0106951871657754
51 116	0.00024509803921568627 0.0053475935828877
51 116 20 95	0.00027630457974840933 0.0053475935828877
51 116 39 52	0.007619047619047619 0.0053475935828877
51 116 39 99	0.004417448923246825 0.0053475935828877
51 116 40 52	0.009985734664764621 0.0053475935828877
51 116 40 99	0.00564516129032258 0.0053475935828877
51 116 44 63	0.5 0.0213903743315508
51 116 51 116	2.6693078765655843e-05 0.0053475935828877
51 116 57 52	0.08 0.0053475935828877
51 116 63	0.696969696969697 0.10695187165775401
51 116 109 63	0.6153846153846154 0.0427807486631016
51 116 117 52	0.03636363636363636 0.0053475935828877
51 116 123 63	0.6666666666666666 0.0106951871657754
51 116 128 63	0.3333333333333333 0.0053475935828877
57 34 52	0.3333333333333333 0.0053475935828877
57 34 52 95	0.25 0.0053475935828877
57 34 99	0.16666666666666666 0.0053475935828877
57 85 12 99	0.14925373134328357 0.0053475935828877
57 85 39 52	0.3219178082191781 0.0053475935828877
57 85 39 99	0.15842696629213482 0.0053475935828877
57 85 40 52	0.31563421828908556 0.0053475935828877
57 85 40 99	0.14420485175202155 0.0053475935828877
57 86 61 52	0.20754716981132076 0.0053475935828877
57 86 61 95	0.00043506634761801175 0.0053475935828877
57 86 61 99	0.10526315789473684 0.0053475935828877
57 95 28 52	0.3333333333333333 0.0053475935828877
57 95 30 95	1.7920183502679067e-05 0.0053475935828877
57 95 52	0.05714285714285714 0.0053475935828877
57 95 52 95	0.2222222222222222 0.0053475935828877
57 95 99	0.08333333333333333 0.0053475935828877
57 95 104 63	0.5833333333333334 0.0053475935828877
57 122 20 95	0.0041841004184100415 0.0053475935828877
57 122 63	1.0 0.0374331550802139
57 122 123 63	1.0 0.0053475935828877
58 1 66 63	0.8181818181818182 0.0053475935828877
58 6 71 63	0.8148148148148148 0.0106951871657754
58 8 23 63	1.0 0.0053475935828877
58 8 58 63	1.0 0.0053475935828877
58 8 63	1.0 0.0053475935828877
58 8 73 63	1.0 0.0053475935828877
58 8 88 63	1.0 0.0053475935828877
58 8 123 63	1.0 0.0053475935828877
58 12 104 63	1.0 0.0053475935828877
58 16 81 63	1.0 0.0053475935828877
58 20 85 63	0.6 0.0213903743315508
58 20 105 63	1.0 0.016042780748663103
58 23 8 63	1.0 0.0053475935828877
58 23 23 63	1.0 0.0053475935828877
58 23 58 63	1.0 0.0053475935828877
58 23 63	1.0 0.0053475935828877
58 23 73 63	1.0 0.0053475935828877
58 23 88 63	1.0 0.0053475935828877
58 23 123 63	1.0 0.0053475935828877
58 39 104 63	1.0 0.0053475935828877
58 40 77 63	1.0 0.0053475935828877
58 40 104 63	0.3333333333333333 0.0106951871657754
58 40 105 63	0.6666666666666666 0.0213903743315508
58 41 106 63	0.8 0.0053475935828877
58 46 111 63	0.7129337539432177 0.026737967914438502
58 57 122 63	1.0 0.0053475935828877
58 58 63	1.0 0.0053475935828877
58 58 123 63	1.0 0.0106951871657754
58 63	1.0 0.0374331550802139
58 63 128 63	1.0 0.0374331550802139
58 67 2 63	1.0 0.0053475935828877
58 67 4 63	1.0 0.0053475935828877
58 73 8 63	1.0 0.0053475935828877
58 73 58 63	1.0 0.0053475935828877
58 73 63	1.0 0.0053475935828877
58 73 73 63	1.0 0.0053475935828877
58 73 88 63	1.0 0.0053475935828877
58 73 123 63	1.0 0.0053475935828877
58 88 23 63	1.0 0.0053475935828877
58 88 63	1.0 0.0053475935828877
58 88 73 63	1.0 0.0053475935828877
58 123 8 63	1.0 0.016042780748663103
58 123 23 63	1.0 0.016042780748663103
58 123 58 63	1.0 0.0374331550802139
58 123 63	1.0 0.06417112299465241
58 123 73 63	1.0 0.016042780748663103
58 123 88 63	1.0 0.016042780748663103
58 123 123 63	1.0 0.016042780748663103
62 101 63	1.0 0.0213903743315508
62 127 63	1.0 0.03208556149732621
63	1.0 1.0
63 30 34 99	0.16666666666666666 0.0748663101604278
63 30 85 63	0.6086956521739131 0.0748663101604278
63 30 95	0.3333333333333333 0.0748663101604278
63 30 95 99	0.16666666666666666 0.0748663101604278
63 30 117 99	0.16666666666666666 0.0748663101604278
63 34 52	0.3333333333333333 0.0748663101604278
63 34 99	0.16666666666666666 0.0748663101604278
63 34 104 63	0.6 0.0748663101604278
63 34 105 63	0.5 0.0748663101604278
63 51 116	0.02631578947368421 0.0748663101604278
63 51 116 63	0.3333333333333333 0.0748663101604278
63 71 6	0.25 0.0053475935828877
63 85 20	0.875 0.0106951871657754
63 85 39	1.0 0.0053475935828877
63 85 63	1.0 0.0106951871657754
63 87 22	0.9215686274509803 0.0053475935828877
63 87 44 22	0.5714285714285714 0.0053475935828877
63 87 50 22	0.5 0.0053475935828877
63 87 109 22	0.3333333333333333 0.0053475935828877
63 87 115 22	0.5 0.0053475935828877
63 104 20	1.0 0.0053475935828877
63 104 39	1.0 0.0053475935828877
63 117 52	0.3333333333333333 0.0748663101604278
63 117 52 95	0.25 0.0748663101604278
63 117 99	0.16666666666666666 0.0748663101604278
63 117 99 95	0.007518796992481203 0.0748663101604278
63 117 104 63	0.6 0.0748663101604278
63 117 105 63	0.5 0.0748663101604278
63 128 8 63	1.0 0.13368983957219252
63 128 20	0.0014144271570014145 0.0106951871657754
63 128 20 95	0.0002703187278469665 0.0748663101604278
63 128 23 63	1.0 0.20855614973262032
63 128 39 52	0.0865979381443299 0.0748663101604278
63 128 39 99	0.06930693069306931 0.0748663101604278
63 128 40 52	0.027711797307996833 0.0748663101604278
63 128 40 99	0.0438871473354232 0.0748663101604278
63 128 44 63	0.970873786407767 0.5347593582887701
63 128 51 116	4.5111522127201604e-05 0.0748663101604278
63 128 58 63	1.0 0.18181818181818182
63 128 63	1.0 1.0
63 128 73 63	1.0 0.13368983957219252
63 128 88 63	1.0 0.20855614973262032
63 128 109 63	0.8 0.5347593582887701
63 128 123 63	1.0 0.18181818181818182
67 2 8 63	1.0 0.0213903743315508
67 2 23 63	1.0 0.0053475935828877
67 2 44 63	1.0 0.0053475935828877
67 2 63	0.95 0.20855614973262032
67 2 73 63	1.0 0.03208556149732621
67 2 123 63	1.0 0.0053475935828877
67 4 63	0.8333333333333334 0.016042780748663103
67 6 71 63	0.5 0.0053475935828877
67 49 114 63	1.0 0.0106951871657754
67 61 77 63	0.7857142857142857 0.0427807486631016
67 61 104 63	0.47619047619047616 0.03208556149732621
67 61 105 63	0.5333333333333333 0.06417112299465241
69 2 63	0.8333333333333334 0.016042780748663103
69 2 73 63	1.0 0.0053475935828877
69 2 123 63	1.0 0.0053475935828877
69 4 63	1.0 0.026737967914438502
69 6 71 63	1.0 0.0053475935828877
69 61 77 63	1.0 0.0053475935828877
69 61 104 63	1.0 0.0053475935828877
69 61 105 63	1.0 0.0053475935828877
73 8 8 63	1.0 0.0213903743315508
73 8 23 63	1.0 0.0213903743315508
73 8 58 63	1.0 0.016042780748663103
73 8 63	1.0 0.0481283422459893
73 8 73 63	1.0 0.0213903743315508
73 8 88 63	1.0 0.0213903743315508
73 16 81 63	0.5 0.0053475935828877
73 20 85 63	1.0 0.0053475935828877
73 23 8 63	1.0 0.0213903743315508
73 23 23 63	1.0 0.0213903743315508
73 23 58 63	1.0 0.016042780748663103
73 23 63	1.0 0.0213903743315508
73 23 73 63	1.0 0.0213903743315508
73 23 88 63	1.0 0.0213903743315508
73 40 85 63	1.0 0.0106951871657754
73 40 105 63	1.0 0.0106951871657754
73 46 111 63	0.5049342105263158 0.026737967914438502
73 58 8 63	1.0 0.0053475935828877
73 58 23 63	1.0 0.0053475935828877
73 58 58 63	1.0 0.0053475935828877
73 58 63	1.0 0.016042780748663103
73 58 73 63	1.0 0.0053475935828877
73 58 88 63	1.0 0.0053475935828877
73 58 123 63	1.0 0.016042780748663103
73 63	1.0 0.0213903743315508
73 63 128 63	1.0 0.0213903743315508
73 67 2 63	1.0 0.0106951871657754
73 73 8 63	1.0 0.0213903743315508
73 73 23 63	1.0 0.0213903743315508
73 73 58 63	1.0 0.016042780748663103
73 73 63	1.0 0.0427807486631016
73 73 73 63	1.0 0.0213903743315508
73 73 88 63	1.0 0.0213903743315508
73 88 8 63	1.0 0.0213903743315508
73 88 23 63	1.0 0.0213903743315508
73 88 58 63	1.0 0.016042780748663103
73 88 63	1.0 0.0213903743315508
73 88 73 63	1.0 0.0213903743315508
73 88 88 63	1.0 0.0213903743315508
73 88 123 63	1.0 0.0106951871657754
73 123 8 63	1.0 0.0106951871657754
73 123 63	1.0 0.0106951871657754
73 123 73 63	1.0 0.0106951871657754
73 123 88 63	1.0 0.0106951871657754
85 20 63	1.0 0.0053475935828877
88 8 23 63	1.0 0.0213903743315508
88 8 63	1.0 0.0213903743315508
88 8 73 63	1.0 0.0213903743315508
88 8 88 63	1.0 0.0213903743315508
88 16 81 63	1.0 0.0053475935828877
88 20 85 63	0.6210526315789474 0.0213903743315508
88 20 95	0.3333333333333333 0.016042780748663103
88 20 105 63	1.0 0.0053475935828877
88 23 8 63	1.0 0.0213903743315508
88 23 23 63	1.0 0.0481283422459893
88 23 40 52	0.3333333333333333 0.0053475935828877
88 23 44 63	1.0 0.0053475935828877
88 23 58 63	1.0 0.016042780748663103
88 23 63	1.0 0.06417112299465241
88 23 73 63	1.0 0.0213903743315508
88 23 88 63	1.0 0.0481283422459893
88 36 101 63	1.0 0.0106951871657754
88 39 52	0.3333333333333333 0.0053475935828877
88 39 52 95	0.25 0.0053475935828877
88 39 99	0.16666666666666666 0.0053475935828877
88 39 104 63	0.6153846153846154 0.0106951871657754
88 39 105 63	0.5 0.0053475935828877
88 40 52	0.3333333333333333 0.0106951871657754
88 40 85 63	1.0 0.0106951871657754
88 40 99	0.16666666666666666 0.0106951871657754
88 40 105 63	0.5833333333333334 0.0213903743315508
88 46 111 63	0.44144144144144143 0.0213903743315508
88 51 116	0.02631578947368421 0.0053475935828877
88 58 8 63	1.0 0.0053475935828877
88 58 23 63	1.0 0.0053475935828877
88 58 63	1.0 0.016042780748663103
88 58 73 63	1.0 0.0053475935828877
88 58 88 63	1.0 0.0053475935828877
88 58 123 63	1.0 0.016042780748663103
88 63	1.0 0.0481283422459893
88 63 30 95	0.3333333333333333 0.016042780748663103
88 63 117 99	0.16666666666666666 0.016042780748663103
88 63 128 63	1.0 0.0481283422459893
88 73 8 63	1.0 0.0213903743315508
88 73 23 63	1.0 0.0213903743315508
88 73 58 63	1.0 0.016042780748663103
88 73 63	1.0 0.0213903743315508
88 73 73 63	1.0 0.0213903743315508
88 73 88 63	1.0 0.0213903743315508
88 73 123 63	1.0 0.0106951871657754
88 88 8 63	1.0 0.0213903743315508
88 88 20 95	0.24 0.016042780748663103
88 88 23 63	1.0 0.0481283422459893
88 88 44 63	1.0 0.0053475935828877
88 88 58 63	1.0 0.016042780748663103
88 88 63	1.0 0.06417112299465241
88 88 73 63	1.0 0.0213903743315508
88 88 88 63	1.0 0.0481283422459893
88 123 58 63	1.0 0.0106951871657754
88 123 63	1.0 0.0106951871657754
109 1 66 63	1.0 0.0053475935828877
109 6 71 63	1.0 0.0053475935828877
109 12 77 63	0.75 0.0106951871657754
109 12 104 63	0.75 0.0106951871657754
109 12 105 63	1.0 0.0053475935828877
109 16 81 63	0.25 0.0053475935828877
109 22 87 63	1.0 0.0053475935828877
109 22 116 63	0.375 0.0053475935828877
109 23 23 63	1.0 0.0053475935828877
109 35 100 63	0.7391304347826086 0.0053475935828877
109 36 101 63	0.6666666666666666 0.0053475935828877
109 37 102 63	0.3333333333333333 0.0106951871657754
109 39 105 63	1.0 0.0053475935828877
109 40 77 63	1.0 0.0053475935828877
109 40 104 63	0.5 0.0053475935828877
109 40 105 63	1.0 0.0053475935828877
109 43 81 63	0.5 0.0053475935828877
109 44 20 95	0.0003717932829346883 0.0053475935828877
109 44 44 63	0.7142857142857143 0.0053475935828877
109 44 63	1.0 0.03208556149732621
109 44 88 63	1.0 0.0053475935828877
109 44 109 63	0.14285714285714285 0.0053475935828877
109 45 110 63	0.8823529411764706 0.0053475935828877
109 46 111 63	0.5225618631732168 0.03208556149732621
109 51 116 63	0.5 0.0053475935828877
109 63	0.5 0.0053475935828877
109 63 128 63	0.970873786407767 0.0053475935828877
109 67 2 63	1.0 0.0053475935828877
109 88 23 63	1.0 0.0053475935828877
109 88 88 63	1.0 0.0053475935828877
109 109 44 63	0.75 0.0053475935828877
115 35 100 63	0.7368421052631579 0.0053475935828877
115 46 111 63	0.6609686609686609 0.016042780748663103
115 50 63	1.0 0.026737967914438502
115 115 63	1.0 0.0213903743315508
121 56 20	1.0 0.0053475935828877
121 56 63	1.0 0.0053475935828877
123 6 71 63	0.2 0.0053475935828877
123 8 8 63	1.0 0.0213903743315508
123 8 23 63	1.0 0.0213903743315508
123 8 58 63	1.0 0.0053475935828877
123 8 63	1.0 0.0213903743315508
123 8 73 63	1.0 0.0213903743315508
123 8 88 63	1.0 0.0213903743315508
123 8 123 63	1.0 0.0053475935828877
123 12 77 63	1.0 0.0053475935828877
123 12 104 63	0.2 0.0053475935828877
123 12 105 63	0.5 0.0053475935828877
123 20 85 63	0.46153846153846156 0.0106951871657754
123 20 105 63	1.0 0.0053475935828877
123 23 8 63	1.0 0.0213903743315508
123 23 23 63	1.0 0.0213903743315508
123 23 58 63	1.0 0.0106951871657754
123 23 63	1.0 0.0213903743315508
123 23 73 63	1.0 0.0213903743315508
123 23 88 63	1.0 0.0213903743315508
123 23 123 63	1.0 0.0053475935828877
123 36 101 63	0.5 0.0053475935828877
123 40 77 63	1.0 0.0053475935828877
123 40 85 63	1.0 0.0213903743315508
123 40 104 63	0.2 0.0053475935828877
123 40 105 63	0.75 0.03208556149732621
123 46 111 63	0.41853932584269665 0.016042780748663103
123 58 8 63	1.0 0.016042780748663103
123 58 23 63	1.0 0.016042780748663103
123 58 58 63	1.0 0.016042780748663103
123 58 63	1.0 0.058823529411764705
123 58 73 63	1.0 0.0213903743315508
123 58 88 63	1.0 0.016042780748663103
123 58 123 63	1.0 0.0427807486631016
123 63	1.0 0.0427807486631016
123 63 128 63	1.0 0.0427807486631016
123 73 8 63	1.0 0.0213903743315508
123 73 23 63	1.0 0.0213903743315508
123 73 58 63	1.0 0.0053475935828877
123 73 63	1.0 0.0213903743315508
123 73 73 63	1.0 0.0213903743315508
123 73 88 63	1.0 0.0213903743315508
123 73 123 63	1.0 0.0053475935828877
123 88 8 63	1.0 0.0213903743315508
123 88 23 63	1.0 0.0213903743315508
123 88 58 63	1.0 0.0106951871657754
123 88 63	1.0 0.0213903743315508
123 88 73 63	1.0 0.0213903743315508
123 88 88 63	1.0 0.0213903743315508
123 88 123 63	1.0 0.0053475935828877
123 123 8 63	1.0 0.0053475935828877
123 123 23 63	1.0 0.0053475935828877
123 123 58 63	1.0 0.0053475935828877
123 123 63	1.0 0.0053475935828877
123 123 73 63	1.0 0.0053475935828877
123 123 88 63	1.0 0.0053475935828877
