14 79 59	1.0 0.02631578947368421
17 82 28	0.009259259259259259 0.039473684210526314
17 82 28 93	0.0007309941520467836 0.013157894736842105
17 82 28 121	0.027777777777777776 0.039473684210526314
17 82 30 95	0.000881422719966817 0.17105263157894737
17 82 32 28	0.022222222222222223 0.02631578947368421
17 82 32 59	0.05555555555555555 0.07894736842105263
17 82 53 121	0.027777777777777776 0.039473684210526314
17 82 59	0.07671957671957672 0.27631578947368424
17 82 97 59	0.09259259259259259 0.06578947368421052
25 90 28	0.009615384615384616 0.02631578947368421
25 90 28 121	0.08823529411764706 0.05263157894736842
25 90 30 95	0.0007991414937096148 0.15789473684210525
25 90 32 59	0.08974358974358974 0.09210526315789473
25 90 53	0.00641025641025641 0.013157894736842105
25 90 53 121	0.08256880733944955 0.09210526315789473
25 90 59	0.14537444933920704 0.35526315789473684
25 90 97 28	0.01282051282051282 0.02631578947368421
25 90 97 59	0.13043478260869565 0.10526315789473684
28	0.125 0.039473684210526314
28 15 100 39	0.19382022471910113 0.039473684210526314
28 15 100 40	0.11193029490616623 0.02631578947368421
28 15 100 121	0.07894736842105263 0.039473684210526314
28 27 27 121	1.0 0.013157894736842105
28 27 92 93	0.046875 0.013157894736842105
28 27 92 121	1.0 0.02631578947368421
28 27 117	0.06666666666666667 0.02631578947368421
28 30 34	0.14814814814814814 0.013157894736842105
28 30 34 121	0.5454545454545454 0.039473684210526314
28 30 85 12	0.0981012658227848 0.013157894736842105
28 30 85 39	0.19380134428678117 0.02631578947368421
28 30 85 40	0.1280958721704394 0.02631578947368421
28 30 95	0.015233949945593036 0.13157894736842105
28 30 95 28	0.30434782608695654 0.09210526315789473
28 30 95 53	0.30303030303030304 0.039473684210526314
28 30 95 59	0.4444444444444444 0.14473684210526316
28 30 95 93	0.008771929824561403 0.013157894736842105
28 30 95 121	0.5675675675675675 0.09210526315789473
28 30 117	0.017543859649122806 0.013157894736842105
28 30 117 121	0.875 0.05263157894736842
28 45 110 93	0.42857142857142855 0.013157894736842105
28 45 110 121	1.0 0.013157894736842105
28 52 34 121	1.0 0.02631578947368421
28 52 85 39	0.23366159355416294 0.02631578947368421
28 52 85 40	0.1702571230020848 0.02631578947368421
28 52 92	0.02702702702702703 0.013157894736842105
28 52 95	0.017857142857142856 0.05263157894736842
28 52 95 28	0.2898550724637681 0.05263157894736842
28 52 95 53	0.2777777777777778 0.02631578947368421
28 52 95 59	0.3333333333333333 0.06578947368421052
28 52 95 121	1.0 0.039473684210526314
28 52 98 121	1.0 0.013157894736842105
28 52 117	0.03968253968253968 0.02631578947368421
28 52 117 117	0.005154639175257732 0.013157894736842105
28 52 117 121	0.9090909090909091 0.06578947368421052
28 52 118 59	1.0 0.02631578947368421
28 52 122 40	0.16666666666666666 0.013157894736842105
28 56 39	1.0 0.013157894736842105
28 56 93 59	0.25 0.013157894736842105
28 56 121	0.3333333333333333 0.013157894736842105
28 77 12	0.10483870967741936 0.013157894736842105
28 77 12 93	0.0019464720194647203 0.013157894736842105
28 77 12 117	0.0016233766233766235 0.02631578947368421
28 77 12 121	0.5555555555555556 0.10526315789473684
28 77 20 95	0.011312779711586276 0.11842105263157894
28 77 35 80	0.0011988716502115656 0.013157894736842105
28 77 39	0.06060606060606061 0.013157894736842105
28 77 39 121	0.3888888888888889 0.02631578947368421
28 77 40	0.036585365853658534 0.013157894736842105
28 77 40 121	0.41025641025641024 0.07894736842105263
28 77 57 117	0.14285714285714285 0.013157894736842105
28 77 121	0.07692307692307693 0.013157894736842105
28 92 27 121	1.0 0.013157894736842105
28 92 92 121	1.0 0.013157894736842105
28 93	0.011111111111111112 0.013157894736842105
28 93 21 95	0.017241379310344827 0.07894736842105263
28 93 28	0.22448979591836735 0.06578947368421052
28 93 28 93	0.0020242914979757085 0.013157894736842105
28 93 28 117	0.0014245014245014246 0.013157894736842105
28 93 28 121	0.6666666666666666 0.09210526315789473
28 93 30 95	0.015552377547372185 0.17105263157894737
28 93 32 59	0.4444444444444444 0.05263157894736842
28 93 53	0.24 0.02631578947368421
28 93 53 121	0.5 0.02631578947368421
28 93 56 93	0.5 0.013157894736842105
28 93 56 121	0.25 0.013157894736842105
28 93 59	0.7758620689655172 0.5
28 93 97 28	0.5 0.02631578947368421
28 93 97 59	0.6666666666666666 0.05263157894736842
28 93 110 39	0.13782051282051283 0.013157894736842105
28 93 110 40	0.06389776357827476 0.013157894736842105
28 93 124 59	1.0 0.013157894736842105
28 99 15 80	0.0022865853658536584 0.013157894736842105
28 99 34	0.16 0.013157894736842105
28 99 34 121	0.625 0.039473684210526314
28 99 85 39	0.15641855447680691 0.02631578947368421
28 99 85 40	0.11188811188811189 0.02631578947368421
28 99 85 121	0.07407407407407407 0.02631578947368421
28 99 95	0.024229074889867842 0.11842105263157894
28 99 95 28	0.2413793103448276 0.05263157894736842
28 99 95 52	0.05945945945945946 0.013157894736842105
28 99 95 59	0.4864864864864865 0.13157894736842105
28 99 95 121	0.6363636363636364 0.05263157894736842
28 99 117 121	1.0 0.02631578947368421
28 104 1 95	0.018779342723004695 0.05263157894736842
28 104 8 40	0.07142857142857142 0.013157894736842105
28 104 16 52	0.3132530120481928 0.013157894736842105
28 104 20 34	0.2011134307585247 0.013157894736842105
28 104 20 95	0.015938098482024654 0.11842105263157894
28 104 20 117	0.12375059495478344 0.013157894736842105
28 104 35 80	0.002299487231132036 0.013157894736842105
28 104 39	0.24291155311045282 0.02631578947368421
28 104 39 93	0.0025989026855327752 0.013157894736842105
28 104 39 117	0.00038354996803750265 0.013157894736842105
28 104 39 121	0.8290322580645161 0.09210526315789473
28 104 40	0.11764705882352941 0.02631578947368421
28 104 40 93	0.0030006317119393557 0.013157894736842105
28 104 40 95	0.0024509803921568627 0.013157894736842105
28 104 40 117	0.0012790449797484545 0.039473684210526314
28 104 40 121	0.718562874251497 0.10526315789473684
28 104 45 52	0.2558139534883721 0.013157894736842105
28 104 57 117	0.009523809523809525 0.013157894736842105
28 104 57 121	1.0 0.039473684210526314
28 104 121	0.07142857142857142 0.013157894736842105
28 104 121 28	0.3333333333333333 0.013157894736842105
28 105 12	0.0379746835443038 0.013157894736842105
28 105 12 121	0.39473684210526316 0.06578947368421052
28 105 20 34	0.18943396226415093 0.013157894736842105
28 105 20 95	0.013898630008883901 0.11842105263157894
28 105 20 117	0.13183807439824946 0.013157894736842105
28 105 35 80	0.001148024763528028 0.013157894736842105
28 105 39	0.17452830188679244 0.013157894736842105
28 105 39 93	0.002946193208249341 0.013157894736842105
28 105 39 117	0.0012350761630300535 0.039473684210526314
28 105 39 121	0.5714285714285714 0.09210526315789473
28 105 40	0.18840579710144928 0.013157894736842105
28 105 40 93	0.006620118955262477 0.013157894736842105
28 105 40 117	0.0013574337358005287 0.013157894736842105
28 105 40 121	0.7791495198902606 0.09210526315789473
28 105 57 117	0.13043478260869565 0.039473684210526314
28 105 57 121	1.0 0.039473684210526314
28 105 123 39	0.16 0.013157894736842105
28 117	0.02040816326530612 0.013157894736842105
28 117 28	0.2222222222222222 0.013157894736842105
28 117 30 95	0.01755669348939283 0.07894736842105263
28 117 52	0.2653061224489796 0.013157894736842105
28 117 52 117	0.0019047619047619048 0.013157894736842105
28 117 52 121	0.8571428571428571 0.05263157894736842
28 117 53 121	1.0 0.013157894736842105
28 117 56 117	1.0 0.013157894736842105
28 117 56 121	0.045454545454545456 0.013157894736842105
28 117 81 39	0.2857142857142857 0.013157894736842105
28 117 110 39	0.14012738853503184 0.013157894736842105
28 117 124 59	0.8571428571428571 0.05263157894736842
28 118 21 34	0.25 0.013157894736842105
28 118 21 95	0.021551724137931036 0.07894736842105263
28 118 28	0.3181818181818182 0.039473684210526314
28 118 30 95	0.018770530267480056 0.07894736842105263
28 118 53	0.203125 0.013157894736842105
28 118 53 93	0.0027210884353741495 0.013157894736842105
28 118 53 117	0.0019193857965451055 0.013157894736842105
28 118 53 121	0.7619047619047619 0.09210526315789473
28 118 59	0.4074074074074074 0.10526315789473684
28 118 97 59	0.5 0.02631578947368421
28 121	0.6363636363636364 0.09210526315789473
28 121 28 93	0.5 0.013157894736842105
28 121 28 121	1.0 0.013157894736842105
28 121 52 117	0.13333333333333333 0.02631578947368421
28 121 52 121	1.0 0.013157894736842105
28 121 56 93	0.037037037037037035 0.013157894736842105
28 121 56 117	0.14285714285714285 0.013157894736842105
28 121 56 121	0.6428571428571429 0.09210526315789473
28 121 93 28	1.0 0.013157894736842105
28 121 93 59	1.0 0.013157894736842105
28 121 124 59	0.8636363636363636 0.17105263157894737
28 122 20 95	0.011450381679389313 0.07894736842105263
28 122 39 121	1.0 0.039473684210526314
28 122 40 93	0.0625 0.013157894736842105
28 122 40 121	1.0 0.039473684210526314
28 122 57 93	0.01 0.013157894736842105
28 122 57 121	0.8571428571428571 0.05263157894736842
28 122 121	1.0 0.02631578947368421
28 124 28	0.5 0.07894736842105263
28 124 30 95	0.028169014084507043 0.09210526315789473
28 124 32 28	1.0 0.02631578947368421
28 124 32 59	0.5 0.013157894736842105
28 124 59	0.4074074074074074 0.10526315789473684
28 124 97 59	1.0 0.02631578947368421
28 126 21 95	0.006018054162487462 0.06578947368421052
28 126 61 121	0.49295774647887325 0.039473684210526314
30 1 66 95	0.0267639902676399 0.14473684210526316
30 15 80	0.00042426813746287653 0.013157894736842105
30 15 80 95	0.00243420051726761 0.19736842105263158
30 15 100 39	0.03153254972875226 0.05263157894736842
30 15 100 40	0.013857771139324538 0.02631578947368421
30 15 100 121	0.07407407407407407 0.07894736842105263
30 15 103 28	0.09302325581395349 0.02631578947368421
30 18 18 34	0.004352738716666487 0.013157894736842105
30 18 18 95	0.0014837219543601442 0.42105263157894735
30 18 18 117	0.010105925312024422 0.013157894736842105
30 18 27 95	0.0007986381118513693 0.40789473684210525
30 18 34 121	0.010752688172043012 0.02631578947368421
30 18 83 95	0.001386098926373201 0.42105263157894735
30 18 83 117	0.008821993261369069 0.013157894736842105
30 18 85 121	0.008547008547008548 0.02631578947368421
30 18 92 95	0.0007756645454962978 0.40789473684210525
30 18 95	2.909514111143439e-05 0.013157894736842105
30 18 95 59	0.005412719891745603 0.039473684210526314
30 19 84 95	0.006017299736743136 0.2236842105263158
30 19 84 121	0.3333333333333333 0.039473684210526314
30 27 18 34	0.002295918367346939 0.013157894736842105
30 27 18 95	0.0016840918096747645 0.42105263157894735
30 27 18 117	0.004991680532445923 0.013157894736842105
30 27 27 95	0.00422789961564549 0.40789473684210525
30 27 34 121	0.029411764705882353 0.013157894736842105
30 27 83 95	0.0016802250437162624 0.42105263157894735
30 27 85 39	0.0011021712774165104 0.013157894736842105
30 27 92 95	0.004158790170132325 0.40789473684210525
30 27 95	8.069071249899137e-05 0.013157894736842105
30 27 95 59	0.036036036036036036 0.039473684210526314
30 33 98 95	0.01542111506524318 0.10526315789473684
30 34	0.02631578947368421 0.013157894736842105
30 34 30 95	0.0064990110200621645 0.27631578947368424
30 34 52 95	0.02108433734939759 0.09210526315789473
30 34 52 117	0.014962593516209476 0.039473684210526314
30 34 77 121	0.0625 0.02631578947368421
30 34 93 53	0.16666666666666666 0.039473684210526314
30 34 93 59	0.5625 0.21052631578947367
30 34 99 95	0.008657243816254417 0.3684210526315789
30 34 104 39	0.10784867306606437 0.013157894736842105
30 34 104 40	0.05125858123569794 0.02631578947368421
30 34 104 57	0.002127659574468085 0.013157894736842105
30 34 104 121	0.09090909090909091 0.02631578947368421
30 34 105 12	0.014018691588785047 0.013157894736842105
30 34 105 39	0.07773109243697479 0.013157894736842105
30 34 105 40	0.07531194295900179 0.013157894736842105
30 34 118 59	0.45714285714285713 0.13157894736842105
30 34 121	0.2631578947368421 0.06578947368421052
30 34 122 121	1.0 0.02631578947368421
30 34 124 28	0.375 0.039473684210526314
30 45 110 95	0.001016707065234599 0.42105263157894735
30 56 66 95	0.03333333333333333 0.013157894736842105
30 56 121 95	0.0012489592006661116 0.039473684210526314
30 66 1 95	0.014925373134328358 0.15789473684210525
30 66 1 117	0.041666666666666664 0.013157894736842105
30 77 12 95	0.006538321830730113 0.39473684210526316
30 77 20 95	0.0067033215334789484 0.3026315789473684
30 77 35 80	0.00034478795540742444 0.013157894736842105
30 77 39 121	0.1111111111111111 0.02631578947368421
30 83 18 34	0.005303847131430081 0.013157894736842105
30 83 18 95	0.0014178469958266526 0.42105263157894735
30 83 18 117	0.011709326114437962 0.013157894736842105
30 83 27 95	0.0009911508301572699 0.40789473684210525
30 83 34 121	0.010752688172043012 0.02631578947368421
30 83 83 34	0.006278324128589961 0.013157894736842105
30 83 83 95	0.0013678696084985095 0.42105263157894735
30 83 83 117	0.013870684569682734 0.013157894736842105
30 83 85 12	0.0010437051532941944 0.013157894736842105
30 83 85 121	0.008547008547008548 0.02631578947368421
30 83 92 95	0.0009669423253627369 0.40789473684210525
30 83 95	2.8974589285196883e-05 0.013157894736842105
30 83 95 59	0.005412719891745603 0.039473684210526314
30 83 95 121	0.0024154589371980675 0.013157894736842105
30 85 1 95	0.009615384615384616 0.06578947368421052
30 85 12 95	0.005200116856558574 0.3026315789473684
30 85 12 117	0.002777777777777778 0.05263157894736842
30 85 12 121	0.19811320754716982 0.14473684210526316
30 85 16 28	0.10160427807486631 0.013157894736842105
30 85 16 52	0.10326086956521739 0.013157894736842105
30 85 20 34	0.021514394944214716 0.013157894736842105
30 85 20 95	0.005697072680929945 0.42105263157894735
30 85 20 117	0.02346802937261133 0.013157894736842105
30 85 35 80	0.0005492459042444889 0.013157894736842105
30 85 39	0.05306476066709985 0.02631578947368421
30 85 39 95	0.0012378708621171586 0.27631578947368424
30 85 39 117	0.00023727204935258627 0.039473684210526314
30 85 39 121	0.30443548387096775 0.19736842105263158
30 85 40	0.029951567677797605 0.02631578947368421
30 85 40 34	0.0035971223021582736 0.013157894736842105
30 85 40 95	0.008622341444721212 0.21052631578947367
30 85 40 117	0.00020002000200020003 0.07894736842105263
30 85 40 121	0.2829880043620502 0.19736842105263158
30 85 43 59	0.7 0.10526315789473684
30 85 43 95	0.02464788732394366 0.09210526315789473
30 85 45 28	0.09027777777777778 0.013157894736842105
30 85 45 52	0.08662280701754387 0.013157894736842105
30 85 57 95	0.008896797153024912 0.06578947368421052
30 85 121	0.13793103448275862 0.05263157894736842
30 85 125 59	0.75 0.039473684210526314
30 86 21 34	0.003244295447172056 0.013157894736842105
30 86 21 95	0.006037105818729546 0.42105263157894735
30 86 21 117	0.003955696202531646 0.013157894736842105
30 86 28 121	0.5 0.039473684210526314
30 86 30 34	0.034934497816593885 0.013157894736842105
30 86 30 95	0.013966175668303328 0.3684210526315789
30 86 35 80	0.007352941176470588 0.013157894736842105
30 86 53 95	0.0078125 0.05263157894736842
30 86 53 121	0.23529411764705882 0.05263157894736842
30 86 61	0.0019212295869356388 0.013157894736842105
30 86 61 95	0.004254789232269982 0.27631578947368424
30 86 61 121	0.1407185628742515 0.06578947368421052
30 92 18 95	0.0017356656655145872 0.42105263157894735
30 92 27 95	0.003966057922892455 0.40789473684210525
30 92 34 121	0.029411764705882353 0.013157894736842105
30 92 83 95	0.0017284395947936393 0.42105263157894735
30 92 92 95	0.004316294559716044 0.40789473684210525
30 92 95	7.989773090444231e-05 0.013157894736842105
30 92 95 59	0.036036036036036036 0.039473684210526314
30 92 95 121	0.006369426751592357 0.013157894736842105
30 95	0.008051948051948052 0.40789473684210525
30 95 15 80	8.92140244446427e-06 0.013157894736842105
30 95 21 95	0.014519056261343012 0.3684210526315789
30 95 27 121	0.12043795620437957 0.02631578947368421
30 95 28	0.1464968152866242 0.09210526315789473
30 95 28 121	0.37142857142857144 0.06578947368421052
30 95 30 34	0.01309757694826457 0.02631578947368421
30 95 30 95	0.0013168593124978042 0.42105263157894735
30 95 32 59	0.6363636363636364 0.17105263157894737
30 95 33 121	0.23076923076923078 0.013157894736842105
30 95 52	0.003291442250149611 0.013157894736842105
30 95 52 95	0.01546681664791901 0.15789473684210525
30 95 52 117	0.00021431044241368509 0.07894736842105263
30 95 52 121	0.03282828282828283 0.06578947368421052
30 95 53	0.15 0.039473684210526314
30 95 53 121	0.28 0.05263157894736842
30 95 56 95	0.02464788732394366 0.09210526315789473
30 95 56 121	0.20155038759689922 0.2631578947368421
30 95 59	0.6574074074074074 0.4605263157894737
30 95 81 39	0.15121951219512195 0.013157894736842105
30 95 92 121	0.1166077738515901 0.02631578947368421
30 95 93 28	0.20714285714285716 0.09210526315789473
30 95 93 53	0.24444444444444444 0.039473684210526314
30 95 93 59	0.42857142857142855 0.18421052631578946
30 95 97 59	0.6521739130434783 0.15789473684210525
30 95 99 95	0.006651243493348756 0.27631578947368424
30 95 104 39	0.10200461238247295 0.039473684210526314
30 95 104 40	0.04759881002974926 0.02631578947368421
30 95 105 39	0.06376518218623482 0.02631578947368421
30 95 105 40	0.06223531577978273 0.013157894736842105
30 95 110 40	0.027809965237543453 0.013157894736842105
30 95 117 52	0.012896825396825396 0.013157894736842105
30 95 118 53	0.13934426229508196 0.039473684210526314
30 95 118 59	0.3469387755102041 0.14473684210526316
30 95 121	0.20833333333333334 0.13157894736842105
30 95 124 28	0.28 0.06578947368421052
30 95 124 59	0.6172839506172839 0.4342105263157895
30 95 126 61	0.02531645569620253 0.013157894736842105
30 98 33 95	0.009615384615384616 0.06578947368421052
30 98 52 95	0.009615384615384616 0.06578947368421052
30 104 20 95	0.0015175249657333073 0.27631578947368424
30 104 39 95	0.004357526319458969 0.27631578947368424
30 105 20 95	0.005890918718559703 0.19736842105263158
30 105 39 121	0.2 0.013157894736842105
30 105 40 95	0.008663594470046084 0.34210526315789475
30 108 43 95	0.025714285714285714 0.11842105263157894
30 117	0.041666666666666664 0.013157894736842105
30 117 30 95	0.012838801711840228 0.15789473684210525
30 117 33 95	0.009615384615384616 0.06578947368421052
30 117 52 95	0.01282051282051282 0.15789473684210525
30 117 52 117	0.05555555555555555 0.039473684210526314
30 117 77 12	0.15853658536585366 0.013157894736842105
30 117 93 28	0.27631578947368424 0.06578947368421052
30 117 99 95	0.024456521739130436 0.09210526315789473
30 117 104 39	0.24913043478260868 0.013157894736842105
30 117 104 40	0.12669683257918551 0.02631578947368421
30 117 104 121	0.125 0.02631578947368421
30 117 105 39	0.20555555555555555 0.013157894736842105
30 117 105 40	0.24563953488372092 0.013157894736842105
30 117 117 52	0.25 0.013157894736842105
30 117 118 59	0.4375 0.10526315789473684
30 118 21 95	0.0078125 0.05263157894736842
30 118 53 95	0.0078125 0.05263157894736842
30 121 56 95	0.02464788732394366 0.09210526315789473
30 122 39 121	0.5 0.02631578947368421
30 122 57 95	0.009026434558349452 0.13157894736842105
30 126 21 95	0.006661900428961393 0.27631578947368424
30 126 61 95	0.006232709519934906 0.35526315789473684
32 17 82 28	0.018518518518518517 0.013157894736842105
32 17 82 59	0.07936507936507936 0.039473684210526314
32 25 90 28	0.025974025974025976 0.02631578947368421
32 25 90 59	0.1 0.09210526315789473
32 28	0.2 0.013157894736842105
32 28 93 28	0.07407407407407407 0.02631578947368421
32 28 93 53	0.2857142857142857 0.013157894736842105
32 28 93 59	0.36363636363636365 0.05263157894736842
32 28 118 59	0.25 0.013157894736842105
32 28 124 28	0.5 0.02631578947368421
32 28 124 59	0.16666666666666666 0.013157894736842105
32 30 85 121	0.05555555555555555 0.013157894736842105
32 30 95	0.00980392156862745 0.07894736842105263
32 30 95 28	0.021739130434782608 0.013157894736842105
32 30 95 53	0.1111111111111111 0.013157894736842105
32 30 95 59	0.4838709677419355 0.07894736842105263
32 32 97 28	0.13333333333333333 0.02631578947368421
32 32 97 59	0.25925925925925924 0.06578947368421052
32 53 52 95	0.01282051282051282 0.013157894736842105
32 53 93 59	0.3333333333333333 0.02631578947368421
32 53 118 28	0.14285714285714285 0.013157894736842105
32 53 118 59	0.4375 0.05263157894736842
32 53 121	0.6666666666666666 0.02631578947368421
32 53 124 28	0.5 0.013157894736842105
32 59	0.5294117647058824 0.11842105263157894
32 59 30 95	0.008982035928143712 0.07894736842105263
32 59 56 121	0.3125 0.05263157894736842
32 59 93 28	0.3333333333333333 0.02631578947368421
32 59 93 59	1.0 0.02631578947368421
32 59 124 28	0.0625 0.013157894736842105
32 59 124 59	0.4383561643835616 0.13157894736842105
32 60 20 95	0.03333333333333333 0.013157894736842105
32 97 28	0.125 0.039473684210526314
32 97 28 121	0.5 0.013157894736842105
32 97 30 95	0.0038893690579083835 0.11842105263157894
32 97 32 28	0.1111111111111111 0.013157894736842105
32 97 32 59	0.5151515151515151 0.11842105263157894
32 97 53 121	0.25 0.039473684210526314
32 97 59	0.6041666666666666 0.2894736842105263
32 97 97 59	0.3181818181818182 0.06578947368421052
32 98 59	1.0 0.02631578947368421
32 107 42 59	0.25 0.013157894736842105
32 108 20 95	0.006382978723404255 0.07894736842105263
32 108 125 59	1.0 0.013157894736842105
33 97 59	1.0 0.013157894736842105
33 98 59	1.0 0.013157894736842105
53	0.06666666666666667 0.013157894736842105
53 15 100 39	0.0744023636852001 0.05263157894736842
53 15 100 40	0.035187526337968816 0.02631578947368421
53 15 100 121	0.07017543859649122 0.05263157894736842
53 27 27 121	0.4722222222222222 0.02631578947368421
53 27 30 95	0.0008375209380234506 0.02631578947368421
53 27 92 121	0.5 0.02631578947368421
53 27 117	0.11538461538461539 0.039473684210526314
53 30 34	0.07692307692307693 0.013157894736842105
53 30 34 121	0.391304347826087 0.05263157894736842
53 30 77 12	0.00847457627118644 0.013157894736842105
53 30 85 39	0.08509316770186336 0.02631578947368421
53 30 85 40	0.04690181124880839 0.02631578947368421
53 30 95	0.00375 0.13157894736842105
53 30 95 28	0.2033898305084746 0.09210526315789473
53 30 95 59	0.3269230769230769 0.14473684210526316
53 30 95 121	0.37662337662337664 0.09210526315789473
53 30 117	0.011235955056179775 0.013157894736842105
53 30 117 121	0.6666666666666666 0.05263157894736842
53 52 34 121	0.5 0.039473684210526314
53 52 85 39	0.18471337579617833 0.02631578947368421
53 52 85 40	0.13271939328277357 0.02631578947368421
53 52 95	0.023890784982935155 0.09210526315789473
53 52 95 28	0.25 0.09210526315789473
53 52 95 53	0.25 0.039473684210526314
53 52 95 121	0.6666666666666666 0.05263157894736842
53 52 117	0.025454545454545455 0.05263157894736842
53 52 117 121	0.5263157894736842 0.06578947368421052
53 77 12	0.12093023255813953 0.013157894736842105
53 77 12 95	0.015418502202643172 0.09210526315789473
53 77 12 121	0.3670886075949367 0.07894736842105263
53 77 20 95	0.010825828702816632 0.13157894736842105
53 77 20 117	0.07327586206896551 0.013157894736842105
53 77 40 121	0.35294117647058826 0.07894736842105263
53 92 27 121	0.46875 0.02631578947368421
53 92 30 95	0.0008375209380234506 0.02631578947368421
53 92 52 117	0.002012072434607646 0.013157894736842105
53 92 92 121	0.46875 0.02631578947368421
53 93 14 12	0.125 0.013157894736842105
53 93 21 95	0.027491408934707903 0.10526315789473684
53 93 28	0.2 0.06578947368421052
53 93 28 121	0.5714285714285714 0.02631578947368421
53 93 30 95	0.025 0.10526315789473684
53 93 32 59	0.6 0.039473684210526314
53 93 53	0.28 0.039473684210526314
53 93 53 121	0.5 0.013157894736842105
53 93 59	0.4782608695652174 0.14473684210526316
53 93 75 40	0.0625 0.013157894736842105
53 93 97 59	0.5 0.02631578947368421
53 93 110 121	0.3333333333333333 0.05263157894736842
53 98 30 95	0.0008375209380234506 0.013157894736842105
53 98 33 121	0.5 0.013157894736842105
53 98 52 121	0.5 0.013157894736842105
53 98 121	1.0 0.02631578947368421
53 99 34	0.125 0.013157894736842105
53 99 34 121	0.42857142857142855 0.05263157894736842
53 99 85 12	0.1005586592178771 0.013157894736842105
53 99 85 39	0.15119916579770595 0.02631578947368421
53 99 85 40	0.09968847352024922 0.02631578947368421
53 99 95	0.00697084917617237 0.11842105263157894
53 99 95 28	0.2376237623762376 0.09210526315789473
53 99 95 53	0.21818181818181817 0.039473684210526314
53 99 95 59	0.45714285714285713 0.13157894736842105
53 99 95 121	0.3333333333333333 0.06578947368421052
53 99 117	0.043478260869565216 0.013157894736842105
53 99 117 121	0.5 0.039473684210526314
53 104 12 121	0.09090909090909091 0.013157894736842105
53 104 20 34	0.21125730994152048 0.013157894736842105
53 104 20 95	0.012907801418439717 0.13157894736842105
53 104 20 117	0.09767092411720511 0.013157894736842105
53 104 35 80	0.003271329305857351 0.013157894736842105
53 104 39	0.22166344294003867 0.013157894736842105
53 104 39 121	0.44666666666666666 0.07894736842105263
53 104 40	0.11023622047244094 0.02631578947368421
53 104 40 121	0.375 0.09210526315789473
53 104 45 28	0.21717171717171718 0.013157894736842105
53 104 45 52	0.21568627450980393 0.013157894736842105
53 104 57 121	1.0 0.013157894736842105
53 104 121	0.125 0.02631578947368421
53 104 123 121	0.5 0.02631578947368421
53 105 1 95	0.02464788732394366 0.09210526315789473
53 105 12	0.05172413793103448 0.013157894736842105
53 105 12 121	0.3333333333333333 0.07894736842105263
53 105 20 34	0.18661710037174722 0.013157894736842105
53 105 20 95	0.010971927795978673 0.13157894736842105
53 105 20 117	0.10268427780144866 0.013157894736842105
53 105 35 80	0.002071156289707751 0.013157894736842105
53 105 39	0.1731669266770671 0.013157894736842105
53 105 39 117	0.0008306797729475288 0.039473684210526314
53 105 39 121	0.3564356435643564 0.11842105263157894
53 105 40	0.18956814357823892 0.013157894736842105
53 105 40 121	0.48775055679287305 0.07894736842105263
53 105 43 52	0.1875 0.013157894736842105
53 105 45 28	0.18518518518518517 0.013157894736842105
53 105 57 117	0.375 0.039473684210526314
53 105 57 121	1.0 0.013157894736842105
53 105 123 121	0.16666666666666666 0.02631578947368421
53 117 30 95	0.00129290292957304 0.13157894736842105
53 117 33 121	0.625 0.039473684210526314
53 117 52	0.02594810379241517 0.013157894736842105
53 117 52 121	0.05405405405405406 0.06578947368421052
53 117 81 39	0.21666666666666667 0.013157894736842105
53 117 93 59	1.0 0.05263157894736842
53 117 110 39	0.11702127659574468 0.013157894736842105
53 117 110 40	0.053763440860215055 0.013157894736842105
53 117 121	1.0 0.02631578947368421
53 118 21 95	0.02537182852143482 0.10526315789473684
53 118 28	0.21212121212121213 0.06578947368421052
53 118 28 121	0.6 0.02631578947368421
53 118 30 95	0.010368859425463199 0.13157894736842105
53 118 32 59	0.7142857142857143 0.06578947368421052
53 118 53	0.1262135922330097 0.013157894736842105
53 118 53 121	0.48148148148148145 0.07894736842105263
53 118 59	0.6896551724137931 0.3157894736842105
53 118 97 28	0.3333333333333333 0.02631578947368421
53 118 97 59	0.7777777777777778 0.09210526315789473
53 121	0.5 0.07894736842105263
53 121 30 95	0.0010761366693570083 0.039473684210526314
53 121 56 121	0.4782608695652174 0.07894736842105263
53 121 93 28	1.0 0.039473684210526314
53 121 124 59	0.6296296296296297 0.07894736842105263
53 122 39 121	1.0 0.013157894736842105
53 122 40 121	1.0 0.013157894736842105
53 122 57	0.2 0.013157894736842105
53 122 57 121	1.0 0.013157894736842105
53 124 28	0.375 0.039473684210526314
53 124 30 95	0.02464788732394366 0.09210526315789473
53 124 59	0.3333333333333333 0.05263157894736842
53 126 2 40	0.017699115044247787 0.013157894736842105
53 126 61	0.0547945205479452 0.013157894736842105
53 126 61 121	0.09210526315789473 0.013157894736842105
59	1.0 1.0
59 7 72	1.0 0.02631578947368421
59 15 100 39	0.7022900763358778 0.039473684210526314
59 15 100 40	0.41959798994974873 0.02631578947368421
59 28 93	0.5 0.013157894736842105
59 28 121	1.0 0.013157894736842105
59 30 18 95	4.7723584995704876e-05 0.02631578947368421
59 30 27 95	0.00014239943040227838 0.02631578947368421
59 30 34 121	0.30434782608695654 0.06578947368421052
59 30 83 95	4.749240121580547e-05 0.02631578947368421
59 30 85 39	0.08756537877509701 0.02631578947368421
59 30 85 40	0.04883248730964467 0.02631578947368421
59 30 85 121	0.13513513513513514 0.05263157894736842
59 30 92 95	0.00014139271827500884 0.02631578947368421
59 30 95	0.011377103579047167 0.42105263157894735
59 30 95 28	0.21145374449339208 0.09210526315789473
59 30 95 59	0.6802721088435374 0.4342105263157895
59 30 95 121	0.24528301886792453 0.14473684210526316
59 42 107	0.5 0.013157894736842105
59 52 77 12	0.006993006993006993 0.013157894736842105
59 52 85 12	0.5483870967741935 0.013157894736842105
59 52 85 39	0.7478510028653295 0.02631578947368421
59 52 85 40	0.5337690631808278 0.02631578947368421
59 52 92 121	0.25 0.013157894736842105
59 52 93 59	0.75 0.07894736842105263
59 52 95 52	0.34375 0.013157894736842105
59 52 117	0.27941176470588236 0.21052631578947367
59 52 121	0.875 0.09210526315789473
59 56 20 95	0.009398496240601503 0.06578947368421052
59 56 27 117	0.02631578947368421 0.013157894736842105
59 56 30 95	0.0036051026067665 0.17105263157894737
59 56 40 121	1.0 0.02631578947368421
59 56 77 121	0.14285714285714285 0.02631578947368421
59 56 93	0.007042253521126761 0.013157894736842105
59 56 93 59	0.7916666666666666 0.25
59 56 99 95	0.011182108626198083 0.09210526315789473
59 56 117	0.1 0.09210526315789473
59 56 118 59	1.0 0.11842105263157894
59 56 121	0.7714285714285715 0.6578947368421053
59 77 12	0.65 0.013157894736842105
59 77 16 52	1.0 0.013157894736842105
59 77 40	0.3 0.013157894736842105
59 93 28	0.8205128205128205 0.21052631578947367
59 93 32 59	0.5555555555555556 0.06578947368421052
59 93 53	0.3333333333333333 0.02631578947368421
59 93 56 39	1.0 0.013157894736842105
59 93 59	0.5238095238095238 0.11842105263157894
59 93 97 59	0.2857142857142857 0.02631578947368421
59 99 18 95	0.0010504201680672268 0.02631578947368421
59 99 34	1.0 0.02631578947368421
59 99 85 39	0.7532467532467533 0.02631578947368421
59 99 85 40	0.5322245322245323 0.02631578947368421
59 99 86 53	0.6666666666666666 0.013157894736842105
59 99 95	0.043010752688172046 0.02631578947368421
59 99 95 52	0.22916666666666666 0.013157894736842105
59 104 16 52	1.0 0.013157894736842105
59 104 20 34	0.9265175718849841 0.013157894736842105
59 104 20 95	0.0283777133796271 0.02631578947368421
59 104 20 117	0.3960546282245827 0.013157894736842105
59 104 35 80	0.020669512469108066 0.013157894736842105
59 104 39	0.9982698961937716 0.05263157894736842
59 104 40	0.5 0.02631578947368421
59 104 45 28	0.8775510204081632 0.013157894736842105
59 104 45 52	0.88 0.013157894736842105
59 104 58 39	1.0 0.013157894736842105
59 105 8 40	1.0 0.013157894736842105
59 105 20 34	0.8448844884488449 0.013157894736842105
59 105 20 95	0.02214141042165347 0.02631578947368421
59 105 20 117	0.4188034188034188 0.013157894736842105
59 105 35 80	0.013475348987331558 0.013157894736842105
59 105 39	0.8115942028985508 0.013157894736842105
59 105 40	0.9942363112391931 0.02631578947368421
59 105 45 28	0.9523809523809523 0.013157894736842105
59 105 45 52	0.9523809523809523 0.013157894736842105
59 105 73 40	1.0 0.013157894736842105
59 117 30 34	1.0 0.013157894736842105
59 117 52	1.0 0.013157894736842105
59 117 108 40	0.42857142857142855 0.013157894736842105
59 117 110 39	0.46808510638297873 0.013157894736842105
59 118 21 95	0.028169014084507043 0.02631578947368421
59 118 28	0.45454545454545453 0.039473684210526314
59 118 30 95	0.028169014084507043 0.07894736842105263
59 118 53	1.0 0.039473684210526314
59 118 59	0.5 0.039473684210526314
59 124 28	0.13580246913580246 0.09210526315789473
59 124 28 93	0.0034602076124567475 0.013157894736842105
59 124 28 117	0.04316546762589928 0.02631578947368421
59 124 28 121	0.5428571428571428 0.15789473684210525
59 124 30 95	0.015172204521316948 0.42105263157894735
59 124 32 28	0.16666666666666666 0.02631578947368421
59 124 32 59	0.7441860465116279 0.32894736842105265
59 124 53 121	0.53125 0.11842105263157894
59 124 59	0.8 1.0
59 124 97 28	0.21739130434782608 0.02631578947368421
59 124 97 59	0.7111111111111111 0.3026315789473684
59 126 61	0.42105263157894735 0.013157894736842105
60 20 18 95	0.00041684035014589413 0.02631578947368421
60 20 95	0.03333333333333333 0.02631578947368421
60 20 95 59	0.6 0.02631578947368421
60 20 95 121	0.5 0.02631578947368421
60 43 59	1.0 0.02631578947368421
60 43 97 59	1.0 0.02631578947368421
60 125 30 95	0.043478260869565216 0.02631578947368421
60 125 32 59	1.0 0.02631578947368421
60 125 59	1.0 0.02631578947368421
97 17 82 28	0.009259259259259259 0.013157894736842105
97 17 82 59	0.06349206349206349 0.05263157894736842
97 25 90 59	0.0875 0.07894736842105263
97 28	0.16666666666666666 0.013157894736842105
97 28 30 95	0.020833333333333332 0.02631578947368421
97 28 52 117	0.027777777777777776 0.02631578947368421
97 28 56 121	1.0 0.013157894736842105
97 28 93 28	0.08 0.02631578947368421
97 28 93 59	0.5 0.05263157894736842
97 28 118 59	0.3333333333333333 0.02631578947368421
97 28 121	0.5 0.013157894736842105
97 28 124 59	0.5555555555555556 0.05263157894736842
97 30 95	0.00631578947368421 0.07894736842105263
97 30 95 59	0.6222222222222222 0.07894736842105263
97 32 28	0.125 0.013157894736842105
97 32 28 121	1.0 0.013157894736842105
97 32 53 121	0.5 0.02631578947368421
97 32 59	1.0 0.2236842105263158
97 32 97 28	0.1111111111111111 0.013157894736842105
97 32 97 59	0.85 0.10526315789473684
97 53 118 59	0.45454545454545453 0.02631578947368421
97 53 121	0.5 0.013157894736842105
97 56 95	0.014084507042253521 0.013157894736842105
97 56 95 59	0.25 0.013157894736842105
97 59	0.8181818181818182 0.10526315789473684
97 59 30 95	0.014705882352941176 0.06578947368421052
97 59 56 121	0.7142857142857143 0.05263157894736842
97 59 93 28	0.5 0.02631578947368421
97 59 93 59	0.25 0.013157894736842105
97 59 124 28	0.2 0.02631578947368421
97 59 124 59	0.7619047619047619 0.15789473684210525
97 60 43 59	1.0 0.013157894736842105
97 60 125 59	1.0 0.013157894736842105
97 108 20 95	0.015384615384615385 0.02631578947368421
97 108 43 59	1.0 0.013157894736842105
107 42 28 121	1.0 0.013157894736842105
107 42 59	1.0 0.05263157894736842
107 42 97 28	1.0 0.013157894736842105
107 42 97 59	1.0 0.013157894736842105
108 12 95	0.007692307692307693 0.02631578947368421
108 12 95 59	0.6 0.02631578947368421
108 20 18 95	0.00013083867591259977 0.013157894736842105
108 20 95	0.011904761904761904 0.06578947368421052
108 20 95 59	0.7 0.06578947368421052
108 20 95 121	0.125 0.013157894736842105
108 43 30 95	0.010294117647058823 0.06578947368421052
108 43 32 59	0.5 0.02631578947368421
108 43 59	1.0 0.06578947368421052
108 125 30 95	0.043478260869565216 0.013157894736842105
108 125 59	1.0 0.013157894736842105
