0 65 20 95	0.007692307692307693 0.04
0 65 72	1.0 0.04
0 81 20 95	0.0056568196103079825 0.04
0 81 72	0.5 0.04
0 108 20 95	0.0076560659599528855 0.04
0 108 72	0.5 0.04
0 111 16	0.0234375 0.04
0 111 20 95	0.0008854699908685907 0.04
0 111 43	0.019230769230769232 0.04
0 111 72	0.08333333333333333 0.04
1 66 51 116	0.0027137042062415195 0.04
1 66 72	1.0 0.04
16 65 20 95	0.0038461538461538464 0.04
16 65 72	0.5 0.04
16 81 20 95	0.0005488697349162466 0.04
16 81 49 114	0.0024271844660194173 0.04
16 81 72	0.75 0.16
16 108 20 95	0.0012107665083356618 0.04
16 108 72	0.25 0.04
20 15 80 34	0.023529411764705882 0.04
20 15 80 95	0.0009728809436945154 0.2
20 15 80 121	0.09523809523809523 0.04
20 15 100 16	0.00400200100050025 0.04
20 15 100 39	0.0011862396204033216 0.04
20 15 100 72	0.3333333333333333 0.16
20 18 18 34	0.0007567577198293665 0.04
20 18 18 95	0.0006461944752596586 0.2
20 18 18 121	0.012758878467297207 0.04
20 18 27 34	0.008143322475570033 0.04
20 18 27 95	0.0005703335310489574 0.16
20 18 27 121	0.06060606060606061 0.04
20 18 83 34	0.0006708631232111137 0.04
20 18 83 95	0.0006265809139871211 0.2
20 18 83 121	0.011029194499231955 0.04
20 18 85 39	9.334453467749463e-05 0.04
20 18 92 34	0.00796812749003984 0.04
20 18 92 95	0.000544875986225535 0.16
20 18 92 121	0.06060606060606061 0.04
20 19 84 95	0.00234375 0.12
20 27 18 34	0.028037383177570093 0.04
20 27 18 95	0.0012409513960703205 0.16
20 27 18 121	0.2727272727272727 0.04
20 27 27 34	0.06329113924050633 0.04
20 27 27 95	0.00170659250363441 0.16
20 27 27 121	0.7142857142857143 0.04
20 27 83 34	0.02745995423340961 0.04
20 27 83 95	0.0012329189355799856 0.16
20 27 83 121	0.2727272727272727 0.04
20 27 85 16	0.00012960082944530845 0.04
20 27 85 39	0.00029069767441860465 0.04
20 27 92 34	0.06802721088435375 0.04
20 27 92 95	0.0019516589100735625 0.16
20 27 92 121	0.7142857142857143 0.04
20 30 95 34	0.16666666666666666 0.04
20 30 95 95	0.02631578947368421 0.04
20 30 95 121	1.0 0.04
20 33 98 34	0.16666666666666666 0.04
20 33 98 95	0.012987012987012988 0.04
20 33 98 121	1.0 0.04
20 34	0.09090909090909091 0.04
20 34 7 72	1.0 0.04
20 34 30 34	0.06060606060606061 0.04
20 34 30 95	0.0077777777777777776 0.16
20 34 30 121	0.25 0.04
20 34 45 110	0.25 0.04
20 34 56 34	0.5 0.04
20 34 56 95	0.02857142857142857 0.04
20 34 99 34	0.031746031746031744 0.04
20 34 99 95	0.007339449541284404 0.2
20 34 99 121	0.25 0.04
20 34 104 16	0.006024096385542169 0.04
20 34 104 39	0.001728608470181504 0.04
20 34 104 57	0.005952380952380952 0.04
20 34 104 72	1.0 0.04
20 34 105 57	0.00980392156862745 0.04
20 34 105 72	1.0 0.04
20 45 110 34	0.005261528938409161 0.04
20 45 110 95	0.0008058017727639 0.2
20 45 110 121	0.1328125 0.04
20 77 12 34	0.12 0.04
20 77 12 95	0.0071090047393364926 0.16
20 77 12 121	1.0 0.04
20 77 20 95	0.004299226139294927 0.12
20 77 20 121	1.0 0.04
20 83 18 34	0.0007442443921583905 0.04
20 83 18 95	0.0009636681671388109 0.2
20 83 18 121	0.009867230755988044 0.04
20 83 27 34	0.011187607573149742 0.04
20 83 27 95	0.0007578915457198075 0.16
20 83 27 121	0.09027777777777778 0.04
20 83 83 34	0.0012966434770662518 0.04
20 83 83 95	0.0009952857413300959 0.2
20 83 83 121	0.01832083848738722 0.04
20 83 85 16	5.3697041293024756e-05 0.04
20 83 85 39	9.334453467749463e-05 0.04
20 83 92 34	0.011092150170648464 0.04
20 83 92 95	0.0007294079031346305 0.16
20 83 92 121	0.09027777777777778 0.04
20 85 12 95	0.01282051282051282 0.04
20 85 12 121	0.017241379310344827 0.04
20 85 16	0.005672149744753261 0.04
20 85 20 34	0.029776387440621017 0.04
20 85 20 95	0.006196628355092271 0.2
20 85 20 121	0.9846743295019157 0.04
20 85 23 16	0.047619047619047616 0.04
20 85 26 107	0.125 0.08
20 85 39	0.0016806722689075631 0.04
20 85 39 95	0.005506607929515419 0.12
20 85 39 117	0.0007700205338809035 0.04
20 85 40 34	0.14285714285714285 0.04
20 85 40 117	0.0034259611724400457 0.08
20 85 40 121	0.001488095238095238 0.04
20 85 43	0.002430133657351154 0.04
20 85 43 107	0.1 0.04
20 85 49 114	0.0008194945508322108 0.2
20 85 57	0.006756756756756757 0.04
20 85 72	0.5 0.44
20 85 88 16	0.047619047619047616 0.04
20 86 2 16	0.004545454545454545 0.04
20 86 21 34	0.002987303958177745 0.04
20 86 21 95	0.0036540080744402945 0.2
20 86 21 121	1.0 0.04
20 86 30 34	0.10526315789473684 0.04
20 86 30 95	0.007281553398058253 0.2
20 86 30 121	1.0 0.04
20 86 53 95	0.005859375 0.12
20 86 61 95	0.003523417172593235 0.16
20 92 18 34	0.024390243902439025 0.04
20 92 18 95	0.001226241569589209 0.16
20 92 18 121	0.25 0.04
20 92 27 34	0.06091370558375635 0.04
20 92 27 95	0.0014634376622763537 0.16
20 92 27 121	0.6666666666666666 0.04
20 92 83 34	0.02386634844868735 0.04
20 92 83 95	0.0012152681875932166 0.16
20 92 83 121	0.25 0.04
20 92 85 16	0.00012883277505797475 0.04
20 92 92 34	0.0759493670886076 0.04
20 92 92 95	0.002052763628069642 0.16
20 92 92 121	0.75 0.04
20 93 28 34	0.5 0.04
20 93 28 95	0.02857142857142857 0.04
20 93 30 121	1.0 0.04
20 95	0.008741258741258742 0.2
20 95 7 72	0.35714285714285715 0.2
20 95 21 95	0.006749156355455568 0.2
20 95 21 121	1.0 0.04
20 95 28 95	0.02857142857142857 0.04
20 95 30 34	0.032527881040892194 0.04
20 95 30 95	0.0019027259098932877 0.2
20 95 30 121	0.8974358974358975 0.04
20 95 42 107	0.14285714285714285 0.04
20 95 45 110	0.011560693641618497 0.04
20 95 49 114	0.0012907984510418587 0.08
20 95 81 16	0.058823529411764705 0.04
20 95 99 34	0.02531645569620253 0.04
20 95 99 95	0.006082725060827251 0.16
20 95 99 121	0.3333333333333333 0.04
20 95 104 16	0.003316749585406302 0.04
20 95 104 39	0.0018083182640144665 0.04
20 95 104 72	0.4 0.08
20 95 105 16	0.0017301038062283738 0.04
20 95 105 39	0.0012422360248447205 0.04
20 95 105 72	0.4 0.08
20 95 108 16	0.08333333333333333 0.04
20 95 108 43	0.041666666666666664 0.04
20 95 122 57	0.024691358024691357 0.04
20 104 20 95	0.0005664652567975831 0.12
20 104 39 34	0.043478260869565216 0.04
20 104 39 95	0.006538461538461538 0.2
20 105 20 95	0.007751937984496124 0.04
20 105 20 121	0.2 0.04
20 105 40 34	0.05263157894736842 0.04
20 105 40 95	0.00619933237958989 0.16
20 105 40 121	1.0 0.04
20 118 21 95	0.005859375 0.12
20 118 53 95	0.005859375 0.12
20 121	1.0 0.04
20 121 7 72	1.0 0.04
20 121 30 95	0.02857142857142857 0.04
20 121 30 121	1.0 0.04
20 121 45 110	0.25 0.04
20 121 56 95	0.02857142857142857 0.04
20 121 56 121	1.0 0.04
20 121 99 95	0.02857142857142857 0.04
20 121 104 39	1.0 0.04
20 122 57 34	0.16666666666666666 0.04
20 122 57 95	0.007312614259597806 0.16
20 122 57 121	1.0 0.04
20 126 21 95	0.0033432774405925316 0.16
20 126 61 34	0.011627906976744186 0.04
20 126 61 95	0.004906483267633985 0.2
20 126 61 121	0.043478260869565216 0.04
22 74 49 114	0.003289473684210526 0.04
22 87 72	1.0 0.04
35 80 18 34	0.022304832713754646 0.04
35 80 18 95	0.0012435431413812894 0.12
35 80 18 121	0.2222222222222222 0.04
35 80 27 95	0.0007142857142857143 0.08
35 80 30 34	0.002898550724637681 0.04
35 80 30 95	2.0183236879886867e-05 0.08
35 80 30 121	0.5 0.04
35 80 34	0.022727272727272728 0.04
35 80 83 34	0.02214022140221402 0.04
35 80 83 95	0.0012425922385777097 0.12
35 80 83 121	0.2222222222222222 0.04
35 80 85 16	0.005069124423963134 0.04
35 80 85 39	0.0012315270935960591 0.04
35 80 85 43	0.001834862385321101 0.04
35 80 85 72	0.3333333333333333 0.16
35 80 92 95	0.0007094354920441877 0.08
35 80 95	0.00048661800486618007 0.08
35 80 95 34	0.0625 0.04
35 80 95 121	0.018518518518518517 0.04
35 80 99 95	0.0006775067750677507 0.04
35 80 104 16	0.00684931506849315 0.04
35 80 105 16	0.009345794392523364 0.04
35 80 105 72	0.5 0.04
35 80 121	0.0625 0.04
35 100 12 121	0.01020408163265306 0.04
35 100 16	0.001949317738791423 0.04
35 100 20 34	0.04076809453471197 0.04
35 100 20 95	0.0007564757131481568 0.12
35 100 20 121	0.7885714285714286 0.04
35 100 39	0.0007930214115781126 0.04
35 100 39 95	0.00032754667540124465 0.04
35 100 43	0.0006858710562414266 0.04
35 100 49 114	0.0005825109649122807 0.08
35 100 72	0.7142857142857143 0.2
35 100 88 16	0.02631578947368421 0.04
35 102 30 121	1.0 0.04
35 103 21 34	0.07692307692307693 0.04
35 103 21 95	0.003656307129798903 0.08
35 103 30 95	0.003616636528028933 0.04
36 101 20 95	0.0002452783909737552 0.04
36 101 49 114	0.001692047377326565 0.04
36 101 72	1.0 0.08
37 102 20 95	0.0038461538461538464 0.04
37 102 72	1.0 0.04
39 30 34	0.3333333333333333 0.04
39 30 85 39	0.009900990099009901 0.04
39 30 85 72	0.4 0.08
39 30 95	0.012269938650306749 0.08
39 30 121	1.0 0.04
39 45 110	0.25 0.04
39 77 20 95	0.027777777777777776 0.04
39 77 20 121	1.0 0.04
39 93 21 34	0.5 0.04
39 93 21 121	1.0 0.04
39 93 30 34	0.5 0.04
39 93 30 95	0.02857142857142857 0.04
39 93 30 121	1.0 0.04
39 99 30 34	0.1111111111111111 0.04
39 99 30 95	0.01818181818181818 0.04
39 99 34	0.125 0.04
39 99 85 72	1.0 0.04
39 99 95	0.018867924528301886 0.04
39 99 95 95	0.01818181818181818 0.04
39 99 95 121	1.0 0.04
39 99 121	1.0 0.04
39 104 20 34	0.48314606741573035 0.04
39 104 20 95	0.02687843616371411 0.08
39 104 20 121	1.0 0.04
39 104 72	1.0 0.08
39 105 20 34	0.45384615384615384 0.04
39 105 20 95	0.02340752110514198 0.08
39 105 20 121	1.0 0.04
39 105 39	0.05263157894736842 0.04
39 105 72	1.0 0.04
39 117 30 34	0.5 0.04
39 117 30 95	0.02857142857142857 0.04
39 117 30 121	1.0 0.04
39 118 30 34	0.5 0.04
39 118 30 121	1.0 0.04
39 126 21 34	0.1875 0.04
39 126 21 95	0.004830917874396135 0.04
39 126 21 121	1.0 0.04
39 126 61 34	0.4 0.04
39 126 61 95	0.022988505747126436 0.04
40 15 100 72	0.5 0.04
40 30 34	0.125 0.04
40 30 85 39	0.004658385093167702 0.04
40 30 85 72	0.4 0.08
40 30 95	0.003389830508474576 0.04
40 30 121	1.0 0.04
40 45 110	0.25 0.04
40 77 20 34	0.4 0.04
40 77 20 95	0.027777777777777776 0.04
40 77 20 121	1.0 0.04
40 93 21 34	0.5 0.04
40 93 21 95	0.02857142857142857 0.04
40 93 21 121	1.0 0.04
40 93 30 34	0.5 0.04
40 93 30 95	0.02857142857142857 0.04
40 93 30 121	1.0 0.04
40 99 30 95	0.008403361344537815 0.04
40 99 30 121	1.0 0.04
40 99 34	0.1111111111111111 0.04
40 99 85 39	0.0375 0.04
40 99 95	0.01818181818181818 0.04
40 99 95 34	0.1 0.04
40 99 95 95	0.01818181818181818 0.04
40 99 95 121	1.0 0.04
40 99 121	1.0 0.04
40 104 20 34	0.3944954128440367 0.04
40 104 20 95	0.01744421906693712 0.04
40 104 20 121	1.0 0.04
40 104 72	1.0 0.04
40 105 20 34	0.3619631901840491 0.04
40 105 20 95	0.009556203433754453 0.04
40 105 20 121	1.0 0.04
40 105 39	0.03571428571428571 0.04
40 105 72	1.0 0.08
40 117 30 34	0.5 0.04
40 117 30 95	0.02857142857142857 0.04
40 126 21 34	0.17647058823529413 0.04
40 126 21 95	0.004005340453938585 0.04
40 126 21 121	1.0 0.04
40 126 61 34	0.4 0.04
40 126 61 95	0.022988505747126436 0.04
40 126 61 121	0.25 0.04
43 65 20 95	0.007692307692307693 0.08
43 65 72	0.5 0.04
43 81 20 95	0.0056568196103079825 0.08
43 81 72	0.25 0.04
43 108 20 95	0.007434106780806488 0.12
43 108 72	0.6 0.12
45 30 18 34	0.045454545454545456 0.04
45 30 18 95	0.0005945303210463733 0.04
45 30 27 34	0.25 0.04
45 30 27 95	0.02040816326530612 0.04
45 30 83 121	0.5 0.04
45 30 92 34	0.25 0.04
45 30 92 95	0.02040816326530612 0.04
45 30 92 121	1.0 0.04
45 110 12 95	0.0005694760820045558 0.04
45 110 12 121	0.02 0.04
45 110 20 34	0.0045385779122541605 0.04
45 110 20 95	5.878664367455714e-05 0.04
45 110 20 121	0.2727272727272727 0.04
45 110 49 114	0.00033738191632928474 0.04
45 110 72	0.7142857142857143 0.12
46 65 20 95	0.0017094017094017094 0.08
46 65 72	0.1111111111111111 0.04
46 111 12 95	0.00010271686097272867 0.08
46 111 12 117	0.00040096230954290296 0.04
46 111 16	0.0002104598547827002 0.04
46 111 20 34	0.0014870565384965556 0.04
46 111 20 95	0.00012582881589598516 0.24
46 111 20 121	0.041808873720136516 0.04
46 111 39	0.00016156393892883107 0.04
46 111 39 34	0.003424657534246575 0.04
46 111 39 95	6.69545713233571e-05 0.08
46 111 39 117	8.461429981666902e-05 0.08
46 111 39 121	0.00025119316754584274 0.04
46 111 40 95	0.0003069838833461243 0.08
46 111 40 117	0.0005093844285098546 0.12
46 111 43	0.00023772732675621063 0.04
46 111 49 114	0.00015443346732000202 0.2
46 111 51 116	4.3035226723919455e-05 0.04
46 111 57 34	0.05 0.04
46 111 57 121	0.018867924528301886 0.04
46 111 72	0.19760479041916168 0.52
51 87 20 34	0.125 0.04
51 116 20 34	0.014778325123152709 0.04
51 116 20 95	0.0002800336040324839 0.04
51 116 20 121	0.3 0.04
51 116 57 34	0.5 0.04
51 116 57 95	0.02857142857142857 0.04
51 116 57 121	1.0 0.04
51 116 72	1.0 0.04
57 122 16	0.06666666666666667 0.04
57 122 20 95	0.007537688442211055 0.08
57 122 72	0.5 0.08
57 122 88 16	0.5 0.04
72	1.0 1.0
72 7 20 34	0.07142857142857142 0.04
72 7 20 95	0.008143322475570033 0.2
72 7 20 121	1.0 0.04
72 7 72	1.0 1.0
72 14 79	1.0 0.04
72 30 34	0.1111111111111111 0.04
72 30 34 117	0.07692307692307693 0.04
72 30 85 16	0.0037209302325581397 0.04
72 30 85 39	0.0031847133757961785 0.04
72 30 85 43	0.002079002079002079 0.04
72 30 85 57	0.017241379310344827 0.04
72 30 85 72	0.35714285714285715 0.2
72 30 95	0.020964360587002098 0.32
72 30 95 117	0.047619047619047616 0.04
72 30 121	1.0 0.04
72 42 107	0.7368421052631579 0.52
72 45 110	0.25 0.04
72 49 114	0.018029788345962895 0.72
72 51 116	0.004878048780487805 0.04
72 52 30 95	0.1111111111111111 0.04
72 52 99 95	0.1111111111111111 0.04
72 52 117	0.6521739130434783 0.6
72 56 34	0.5 0.04
72 56 85 39	0.038461538461538464 0.04
72 56 85 72	1.0 0.04
72 56 95	0.02857142857142857 0.04
72 56 121	1.0 0.04
72 81 16	0.875 0.04
72 81 20 95	0.002328288707799767 0.04
72 81 43	1.0 0.04
72 99 34	0.5 0.04
72 99 85 39	0.038461538461538464 0.04
72 99 85 72	1.0 0.04
72 99 95	0.02857142857142857 0.04
72 99 121	1.0 0.04
72 104 20 34	0.42857142857142855 0.04
72 104 20 95	0.028037383177570093 0.04
72 104 20 121	1.0 0.04
72 104 39	1.0 0.04
72 108 16	1.0 0.04
72 108 20 95	0.007692307692307693 0.04
72 108 43	0.6666666666666666 0.04
72 122 20 95	0.2 0.04
72 122 57	1.0 0.04
72 124 59	0.5 0.04
