98 30 15 80	0.0025252525252525255 0.022727272727272728
98 30 85 40	0.001282051282051282 0.011363636363636364
98 30 95	0.01675041876046901 0.45454545454545453
98 30 95 27	0.0014101531023368251 0.03409090909090909
98 30 95 33	0.003048780487804878 0.011363636363636364
98 30 95 92	0.0014241150142411502 0.03409090909090909
98 30 95 117	0.002890173410404624 0.011363636363636364
98 33 119	1.0 0.45454545454545453
98 52 117	0.21568627450980393 0.125
98 52 117 27	0.011904761904761904 0.011363636363636364
98 52 117 92	0.011904761904761904 0.011363636363636364
119	1.0 1.0
119 15 80	0.004672897196261682 0.03409090909090909
119 15 80 27	0.002663115845539281 0.011363636363636364
119 15 80 92	0.0026869682042095834 0.011363636363636364
119 15 80 95	0.015024630541871921 0.38636363636363635
119 15 100 40	0.00033277870216306157 0.011363636363636364
119 19 84	0.42857142857142855 0.06818181818181818
119 27 15 80	0.0033624747814391394 0.022727272727272728
119 27 27	0.3548387096774194 0.03409090909090909
119 27 27 27	0.18518518518518517 0.022727272727272728
119 27 27 92	0.18604651162790697 0.022727272727272728
119 27 30 95	0.01675041876046901 0.45454545454545453
119 27 52 117	0.28846153846153844 0.14772727272727273
119 27 92	0.35294117647058826 0.045454545454545456
119 27 92 27	0.1762114537444934 0.022727272727272728
119 27 92 92	0.17937219730941703 0.022727272727272728
119 30 15 80	0.00146768682931524 0.03409090909090909
119 30 18 95	0.0057622549684749474 0.4318181818181818
119 30 27 95	0.009292216127902906 0.4318181818181818
119 30 83 95	0.0057543428576590575 0.4318181818181818
119 30 85 40	0.0003710368625122906 0.011363636363636364
119 30 92 95	0.00898068518257437 0.4318181818181818
119 30 95	0.017281763128193302 1.0
119 30 95 27	0.0009058288024737361 0.03409090909090909
119 30 95 33	0.004550727224056393 0.022727272727272728
119 30 95 92	0.0009151109780040598 0.03409090909090909
119 30 95 98	0.021760633036597428 0.011363636363636364
119 30 95 117	0.003948753948753949 0.022727272727272728
119 33	0.16666666666666666 0.011363636363636364
119 33 30 95	0.08527131782945736 0.13636363636363635
119 33 52 117	1.0 0.13636363636363635
119 33 54 119	1.0 0.13636363636363635
119 33 98	0.5 0.06818181818181818
119 33 98 33	0.041666666666666664 0.011363636363636364
119 49 114	0.08695652173913043 0.022727272727272728
119 52 27 117	0.5 0.011363636363636364
119 52 30 95	0.01256281407035176 0.2840909090909091
119 52 52 117	0.06153846153846154 0.045454545454545456
119 52 92 117	0.5 0.011363636363636364
119 52 117	0.38061674008810575 0.5568181818181818
119 52 117 27	0.007503862282056941 0.022727272727272728
119 52 117 33	0.4266666666666667 0.022727272727272728
119 52 117 92	0.007528786536758193 0.022727272727272728
119 52 117 98	0.2857142857142857 0.011363636363636364
119 52 117 117	0.2857142857142857 0.011363636363636364
119 54 119	1.0 1.0
119 54 119 33	0.15384615384615385 0.011363636363636364
119 54 119 98	0.23076923076923078 0.011363636363636364
119 92 15 80	0.0033624747814391394 0.022727272727272728
119 92 27	0.37037037037037035 0.03409090909090909
119 92 27 27	0.18226600985221675 0.022727272727272728
119 92 27 92	0.18316831683168316 0.022727272727272728
119 92 30 95	0.01675041876046901 0.45454545454545453
119 92 52 117	0.28846153846153844 0.14772727272727273
119 92 92	0.37037037037037035 0.03409090909090909
119 92 92 27	0.18226600985221675 0.022727272727272728
119 92 92 92	0.18316831683168316 0.022727272727272728
119 98	0.3333333333333333 0.011363636363636364
119 98 30 95	0.020254169976171566 0.3522727272727273
119 98 33	1.0 0.022727272727272728
119 98 33 98	0.2 0.011363636363636364
119 98 52 117	0.64 0.25
119 98 54 119	1.0 0.13636363636363635
119 105 20 95	0.01675041876046901 0.22727272727272727
119 105 35 80	0.004201680672268907 0.022727272727272728
119 105 40	1.0 0.011363636363636364
