1 66 15	0.76 0.014161220043572984
1 66 20 15	0.510548523206751 0.010893246187363835
1 66 35	0.4338235294117647 0.00980392156862745
1 66 83 15	0.05134474327628362 0.008714596949891068
14 20 85 35	0.9826689774696707 0.004357298474945534
14 35	0.6 0.0032679738562091504
14 35 100 35	0.7229795520934762 0.014161220043572984
14 40 105 35	0.9166666666666666 0.002178649237472767
14 46 111 35	0.11623467952581877 0.014161220043572984
14 79 30 15	0.6666666666666666 0.002178649237472767
14 79 116 35	0.3769230769230769 0.0010893246187363835
15	1.0 1.0
15 80 14 35	0.03770949720670391 0.04793028322440087
15 80 15	0.9547304072443737 1.0
15 80 18 15	0.33166027346408467 0.7919389978213508
15 80 27 15	0.9873938892333111 0.8518518518518519
15 80 28 15	1.0 0.5185185185185185
15 80 30 15	0.5095725034654102 0.8627450980392157
15 80 30 56	1.3526308670363858e-05 0.0032679738562091504
15 80 33 15	1.0 0.7080610021786492
15 80 34 15	0.8912087912087913 0.818082788671024
15 80 37	0.3333333333333333 0.014161220043572984
15 80 45 15	1.0 0.5185185185185185
15 80 51 15	0.20705521472392638 0.046840958605664486
15 80 52 15	0.9342991913746631 0.7810457516339869
15 80 56	0.002559726962457338 0.0032679738562091504
15 80 66 35	0.96 0.037037037037037035
15 80 77 35	0.7083922853525951 0.8104575163398693
15 80 83 15	0.33143362559606215 0.7919389978213508
15 80 85 35	0.7551666483365794 0.9466230936819172
15 80 86 35	0.7659574468085106 0.037037037037037035
15 80 86 38	0.9596 0.7374727668845316
15 80 92 15	0.9894795352134227 0.8518518518518519
15 80 93 15	1.0 0.5185185185185185
15 80 93 38	1.0 0.1895424836601307
15 80 95 15	0.7102395303834153 0.8572984749455338
15 80 95 35	0.884 0.05337690631808279
15 80 95 38	0.6463254593175853 0.7145969498910676
15 80 98 15	1.0 0.7080610021786492
15 80 99 15	0.7263770712046574 0.8191721132897604
15 80 99 56	0.006263048016701462 0.0032679738562091504
15 80 102 35	1.0 0.5185185185185185
15 80 104 35	0.8852483649841865 0.8442265795206971
15 80 105 35	0.9368664437245271 0.8681917211328976
15 80 110 15	1.0 0.5185185185185185
15 80 116 15	0.2854122621564482 0.05337690631808279
15 80 116 35	0.3933810375670841 0.06100217864923747
15 80 117 15	0.9321008403361345 0.7843137254901961
15 80 118 35	0.46078431372549017 0.05119825708061002
15 80 122 35	0.6695804195804196 0.7113289760348583
15 80 126 38	0.9622641509433962 0.04793028322440087
15 85 20	1.0 0.5185185185185185
15 85 35	1.0 0.5185185185185185
15 87 22	1.0 0.006535947712418301
15 100 8 35	0.8820553588205536 0.7407407407407407
15 100 12 15	0.5203194224142647 0.8257080610021786
15 100 20	0.0005435185978133653 0.5185185185185185
15 100 20 15	0.5621503031785298 0.94880174291939
15 100 20 56	0.00011773293461112812 0.0032679738562091504
15 100 21 15	0.3850267379679144 0.05228758169934641
15 100 23 35	0.9315956882841492 0.7636165577342048
15 100 30 15	0.4878587196467991 0.054466230936819175
15 100 35	0.9438569162479831 0.9989106753812637
15 100 37	0.0037328782776956714 0.5272331154684096
15 100 39 15	0.7860088056467958 0.8376906318082789
15 100 40 15	0.8606727549832591 0.869281045751634
15 100 43 15	0.9010791366906474 0.5708061002178649
15 100 43 35	1.0 0.5185185185185185
15 100 43 38	0.9956521739130435 0.16775599128540306
15 100 44 35	0.41830688375927455 0.7265795206971678
15 100 50 35	0.6945303440278314 0.7254901960784313
15 100 51 15	0.2533410138248848 0.046840958605664486
15 100 53 15	0.9591836734693877 0.037037037037037035
15 100 57 15	0.31054054054054053 0.710239651416122
15 100 58 35	0.9356587213389881 0.7810457516339869
15 100 67 38	1.0 0.002178649237472767
15 100 73 35	0.8820553588205536 0.7407407407407407
15 100 79 38	0.5697463768115942 0.6840958605664488
15 100 88 35	0.9315956882841492 0.7636165577342048
15 100 96 38	1.0 0.03376906318082789
15 100 108 35	1.0 0.5185185185185185
15 100 109 35	0.35476119593416405 0.7287581699346405
15 100 115 35	0.6945303440278314 0.7254901960784313
15 100 123 35	0.915051235416759 0.7810457516339869
15 102 15	1.0 0.014161220043572984
15 102 35	0.9441233140655106 0.5272331154684096
15 102 37	0.9387040280210157 0.5773420479302832
15 102 40 15	0.2 0.008714596949891068
15 103 2 35	1.0 0.002178649237472767
15 103 14 35	0.9501510574018127 0.6840958605664488
15 103 21 15	0.9634538152610441 0.761437908496732
15 103 28 15	1.0 0.1895424836601307
15 103 30 15	0.8113673805601318 0.7352941176470589
15 103 31 35	1.0 0.03376906318082789
15 103 38	0.8449034879783272 0.8278867102396514
15 103 61 15	0.6986301369863014 0.05555555555555555
15 103 108 35	0.9308943089430894 0.16775599128540306
15 116 51	1.0 0.007625272331154684
15 121 15	1.0 0.0032679738562091504
15 121 56	1.0 0.0032679738562091504
15 121 85 35	1.0 0.0032679738562091504
15 121 95 15	1.0 0.0032679738562091504
18 15	0.14498644986449866 0.0457516339869281
18 15 80 15	0.19930323299888517 0.06427015250544663
18 15 100 35	0.17919572479638282 0.07080610021786492
18 18 15	0.11685068551444205 0.08278867102396514
18 18 18 15	0.23810391291793098 0.08278867102396514
18 18 18 56	0.012547511857729537 0.0010893246187363835
18 18 27 15	0.17049874175459667 0.07952069716775599
18 18 27 56	0.0036669842783050165 0.0010893246187363835
18 18 30 15	0.008740827321805908 0.007625272331154684
18 18 34 15	0.14913187333661618 0.037037037037037035
18 18 56	0.012343747504920058 0.0010893246187363835
18 18 77 35	0.20244751148459902 0.04793028322440087
18 18 83 15	0.23484455017614878 0.08278867102396514
18 18 83 56	0.01679932693382176 0.0010893246187363835
18 18 85 35	0.2630681328960057 0.08278867102396514
18 18 86 38	0.13988620597951804 0.026143790849673203
18 18 92 15	0.1718760317613623 0.07952069716775599
18 18 95 15	0.0399064182168839 0.054466230936819175
18 18 104 35	0.08757306124954195 0.049019607843137254
18 18 105 35	0.09000572648659247 0.03159041394335512
18 18 117 15	0.5340270084045703 0.023965141612200435
18 19 84 15	0.17217886783104175 0.037037037037037035
18 27 15	0.10644437319653735 0.06971677559912855
18 27 18 15	0.06996533331447222 0.0784313725490196
18 27 18 56	0.07401179938977176 0.0010893246187363835
18 27 27 15	0.08181871828160038 0.07298474945533769
18 27 83 15	0.06945292100219398 0.0784313725490196
18 27 85 22	8.130742336775348e-05 0.0010893246187363835
18 27 85 35	0.071368758523339 0.07516339869281045
18 27 92 15	0.07661324877881566 0.07407407407407407
18 27 95 15	0.09676226077137239 0.042483660130718956
18 30 15	0.14473684210526316 0.0054466230936819175
18 30 30 15	0.24444444444444444 0.0054466230936819175
18 34 15	0.18226600985221675 0.02287581699346405
18 34 30 15	0.10730593607305935 0.0392156862745098
18 34 77 35	0.06407165001722356 0.037037037037037035
18 34 99 15	0.11147540983606558 0.042483660130718956
18 34 104 35	0.06838389620301469 0.05228758169934641
18 34 105 35	0.0708594881699662 0.04139433551198257
18 45 108 35	0.05572574762946754 0.046840958605664486
18 45 110 15	0.0932561974952327 0.08278867102396514
18 51 116 35	0.08674101610904585 0.006535947712418301
18 77 20 15	0.0815347721822542 0.03594771241830065
18 77 35	0.07073170731707316 0.032679738562091505
18 83 15	0.10965413448716509 0.08387799564270153
18 83 18 15	0.21600748531691374 0.08278867102396514
18 83 18 56	0.016468943309758094 0.0010893246187363835
18 83 27 15	0.20477018268675343 0.07952069716775599
18 83 34 15	0.1411730378382116 0.037037037037037035
18 83 56	0.012343084756487715 0.0010893246187363835
18 83 77 35	0.1929330702725811 0.04793028322440087
18 83 83 15	0.2147430025080305 0.08278867102396514
18 83 83 56	0.0224405819319253 0.0010893246187363835
18 83 85 35	0.24567311814497853 0.08278867102396514
18 83 86 38	0.13266695205844575 0.026143790849673203
18 83 92 15	0.2135771061484166 0.07952069716775599
18 83 95 15	0.03955783339560496 0.05664488017429194
18 83 95 37	0.001557401758802822 0.007625272331154684
18 83 104 35	0.0814586396442315 0.049019607843137254
18 83 117 15	0.5073607272987074 0.026143790849673203
18 85 20 15	0.05864506132791928 0.07080610021786492
18 85 22	0.00030303030303030303 0.0010893246187363835
18 85 35	0.07421858785438545 0.05991285403050109
18 85 39 15	0.07292341883507732 0.04357298474945534
18 85 40 15	0.0806959975821424 0.04793028322440087
18 86 2 35	0.08527643349464731 0.03594771241830065
18 86 21 15	0.0696686106966861 0.05664488017429194
18 86 38	0.05732484076433121 0.013071895424836602
18 86 61 15	0.08468626590609916 0.0457516339869281
18 92 15	0.10909631391200951 0.06971677559912855
18 92 18 15	0.08985461653453937 0.0784313725490196
18 92 27 15	0.0916139625395281 0.07298474945533769
18 92 77 35	0.0778255768478686 0.030501089324618737
18 92 83 15	0.08674444837530931 0.0784313725490196
18 92 85 35	0.07145100872474261 0.07516339869281045
18 92 92 15	0.08625053413535812 0.07298474945533769
18 92 95 15	0.097656326739092 0.042483660130718956
18 95 15	0.10867364157948026 0.034858387799564274
18 95 28 15	0.05238095238095238 0.010893246187363835
18 95 30 15	0.08786780383795309 0.06427015250544663
18 95 37	0.02247191011235955 0.004357298474945534
18 95 91 35	0.17616580310880828 0.007625272331154684
18 95 99 15	0.09194630872483221 0.0392156862745098
18 95 104 35	0.06526275848985012 0.05119825708061002
18 95 105 35	0.07052154195011338 0.046840958605664486
18 95 108 35	0.05251396648044693 0.023965141612200435
18 95 110 35	0.07150686698046296 0.044662309368191724
18 104 35	0.05276073619631902 0.0196078431372549
18 105 35	0.07803468208092486 0.016339869281045753
18 105 40 15	0.13241723922548407 0.03594771241830065
18 117 15	0.058823529411764705 0.008714596949891068
18 117 105 35	0.04891304347826087 0.029411764705882353
18 123 35	0.0625 0.0010893246187363835
18 126 21 15	0.07569011576135352 0.04030501089324619
19 84 15	0.36707663197729423 0.0457516339869281
19 84 18 15	0.15172677531329057 0.037037037037037035
19 84 27 15	0.4071381361533377 0.03594771241830065
19 84 30 15	0.22780569514237856 0.032679738562091505
19 84 77 35	0.10358565737051793 0.027233115468409588
19 84 83 15	0.1500555352424579 0.037037037037037035
19 84 85 35	0.10904914193054367 0.0392156862745098
19 84 92 15	0.41102106969205837 0.03594771241830065
19 84 95 15	0.2700228832951945 0.034858387799564274
19 84 105 35	0.041146216017634095 0.023965141612200435
19 121 15	0.047619047619047616 0.004357298474945534
19 121 18 15	0.15922619047619047 0.030501089324618737
19 121 83 15	0.15922619047619047 0.030501089324618737
27 1 66 35	0.2032442748091603 0.00980392156862745
27 15	0.9140866873065016 0.5130718954248366
27 15 80 15	0.9426212209148948 0.5392156862745098
27 15 85 20	0.9868891537544696 0.36056644880174293
27 15 85 35	0.9868891537544696 0.36056644880174293
27 15 100 20	0.0005295763261473834 0.36056644880174293
27 15 100 35	0.9301621070768938 0.55119825708061
27 15 100 37	0.003786933944080365 0.36492374727668847
27 15 102 35	0.9800469483568075 0.36492374727668847
27 15 102 37	0.9699769053117783 0.37037037037037035
27 15 103 38	0.7198784411869861 0.49019607843137253
27 18 15	0.11310592459605028 0.06753812636165578
27 18 18 15	0.054833522201731 0.07407407407407407
27 18 18 56	3.759011097072705e-09 0.0010893246187363835
27 18 27 15	0.11438308283816848 0.06753812636165578
27 18 56	0.0014619883040935672 0.0010893246187363835
27 18 83 15	0.055346799256345953 0.07407407407407407
27 18 85 35	0.08049268585212686 0.06971677559912855
27 18 92 15	0.11753278290432248 0.06753812636165578
27 18 95 15	0.13550150166400607 0.04139433551198257
27 18 105 35	0.1065891472868217 0.02832244008714597
27 18 117 15	0.06611570247933884 0.011982570806100218
27 19 84 15	0.29238329238329236 0.03159041394335512
27 27 15	0.9164179104477612 0.593681917211329
27 27 18 15	0.0651353613523786 0.0784313725490196
27 27 27 15	0.8893262415764627 0.5675381263616558
27 27 30 15	0.5003955348510152 0.48366013071895425
27 27 34 15	0.4175824175824176 0.0392156862745098
27 27 52 15	0.868421052631579 0.020697167755991286
27 27 83 15	0.06517381279804055 0.0784313725490196
27 27 85 35	0.3977146280920996 0.10239651416122005
27 27 92 15	0.9076899427385573 0.565359477124183
27 27 95 15	0.4530760942069886 0.05337690631808279
27 27 95 38	0.4717948717948718 0.0196078431372549
27 27 104 35	0.8155024367602692 0.18191721132897604
27 27 105 35	0.8605817452357071 0.3311546840958606
27 27 110 15	0.7789473684210526 0.0054466230936819175
27 27 117 15	0.6153846153846154 0.06209150326797386
27 30 15	0.5019716088328076 0.47058823529411764
27 30 18 15	0.0708102976489641 0.45860566448801743
27 30 27 15	0.6327172630751081 0.46296296296296297
27 30 83 15	0.07080634353361626 0.45860566448801743
27 30 85 35	0.7005615854691388 0.4738562091503268
27 30 92 15	0.6611961495976014 0.46296296296296297
27 30 95 15	0.6848310537688699 0.47276688453159044
27 30 104 35	0.7758276824890307 0.369281045751634
27 34 15	0.5208333333333334 0.026143790849673203
27 34 30 15	0.30603448275862066 0.04139433551198257
27 34 52 15	0.21551724137931033 0.018518518518518517
27 34 99 15	0.288135593220339 0.0457516339869281
27 34 104 35	0.4154141908423628 0.044662309368191724
27 34 105 35	0.42013071895424836 0.042483660130718956
27 45 108 35	0.0854320987654321 0.04357298474945534
27 45 110 15	0.11547705948332651 0.07625272331154684
27 45 110 56	0.0006156552330694811 0.0010893246187363835
27 51 116 35	0.2833158447009444 0.0054466230936819175
27 52 27 15	0.7674418604651163 0.00980392156862745
27 52 98 15	1.0 0.014161220043572984
27 52 117 15	0.9995642226822093 0.3474945533769063
27 56 104 35	0.5 0.004357298474945534
27 77 12 15	0.511520737327189 0.0915032679738562
27 77 35	0.3551020408163265 0.06427015250544663
27 77 40 15	0.8591549295774648 0.044662309368191724
27 77 123 35	1.0 0.0032679738562091504
27 83 15	0.11324722138780415 0.06862745098039216
27 83 18 15	0.08260188177744016 0.07407407407407407
27 83 77 35	0.08453873352619737 0.042483660130718956
27 83 83 15	0.0845473691434806 0.07407407407407407
27 83 85 35	0.08020518543667454 0.07080610021786492
27 83 92 15	0.12409913051564607 0.06753812636165578
27 83 95 15	0.13549050376061902 0.044662309368191724
27 83 105 35	0.10664112388250319 0.02832244008714597
27 85 20 15	0.3292803970223325 0.07625272331154684
27 85 23 35	0.36977491961414793 0.023965141612200435
27 85 35	0.45866789522179807 0.06209150326797386
27 85 39 15	0.5303199820989035 0.04030501089324619
27 85 40 15	0.5670607419486343 0.042483660130718956
27 85 43 38	0.5434782608695652 0.00980392156862745
27 85 44 35	0.263681592039801 0.02287581699346405
27 85 58 35	0.4717948717948718 0.018518518518518517
27 85 73 35	0.35843373493975905 0.02505446623093682
27 85 123 35	0.4423076923076923 0.029411764705882353
27 86 2 35	0.4087114337568058 0.023965141612200435
27 86 21 15	0.3802197802197802 0.04030501089324619
27 86 35	0.5238095238095238 0.004357298474945534
27 86 38	0.4 0.011982570806100218
27 92 15	0.9181877444589309 0.6034858387799564
27 92 18 15	0.07446116642698153 0.07952069716775599
27 92 27 15	0.9137951544470438 0.5740740740740741
27 92 30 15	0.5012620767690835 0.4923747276688453
27 92 34 15	0.47023809523809523 0.037037037037037035
27 92 77 35	0.3922018348623853 0.11002178649237472
27 92 83 15	0.07537965438359562 0.07952069716775599
27 92 85 35	0.42279236655764774 0.10239651416122005
27 92 92 15	0.9183613796997409 0.5664488017429193
27 92 95 15	0.4990855052583448 0.05337690631808279
27 92 104 35	0.8245688737492016 0.1840958605664488
27 92 105 35	0.863550340651022 0.3344226579520697
27 92 117 15	0.6203007518796992 0.06427015250544663
27 95 2 35	0.41379310344827586 0.0032679738562091504
27 95 15	0.6809923130677847 0.03376906318082789
27 95 21 15	0.2182741116751269 0.013071895424836602
27 95 27 15	0.6425473918969149 0.018518518518518517
27 95 30 15	0.45029838022165386 0.07298474945533769
27 95 52 15	0.5973207249802994 0.04357298474945534
27 95 56 35	0.37037037037037035 0.00980392156862745
27 95 92 15	0.6423544995446643 0.020697167755991286
27 95 99 15	0.2714285714285714 0.044662309368191724
27 95 104 35	0.4584917617237009 0.054466230936819175
27 95 105 35	0.45498535591493694 0.046840958605664486
27 95 110 35	0.24871435250116877 0.02832244008714597
27 98 15	1.0 0.023965141612200435
27 98 33 15	1.0 0.02287581699346405
27 99 15	0.7 0.007625272331154684
27 99 85 35	0.8789359391965255 0.007625272331154684
27 99 95 15	0.8422939068100358 0.015250544662309368
27 104 20 15	0.5198918501351874 0.1318082788671024
27 104 35	0.8285256410256411 0.1111111111111111
27 104 39 15	0.9061333333333333 0.1328976034858388
27 104 40 15	0.9445324881141046 0.08496732026143791
27 105 20 15	0.5140487021675141 0.2374727668845316
27 105 35	0.8728693181818182 0.2222222222222222
27 105 39 15	0.9259259259259259 0.12854030501089325
27 105 40 15	0.9295566502463054 0.2233115468409586
27 110 15	0.8 0.0032679738562091504
27 110 92 15	0.5606060606060606 0.002178649237472767
27 110 105 35	0.3333333333333333 0.0010893246187363835
27 117 15	0.5573770491803278 0.03376906318082789
27 117 30 15	0.4553719008264463 0.08387799564270153
27 117 52 15	0.7486772486772487 0.07298474945533769
27 117 77 35	0.35555555555555557 0.014161220043572984
27 117 104 35	0.4206966520121745 0.027233115468409588
27 117 105 35	0.3990719257540603 0.017429193899782137
27 126 21 15	0.42618384401114207 0.03159041394335512
27 126 61 15	0.5132450331125827 0.054466230936819175
28 15	1.0 0.0010893246187363835
28 15 100 35	0.9500371931564592 0.0010893246187363835
28 30 18 15	0.16666666666666666 0.0010893246187363835
28 30 85 35	0.8023255813953488 0.0010893246187363835
28 95 104 35	0.967605633802817 0.002178649237472767
30 1 66 15	0.4878048780487805 0.014161220043572984
30 1 66 35	0.7081218274111675 0.013071895424836602
30 14 79 15	0.5 0.002178649237472767
30 15	0.526573998364677 0.6753812636165577
30 15 80 15	0.6719419754960931 0.6808278867102396
30 15 85 20	0.8327137546468402 0.4869281045751634
30 15 85 35	0.8327137546468402 0.4869281045751634
30 15 100 35	0.7295584198652496 0.681917211328976
30 15 100 37	0.002955879156705064 0.5174291938997821
30 15 102 35	0.8021201413427562 0.4934640522875817
30 15 102 37	0.8079470198675497 0.528322440087146
30 15 103 38	0.4695083350917915 0.6579520697167756
30 18 15	0.07229866907286261 0.6100217864923747
30 18 18 15	0.07380138202322678 0.6612200435729847
30 18 18 56	0.0009928995035169508 0.0010893246187363835
30 18 27 15	0.10650584454896847 0.6241830065359477
30 18 77 35	0.18314763231197773 0.6111111111111112
30 18 83 15	0.0674545317151585 0.6612200435729847
30 18 83 56	0.0011833063307670358 0.0010893246187363835
30 18 85 35	0.14043943163471095 0.659041394335512
30 18 86 38	0.15053091817613992 0.5915032679738562
30 18 92 15	0.10322450262720619 0.6241830065359477
30 18 95 15	0.06130785221926401 0.12200435729847495
30 18 95 38	0.04523107177974434 0.09912854030501089
30 18 104 35	0.20719850621337968 0.5925925925925926
30 18 105 35	0.3003003003003003 0.4989106753812636
30 19 84 15	0.23114593535749264 0.03159041394335512
30 27 15	0.6235440931780366 0.6100217864923747
30 27 18 15	0.09011270765450563 0.6241830065359477
30 27 27 15	0.3749330476700589 0.664488017429194
30 27 77 35	0.24498886414253898 0.5915032679738562
30 27 83 15	0.08922339337963126 0.6241830065359477
30 27 85 35	0.29635155871426266 0.6132897603485838
30 27 86 38	0.12403100775193798 0.10021786492374728
30 27 92 15	0.35119459373170864 0.664488017429194
30 27 95 15	0.24392092465104528 0.6056644880174292
30 27 95 38	0.10666666666666667 0.09912854030501089
30 27 104 35	0.5657370517928287 0.5893246187363834
30 27 105 35	0.6008082622361922 0.49019607843137253
30 27 108 35	0.2059231837112448 0.48474945533769065
30 30 15	0.9473684210526315 0.010893246187363835
30 30 85 35	0.8366174055829229 0.00980392156862745
30 30 95 15	0.9310344827586207 0.011982570806100218
30 33 98 15	0.7241379310344828 0.011982570806100218
30 34 15	0.819047619047619 0.5435729847494554
30 34 27 15	0.8207217694994179 0.5206971677559913
30 34 30 15	0.5154950869236583 0.6612200435729847
30 34 52 15	0.5714285714285714 0.016339869281045753
30 34 77 35	0.45746023731380964 0.5599128540305011
30 34 92 15	0.8207217694994179 0.5206971677559913
30 34 99 15	0.547455295735901 0.6633986928104575
30 34 104 35	0.7822164948453608 0.6623093681917211
30 34 105 35	0.8223344911061994 0.5642701525054467
30 34 108 35	0.8348968105065666 0.48366013071895425
30 34 126 38	1.0 0.030501089324618737
30 45 92 15	0.9 0.00980392156862745
30 45 108 35	0.2680509413067553 0.6481481481481481
30 45 110 15	0.09530260578630294 0.6633986928104575
30 45 110 56	0.00012572093096349378 0.0010893246187363835
30 51 116 15	0.2549019607843137 0.010893246187363835
30 51 116 35	0.08004640371229699 0.010893246187363835
30 52 15	1.0 0.0010893246187363835
30 56	0.0018656716417910447 0.0010893246187363835
30 56 66 35	0.62 0.002178649237472767
30 56 100 35	0.6585365853658537 0.0010893246187363835
30 56 117 15	0.8345864661654135 0.48366013071895425
30 56 121 15	0.50187265917603 0.5838779956427015
30 77 12 15	0.5011928794274179 0.6002178649237473
30 77 20 15	0.4908112953832362 0.5925925925925926
30 77 35	0.36 0.00980392156862745
30 83 15	0.07258791704238052 0.6100217864923747
30 83 18 15	0.08236309673782186 0.6612200435729847
30 83 18 56	0.00018731112232723906 0.0010893246187363835
30 83 27 15	0.11752374217013538 0.6241830065359477
30 83 30 15	0.02342606149341142 0.004357298474945534
30 83 34 15	0.03909673070441524 0.10784313725490197
30 83 77 35	0.18300046446818394 0.6111111111111112
30 83 83 15	0.08363482782924975 0.6612200435729847
30 83 83 56	0.00018428939152446102 0.0010893246187363835
30 83 85 35	0.1399709906668123 0.659041394335512
30 83 86 38	0.15035401915868388 0.5904139433551199
30 83 92 15	0.11374984776519304 0.6241830065359477
30 83 95 15	0.0613011450660054 0.12527233115468409
30 83 104 35	0.20704080319217402 0.5925925925925926
30 83 105 35	0.3002001334222815 0.4989106753812636
30 85 8 35	0.7413441955193483 0.6339869281045751
30 85 12 15	0.6470295386657816 0.6427015250544662
30 85 20 15	0.4983658922118943 0.6742919389978214
30 85 20 56	3.469959787021579e-05 0.0010893246187363835
30 85 23 35	0.8233002832861189 0.5054466230936819
30 85 35	0.7493342865388147 0.6721132897603486
30 85 39 15	0.7782717225441683 0.6481481481481481
30 85 40 15	0.7605208234247441 0.6568627450980392
30 85 43 15	0.822992700729927 0.4912854030501089
30 85 43 38	0.9423076923076923 0.016339869281045753
30 85 44 35	0.3998287671232877 0.5021786492374728
30 85 51 15	0.05564648117839607 0.00980392156862745
30 85 57 15	0.6239040147669589 0.49673202614379086
30 85 58 35	0.6367254121660034 0.5980392156862745
30 85 73 35	0.7413441955193483 0.6339869281045751
30 85 88 35	0.8233002832861189 0.5054466230936819
30 85 109 35	0.5778152678194854 0.5032679738562091
30 85 115 35	0.7755725190839695 0.5
30 85 123 35	0.7001052262364083 0.6045751633986928
30 86 2 35	0.6727253950222039 0.6056644880174292
30 86 4 35	0.7959493670886076 0.5010893246187363
30 86 21 15	0.4781688949060755 0.6492374727668845
30 86 30 15	0.5277777777777778 0.023965141612200435
30 86 31 35	0.9655172413793104 0.030501089324618737
30 86 38	0.8873239436619719 0.04793028322440087
30 86 53 15	0.6649746192893401 0.05010893246187364
30 86 61 15	0.42890625 0.05773420479302832
30 86 110 35	1.0 0.030501089324618737
30 92 15	0.6624745071380014 0.6100217864923747
30 92 18 15	0.09123009758602979 0.6241830065359477
30 92 27 15	0.33497275394718456 0.664488017429194
30 92 27 56	0.0001839587932303164 0.0010893246187363835
30 92 34 15	0.08923884514435695 0.10784313725490197
30 92 83 15	0.09057883264713006 0.6241830065359477
30 92 85 35	0.33190147526649677 0.6132897603485838
30 92 86 38	0.3556305615219392 0.5827886710239651
30 92 92 15	0.30885054454795957 0.664488017429194
30 92 95 15	0.24392092465104528 0.6045751633986928
30 92 95 38	0.2779991146525011 0.5827886710239651
30 92 104 35	0.566933638443936 0.5882352941176471
30 92 105 35	0.6014394961763383 0.4891067538126362
30 92 108 35	0.2059231837112448 0.48474945533769065
30 92 117 15	0.7136075949367089 0.4891067538126362
30 93 28 15	0.6 0.0032679738562091504
30 93 75 38	1.0 0.002178649237472767
30 93 85 35	0.8571428571428571 0.002178649237472767
30 95 14 35	0.7647058823529411 0.054466230936819175
30 95 15	0.7245523936825073 0.690631808278867
30 95 27 15	0.6604685077779673 0.6350762527233116
30 95 28 15	0.7102803738317757 0.05773420479302832
30 95 30 15	0.4965086594965156 0.681917211328976
30 95 33 15	0.43318925014095094 0.5806100217864923
30 95 38	0.8958333333333334 0.020697167755991286
30 95 52 15	0.8035270952829381 0.6198257080610022
30 95 53 15	0.6223529411764706 0.6296296296296297
30 95 56 15	0.7129503738953094 0.5958605664488017
30 95 77 35	0.5797808365628758 0.6623093681917211
30 95 81 35	0.8431661750245821 0.5021786492374728
30 95 83 15	0.1728395061728395 0.00980392156862745
30 95 85 35	0.7885174418604651 0.032679738562091505
30 95 92 15	0.6599330737757051 0.6350762527233116
30 95 95 15	0.9215686274509803 0.02178649237472767
30 95 98 15	0.6115288220551378 0.579520697167756
30 95 99 15	0.528476821192053 0.6699346405228758
30 95 104 35	0.7417034874833487 0.6633986928104575
30 95 105 35	0.7583871907839473 0.664488017429194
30 95 108 35	0.8276440962506995 0.5010893246187363
30 95 110 35	0.4534313725490196 0.023965141612200435
30 95 116 35	0.2953846153846154 0.042483660130718956
30 95 117 15	0.4332957534761368 0.5806100217864923
30 95 122 35	0.5622557230597431 0.5032679738562091
30 95 126 38	1.0 0.030501089324618737
30 104 20 15	0.5051875498802874 0.6372549019607843
30 104 35	0.8146167557932263 0.5010893246187363
30 104 39 15	0.503139627811394 0.6470588235294118
30 104 40 15	0.5833333333333334 0.0457516339869281
30 105 20 15	0.503765690376569 0.6361655773420479
30 105 35	0.2962962962962963 0.007625272331154684
30 105 40 15	0.5148259561667383 0.6546840958605664
30 108 35	0.3125 0.0054466230936819175
30 110 85 35	1.0 0.002178649237472767
30 117 15	0.78125 0.023965141612200435
30 117 30 15	0.6209677419354839 0.02505446623093682
30 117 52 15	0.6753246753246753 0.023965141612200435
30 117 77 35	0.7114093959731543 0.011982570806100218
30 117 85 35	0.69375 0.0032679738562091504
30 117 99 15	0.6311475409836066 0.017429193899782137
30 117 104 35	0.8122815776335497 0.017429193899782137
30 117 105 35	0.7175675675675676 0.016339869281045753
30 118 21 15	0.65625 0.0457516339869281
30 118 53 15	0.65625 0.0457516339869281
30 122 35	0.3 0.0032679738562091504
30 126 2 35	0.44805194805194803 0.5915032679738562
30 126 21 15	0.35825892857142855 0.15468409586056645
30 126 61 15	0.45056057303020863 0.6459694989106753
33 15	1.0 0.0054466230936819175
33 15 80 15	0.9438390611902766 0.0054466230936819175
33 15 100 35	0.9367600182149363 0.0054466230936819175
33 15 103 38	0.8076923076923077 0.004357298474945534
33 27 15	1.0 0.0032679738562091504
33 27 27 15	0.8910891089108911 0.004357298474945534
33 27 92 15	0.8846153846153846 0.004357298474945534
33 30 85 35	0.6133333333333333 0.0032679738562091504
33 30 95 15	0.6115288220551378 0.0032679738562091504
33 92 15	1.0 0.006535947712418301
33 92 27 15	0.89 0.007625272331154684
33 92 83 15	0.2796610169491525 0.0032679738562091504
33 92 85 35	0.24774774774774774 0.0032679738562091504
33 92 92 15	0.8857142857142857 0.007625272331154684
33 93 30 15	1.0 0.0010893246187363835
33 95 15	1.0 0.0032679738562091504
33 95 30 15	0.3225806451612903 0.0032679738562091504
33 98 15	0.8649789029535865 0.06427015250544663
33 98 18 15	0.16763931799977114 0.027233115468409588
33 98 27 15	0.6654676258992805 0.044662309368191724
33 98 30 15	0.6512820512820513 0.03812636165577342
33 98 77 35	0.171875 0.00980392156862745
33 98 92 15	0.6654611211573237 0.044662309368191724
33 98 95 38	0.3333333333333333 0.0032679738562091504
33 98 105 35	0.5396825396825397 0.030501089324618737
33 105 35	0.7222222222222222 0.002178649237472767
33 117 95 38	1.0 0.0010893246187363835
34 15	0.9642857142857143 0.029411764705882353
34 15 80 15	0.8171284634760705 0.03376906318082789
34 15 100 35	0.81826896740619 0.034858387799564274
34 30 15	0.684931506849315 0.09586056644880174
34 30 18 15	0.08902275769745649 0.04357298474945534
34 30 27 15	0.2645631067961165 0.0457516339869281
34 30 30 15	0.6086956521739131 0.011982570806100218
34 30 77 35	0.30303030303030304 0.011982570806100218
34 30 83 15	0.09145527369826435 0.044662309368191724
34 30 85 35	0.6921844971172325 0.0915032679738562
34 30 85 37	0.0003996802557953637 0.0010893246187363835
34 30 95 15	0.9151376146788991 0.06427015250544663
34 30 117 15	0.5540540540540541 0.02178649237472767
34 52 15	0.703125 0.05337690631808279
34 52 18 15	0.03184713375796178 0.010893246187363835
34 52 27 15	0.2222222222222222 0.015250544662309368
34 52 30 15	0.3333333333333333 0.0032679738562091504
34 52 34 15	0.9428571428571428 0.016339869281045753
34 52 51 15	1.0 0.0010893246187363835
34 52 77 35	0.35135135135135137 0.0054466230936819175
34 52 83 15	0.0397489539748954 0.011982570806100218
34 52 85 35	0.7256024815079933 0.037037037037037035
34 52 85 37	0.0006688963210702341 0.0010893246187363835
34 52 92 15	0.2692307692307692 0.014161220043572984
34 52 95 15	0.8369565217391305 0.029411764705882353
34 52 117 15	0.8691588785046729 0.018518518518518517
34 77 12 15	0.7653846153846153 0.02505446623093682
34 77 20 15	0.5458715596330275 0.054466230936819175
34 77 35	0.6221374045801527 0.04793028322440087
34 77 44 35	0.31666666666666665 0.007625272331154684
34 93 28 15	0.8076923076923077 0.015250544662309368
34 93 30 15	0.5555555555555556 0.0457516339869281
34 93 38	0.72 0.013071895424836602
34 93 53 15	0.8125 0.007625272331154684
34 93 81 35	0.6534653465346535 0.011982570806100218
34 93 108 35	0.6619718309859155 0.00980392156862745
34 93 110 35	0.4172736732570239 0.0196078431372549
34 99 15	0.8155080213903744 0.16884531590413943
34 99 18 15	0.10841423948220065 0.04357298474945534
34 99 27 15	0.3076923076923077 0.05010893246187364
34 99 30 15	0.8082191780821918 0.026143790849673203
34 99 34 15	0.9259259259259259 0.029411764705882353
34 99 83 15	0.10976594027441484 0.042483660130718956
34 99 85 35	0.7968348170128585 0.10348583877995643
34 99 85 37	0.000552791597567717 0.0010893246187363835
34 99 86 38	0.8157894736842105 0.0196078431372549
34 99 92 15	0.31954887218045114 0.04793028322440087
34 99 95 15	0.9429569266589057 0.05555555555555555
34 99 95 38	0.8181818181818182 0.020697167755991286
34 99 117 15	0.6538461538461539 0.017429193899782137
34 104 8 35	0.76 0.014161220043572984
34 104 20 15	0.6302123109821293 0.10457516339869281
34 104 35	0.724435196195006 0.09803921568627451
34 104 39 15	0.8505087398904253 0.02505446623093682
34 104 40 15	0.8445336008024072 0.0457516339869281
34 104 44 35	0.25925925925925924 0.015250544662309368
34 104 51 15	0.5507246376811594 0.00980392156862745
34 104 109 35	0.23076923076923078 0.011982570806100218
34 105 8 35	0.6304347826086957 0.013071895424836602
34 105 20 15	0.6001855287569573 0.11764705882352941
34 105 23 35	0.5789473684210527 0.016339869281045753
34 105 35	0.7071662422699163 0.09803921568627451
34 105 37	0.0018832391713747645 0.0010893246187363835
34 105 39 15	0.8014256619144603 0.0457516339869281
34 105 40 15	0.8659349274794198 0.029411764705882353
34 105 51 15	0.5185185185185185 0.007625272331154684
34 105 73 35	0.6304347826086957 0.013071895424836602
34 105 79 15	0.2222222222222222 0.002178649237472767
34 117 81 35	0.7192982456140351 0.016339869281045753
34 117 110 35	0.4106382978723404 0.016339869281045753
34 118 20 15	0.8 0.004357298474945534
34 118 21 15	0.6702127659574468 0.026143790849673203
34 118 30 15	0.5407407407407407 0.034858387799564274
34 118 53 15	0.8645833333333334 0.015250544662309368
34 121 18 15	0.29411764705882354 0.002178649237472767
34 122 20 15	0.5714285714285714 0.014161220043572984
34 122 35	0.8076923076923077 0.015250544662309368
34 122 57 15	0.9375 0.011982570806100218
34 126 21 15	0.7477876106194691 0.03376906318082789
34 126 38	1.0 0.0010893246187363835
34 126 61 15	0.7759562841530054 0.018518518518518517
37	0.3333333333333333 0.0010893246187363835
37 80 15	0.6190476190476191 0.0010893246187363835
37 80 18 15	0.2 0.0010893246187363835
37 80 37	0.3333333333333333 0.0010893246187363835
37 80 85 35	0.84251968503937 0.0010893246187363835
37 100 20 15	0.5879120879120879 0.0010893246187363835
37 100 35	0.8163265306122449 0.0010893246187363835
45 15	1.0 0.0010893246187363835
45 15 80 15	0.967479674796748 0.0010893246187363835
45 15 100 35	0.9500371931564592 0.0010893246187363835
45 83 18 15	0.2085661080074488 0.026143790849673203
45 83 85 35	0.05402104472003006 0.02178649237472767
45 85 20 15	0.9681528662420382 0.0032679738562091504
45 85 35	0.8921568627450981 0.0032679738562091504
45 92 15	0.8 0.017429193899782137
45 93 85 35	0.8571428571428571 0.002178649237472767
45 95 30 15	0.9134615384615384 0.0032679738562091504
45 95 77 35	0.8888888888888888 0.0032679738562091504
45 95 104 35	0.968 0.0032679738562091504
45 95 105 35	0.9833333333333333 0.0032679738562091504
45 108 20 15	0.0838235294117647 0.049019607843137254
45 108 35	0.07005649717514124 0.0457516339869281
45 108 51 15	0.2711864406779661 0.017429193899782137
45 110 15	0.14615565483188336 0.09041394335511982
45 110 18 15	0.08351570103713984 0.08496732026143791
45 110 18 56	0.0031108966027229715 0.0010893246187363835
45 110 27 15	0.09950683387346766 0.08061002178649238
45 110 30 15	0.15210027100271004 0.011982570806100218
45 110 34 15	0.16755251834978485 0.037037037037037035
45 110 52 15	0.008264462809917356 0.002178649237472767
45 110 56	0.0019175455417066154 0.0010893246187363835
45 110 77 35	0.07100364613317982 0.046840958605664486
45 110 83 15	0.07994250849011805 0.08496732026143791
45 110 83 56	0.0029332589646202125 0.0010893246187363835
45 110 85 35	0.094988800781109 0.08823529411764706
45 110 86 38	0.07520833333333334 0.027233115468409588
45 110 92 15	0.10457641322137422 0.08061002178649238
45 110 95 15	0.12253640685957574 0.05773420479302832
45 110 104 35	0.08404534998356884 0.049019607843137254
45 110 105 35	0.09524473574117975 0.03159041394335512
45 110 117 15	0.09348996573666177 0.02505446623093682
51 15	0.3 0.0032679738562091504
51 15 80 15	0.225 0.006535947712418301
51 15 100 35	0.21277533039647578 0.006535947712418301
51 116 8 35	0.411214953271028 0.007625272331154684
51 116 12 15	0.116751269035533 0.008714596949891068
51 116 15	0.3230769230769231 0.037037037037037035
51 116 18 15	0.03296703296703297 0.0032679738562091504
51 116 20 15	0.18741865509761388 0.02505446623093682
51 116 23 35	0.20588235294117646 0.013071895424836602
51 116 27 15	0.12 0.006535947712418301
51 116 30 15	0.2631578947368421 0.004357298474945534
51 116 35	0.3312382149591452 0.029411764705882353
51 116 39 15	0.1623931623931624 0.011982570806100218
51 116 40 15	0.16620498614958448 0.013071895424836602
51 116 44 35	0.13402061855670103 0.0054466230936819175
51 116 51 15	0.3008130081300813 0.0054466230936819175
51 116 57 15	0.14545454545454545 0.004357298474945534
51 116 58 35	0.33980582524271846 0.013071895424836602
51 116 73 35	0.411214953271028 0.007625272331154684
51 116 79 15	0.21428571428571427 0.0032679738562091504
51 116 85 35	0.4488888888888889 0.017429193899782137
51 116 88 35	0.208955223880597 0.013071895424836602
51 116 95 15	0.28888888888888886 0.006535947712418301
51 116 109 35	0.25 0.004357298474945534
51 116 116 35	0.14634146341463414 0.004357298474945534
51 116 123 35	0.2926829268292683 0.013071895424836602
52 1 66 35	0.76875 0.0054466230936819175
52 15	0.8333333333333334 0.02287581699346405
52 15 80 15	0.8519201228878648 0.026143790849673203
52 15 100 35	0.8611116679027441 0.027233115468409588
52 15 103 38	0.6988636363636364 0.016339869281045753
52 18 18 15	0.0674068036945237 0.006535947712418301
52 18 83 15	0.06276069756964588 0.006535947712418301
52 18 85 35	0.062163446309787776 0.006535947712418301
52 27 18 15	0.07050528789659224 0.00980392156862745
52 27 27 15	0.5171339563862928 0.018518518518518517
52 27 83 15	0.0711743772241993 0.00980392156862745
52 27 85 35	0.3494347379239466 0.008714596949891068
52 27 92 15	0.521865889212828 0.018518518518518517
52 27 95 15	0.7321428571428571 0.006535947712418301
52 27 105 35	0.4666666666666667 0.0054466230936819175
52 30 27 15	0.45 0.0054466230936819175
52 30 85 35	0.3994211287988423 0.0054466230936819175
52 30 95 15	0.4332957534761368 0.006535947712418301
52 34 15	1.0 0.010893246187363835
52 34 30 15	0.5666666666666667 0.011982570806100218
52 34 52 15	0.6226415094339622 0.010893246187363835
52 34 77 35	0.7564766839378239 0.007625272331154684
52 34 99 15	0.6071428571428571 0.011982570806100218
52 34 104 35	0.8968 0.011982570806100218
52 34 105 35	0.8754789272030651 0.011982570806100218
52 34 122 35	0.7777777777777778 0.0054466230936819175
52 45 110 15	0.08846688281611857 0.007625272331154684
52 51 116 35	0.20232558139534884 0.0032679738562091504
52 83 18 15	0.07998193826319265 0.006535947712418301
52 83 83 15	0.0799829779675571 0.006535947712418301
52 83 85 35	0.019157720891824936 0.006535947712418301
52 85 8 35	0.8536585365853658 0.013071895424836602
52 85 20 15	0.5337564137186065 0.02178649237472767
52 85 35	0.9204474829086389 0.020697167755991286
52 85 39 15	0.9781931464174455 0.010893246187363835
52 85 40 15	0.9703947368421053 0.010893246187363835
52 85 44 35	0.36363636363636365 0.006535947712418301
52 85 88 35	0.8205128205128205 0.0054466230936819175
52 85 123 35	0.7391304347826086 0.004357298474945534
52 86 21 15	0.6221498371335505 0.006535947712418301
52 86 61 15	0.4375 0.0054466230936819175
52 92 15	0.5964912280701754 0.010893246187363835
52 92 27 15	0.5016393442622951 0.018518518518518517
52 92 30 15	0.4222222222222222 0.004357298474945534
52 92 83 15	0.07468354430379746 0.00980392156862745
52 92 85 35	0.14555555555555555 0.008714596949891068
52 92 92 15	0.5134228187919463 0.018518518518518517
52 93 30 15	1.0 0.0032679738562091504
52 93 38	1.0 0.002178649237472767
52 93 85 35	0.8571428571428571 0.008714596949891068
52 95 15	0.9433962264150944 0.02287581699346405
52 95 28 15	1.0 0.006535947712418301
52 95 30 15	0.6411764705882353 0.02287581699346405
52 95 52 15	0.7682926829268293 0.02287581699346405
52 95 77 35	0.812 0.018518518518518517
52 95 85 35	0.6590909090909091 0.010893246187363835
52 95 99 15	0.5540540540540541 0.014161220043572984
52 95 104 35	0.9218134034165572 0.02287581699346405
52 95 105 35	0.9267498643516007 0.02178649237472767
52 95 110 35	0.3665943600867679 0.0054466230936819175
52 95 122 35	0.9640718562874252 0.014161220043572984
52 98 15	1.0 0.00980392156862745
52 104 35	0.6923076923076923 0.004357298474945534
52 104 39 15	0.7142857142857143 0.008714596949891068
52 105 35	0.9655172413793104 0.08823529411764706
52 105 40 15	0.8125 0.00980392156862745
52 117 15	0.9989869077306733 0.4477124183006536
52 117 27 15	0.9996853141851783 0.39106753812636164
52 117 30 15	0.5004406199782282 0.41830065359477125
52 117 52 15	0.9898938858009095 0.21459694989106753
52 117 85 35	0.7530864197530864 0.011982570806100218
52 117 92 15	0.999670850208223 0.39106753812636164
52 117 95 15	0.6666666666666666 0.002178649237472767
52 117 95 38	1.0 0.002178649237472767
52 117 99 15	0.6158940397350994 0.04030501089324619
52 117 104 35	0.9033216783216783 0.3093681917211329
52 117 105 35	0.9535870949483515 0.3638344226579521
52 117 117 15	0.9714285714285714 0.037037037037037035
52 117 122 35	0.7081339712918661 0.144880174291939
52 121 85 35	0.8758762388204012 0.017429193899782137
52 121 95 15	0.8345864661654135 0.016339869281045753
52 122 57 15	1.0 0.002178649237472767
54 119 30 15	0.5304347826086957 0.0032679738562091504
56	0.1111111111111111 0.0010893246187363835
56 24 89 35	0.025210084033613446 0.0010893246187363835
56 35	0.3333333333333333 0.0010893246187363835
56 35 100 35	0.1033320853612879 0.002178649237472767
56 46 111 35	0.036460594034848394 0.002178649237472767
56 66 35	0.62 0.0010893246187363835
56 66 85 35	0.8307692307692308 0.0010893246187363835
56 80 15	1.0 0.0010893246187363835
56 100 35	0.6585365853658537 0.0010893246187363835
56 121 15	1.0 0.014161220043572984
56 121 30 15	0.42857142857142855 0.002178649237472767
56 121 52 15	0.5 0.0010893246187363835
56 121 85 35	0.9429429429429429 0.011982570806100218
77 10 75 35	0.23863636363636365 0.0054466230936819175
77 12 15	0.9230769230769231 0.06971677559912855
77 12 27 15	0.628032345013477 0.04139433551198257
77 12 85 35	0.8643225331369662 0.026143790849673203
77 12 92 15	0.6379746835443038 0.042483660130718956
77 12 104 35	0.8199228240674575 0.03376906318082789
77 12 105 35	0.8327276856688621 0.0392156862745098
77 16 81 35	0.6556233653007847 0.026143790849673203
77 20 15	0.601063829787234 0.05555555555555555
77 20 18 15	0.04447450748287816 0.044662309368191724
77 20 83 15	0.04578232433338923 0.04357298474945534
77 20 85 35	0.7809198086975865 0.05991285403050109
77 20 92 15	0.3185530921820303 0.0392156862745098
77 20 95 15	0.7207024029574861 0.0457516339869281
77 20 95 38	0.9217391304347826 0.008714596949891068
77 24 89 35	0.6878871300757055 0.013071895424836602
77 35	0.6826923076923077 0.034858387799564274
77 35 80 15	0.5450638858648943 0.04139433551198257
77 35 100 35	0.531983565846731 0.042483660130718956
77 39 15	0.9375 0.007625272331154684
77 39 104 35	0.7369255150554676 0.015250544662309368
77 40 15	0.9722222222222222 0.023965141612200435
77 40 27 15	0.9 0.0196078431372549
77 40 30 15	0.49 0.027233115468409588
77 40 85 35	0.7142857142857143 0.002178649237472767
77 40 104 35	0.7144133412745682 0.02505446623093682
77 43 81 35	0.5825688073394495 0.008714596949891068
77 46 102 35	0.10479921645445642 0.020697167755991286
77 46 111 35	0.16335810922571617 0.06318082788671024
77 51 15	0.5 0.0054466230936819175
77 51 116 35	0.24112288529466444 0.02832244008714597
77 57 122 35	0.2706422018348624 0.010893246187363835
77 67 21 15	0.5 0.002178649237472767
83 15	0.1453804347826087 0.044662309368191724
83 15 80 15	0.20011193507765496 0.06209150326797386
83 15 100 35	0.17965036716254057 0.06862745098039216
83 18 15	0.15375316103661948 0.08169934640522876
83 18 18 15	0.22298347509895952 0.08061002178649238
83 18 18 56	0.0025761489255531887 0.0010893246187363835
83 18 27 15	0.20605030859765663 0.07734204793028322
83 18 30 15	0.005152629974710698 0.007625272331154684
83 18 56	0.0024042112842650805 0.0010893246187363835
83 18 77 35	0.22854647075231074 0.046840958605664486
83 18 83 15	0.22161780375791823 0.08061002178649238
83 18 83 56	0.002833516709451371 0.0010893246187363835
83 18 85 35	0.28990120503971656 0.08061002178649238
83 18 86 38	0.13114064673619058 0.026143790849673203
83 18 92 15	0.21661064659036683 0.07734204793028322
83 18 95 15	0.022758690419272042 0.054466230936819175
83 18 95 35	0.876866696913254 0.0032679738562091504
83 18 104 35	0.1088860321209513 0.04793028322440087
83 18 105 35	0.1491868749951135 0.030501089324618737
83 19 84 15	0.17691751085383503 0.037037037037037035
83 19 121 15	0.0593607305936073 0.004357298474945534
83 27 15	0.11955815464587394 0.06753812636165578
83 27 18 15	0.10695462245754546 0.07625272331154684
83 27 27 15	0.10646338285118583 0.07080610021786492
83 27 83 15	0.10546245594637595 0.07625272331154684
83 27 85 35	0.08608522667783478 0.0718954248366013
83 27 92 15	0.1149601942642855 0.0718954248366013
83 27 95 15	0.10583280776351392 0.04139433551198257
83 27 122 35	0.030656934306569343 0.008714596949891068
83 30 15	0.14285714285714285 0.0054466230936819175
83 33 98 15	0.25511197663096397 0.03159041394335512
83 34 15	0.1791044776119403 0.02178649237472767
83 34 104 35	0.05888738127544098 0.05119825708061002
83 34 105 35	0.06207612879574754 0.04139433551198257
83 45 108 35	0.05562724014336918 0.0457516339869281
83 45 110 15	0.09391492499119555 0.08061002178649238
83 45 110 56	0.004125793062186047 0.0010893246187363835
83 51 116 35	0.08674101610904585 0.006535947712418301
83 77 12 15	0.06040268456375839 0.04030501089324619
83 77 20 15	0.07892595606183889 0.034858387799564274
83 77 35	0.06939281288723669 0.032679738562091505
83 83 15	0.1557189586544608 0.08169934640522876
83 83 18 15	0.17913207138240053 0.08061002178649238
83 83 18 56	0.001278074824464957 0.0010893246187363835
83 83 27 15	0.2418629853513514 0.07734204793028322
83 83 34 15	0.1707285780362313 0.037037037037037035
83 83 56	0.0020438224209402144 0.0010893246187363835
83 83 83 15	0.1773815054573001 0.08061002178649238
83 83 83 56	0.0010319143764853846 0.0010893246187363835
83 83 85 22	4.5982211392250645e-10 0.0010893246187363835
83 83 85 35	0.2904640259535529 0.08061002178649238
83 83 86 38	0.12595831111936107 0.026143790849673203
83 83 92 15	0.2477977084832531 0.07734204793028322
83 83 92 56	0.00031617378566175977 0.0010893246187363835
83 83 95 15	0.020397905720814288 0.054466230936819175
83 83 98 15	0.018553866633077763 0.0196078431372549
83 83 104 35	0.10770260251170155 0.04793028322440087
83 83 105 35	0.14923381117940515 0.030501089324618737
83 83 122 35	0.08581163031160755 0.007625272331154684
83 85 20 15	0.051011889117360584 0.06862745098039216
83 85 35	0.0667831489031256 0.05991285403050109
83 85 39 15	0.062122842307152544 0.04139433551198257
83 85 40 15	0.07113501224204268 0.0457516339869281
83 85 44 35	0.07077953132472502 0.017429193899782137
83 85 51 15	0.3476491862567812 0.018518518518518517
83 85 88 35	0.07157326130992572 0.03159041394335512
83 85 109 35	0.04143897996357013 0.02178649237472767
83 86 21 15	0.0677361853832442 0.05555555555555555
83 86 38	0.05448717948717949 0.011982570806100218
83 86 61 15	0.08450077829664221 0.04357298474945534
83 92 15	0.1214697843911327 0.06753812636165578
83 92 18 15	0.10443568740471579 0.07625272331154684
83 92 18 56	0.02173256394388522 0.0010893246187363835
83 92 27 15	0.09923506913798176 0.07080610021786492
83 92 83 15	0.0973950363702161 0.07625272331154684
83 92 85 35	0.08578069748848097 0.0718954248366013
83 92 92 15	0.09857650218000173 0.07080610021786492
83 92 95 15	0.10677537943357089 0.04139433551198257
83 95 15	0.10824045930428909 0.034858387799564274
83 95 21 15	0.030223390275952694 0.02287581699346405
83 95 30 15	0.08519430467829997 0.06209150326797386
83 95 37	0.022727272727272728 0.004357298474945534
83 95 52 15	0.06395182104961285 0.02505446623093682
83 95 104 35	0.05675528681575327 0.05010893246187364
83 95 105 35	0.06490620301980522 0.046840958605664486
83 95 110 35	0.06494904095714377 0.04357298474945534
83 98 15	0.35714285714285715 0.0054466230936819175
83 98 27 15	0.3548387096774194 0.011982570806100218
83 98 99 15	0.3333333333333333 0.006535947712418301
83 104 35	0.05054151624548736 0.018518518518518517
83 104 39 15	0.09142166733789771 0.030501089324618737
83 105 20 15	0.13431269674711438 0.03159041394335512
83 105 35	0.07627118644067797 0.016339869281045753
83 117 15	0.05325443786982249 0.008714596949891068
83 117 52 15	0.03619909502262444 0.014161220043572984
83 126 61 15	0.09767050238563009 0.044662309368191724
85 1 15	0.5 0.0010893246187363835
85 1 66 35	0.6675330545824387 0.05555555555555555
85 6 71 35	0.16806387225548902 0.05010893246187364
85 8 35	0.7575757575757576 0.015250544662309368
85 12 15	0.8560606060606061 0.032679738562091505
85 12 18 15	0.1380813953488372 0.020697167755991286
85 12 30 15	0.648960739030023 0.042483660130718956
85 12 77 35	0.5071090047393365 0.04357298474945534
85 12 83 15	0.13948497854077252 0.020697167755991286
85 12 85 35	0.6099590214826772 0.030501089324618737
85 12 99 15	0.6685393258426966 0.034858387799564274
85 12 104 35	0.6412001237240953 0.04030501089324619
85 12 105 35	0.6668219076005961 0.03812636165577342
85 16 81 35	0.7417803490226889 0.09694989106753812
85 16 108 35	0.6873299762690281 0.06209150326797386
85 20 14 35	0.45038167938931295 0.0032679738562091504
85 20 15	0.9504744958481613 0.1775599128540305
85 20 18 15	0.08362504024568777 0.08496732026143791
85 20 27 15	0.4745581993306669 0.08278867102396514
85 20 30 15	0.9267605633802817 0.026143790849673203
85 20 34 15	0.9648543689320388 0.034858387799564274
85 20 51 15	0.34615384615384615 0.0010893246187363835
85 20 52 15	0.8 0.0010893246187363835
85 20 56	0.012413793103448275 0.0010893246187363835
85 20 77 35	0.5015389599870403 0.0392156862745098
85 20 83 15	0.08587072205989456 0.0860566448801743
85 20 85 35	0.8835732871040511 0.1437908496732026
85 20 86 35	0.930512748669095 0.006535947712418301
85 20 86 38	0.9610826627651792 0.030501089324618737
85 20 92 15	0.4715192645492644 0.0860566448801743
85 20 95 15	0.9735039091277196 0.07516339869281045
85 20 95 37	0.09177215189873418 0.002178649237472767
85 20 95 38	0.9408500590318772 0.029411764705882353
85 20 104 35	0.7298772169167803 0.026143790849673203
85 20 105 35	0.21506849315068494 0.02832244008714597
85 20 117 15	0.9470531863919501 0.020697167755991286
85 23 20 15	0.9078947368421053 0.020697167755991286
85 23 35	0.7903225806451613 0.015250544662309368
85 24 76 38	0.9473684210526315 0.011982570806100218
85 24 89 35	0.8222470165906666 0.06427015250544663
85 35	0.8462962962962963 0.12091503267973856
85 35 80 15	0.7811341675906859 0.144880174291939
85 35 100 35	0.7646445956139787 0.14161220043572983
85 35 102 37	0.5690524193548387 0.02832244008714597
85 35 103 38	0.6700453263856668 0.06535947712418301
85 35 116 51	0.7916666666666666 0.002178649237472767
85 36 101 35	0.17071546706188115 0.06318082788671024
85 37 102 35	0.4556866048862679 0.044662309368191724
85 39 15	0.9383177570093458 0.044662309368191724
85 39 27 15	0.9688137569221801 0.020697167755991286
85 39 30 15	0.7345909190611977 0.08387799564270153
85 39 52 15	0.76071995764955 0.032679738562091505
85 39 77 35	0.6807049371517429 0.05555555555555555
85 39 85 35	0.7550276887204896 0.030501089324618737
85 39 99 15	0.7911792905081496 0.09041394335511982
85 39 104 35	0.7945098529090284 0.09694989106753812
85 39 105 35	0.8113884467141252 0.08387799564270153
85 39 105 37	0.00017107664233576643 0.0032679738562091504
85 39 118 35	0.572198275862069 0.006535947712418301
85 39 122 35	0.5683355886332883 0.026143790849673203
85 40 15	0.9526315789473684 0.05555555555555555
85 40 30 15	0.7587159130134622 0.08714596949891068
85 40 52 15	0.7413280475718533 0.03812636165577342
85 40 77 35	0.6866092144514419 0.04793028322440087
85 40 85 35	0.5064532782653588 0.03376906318082789
85 40 86 38	0.8333333333333334 0.0054466230936819175
85 40 99 15	0.7848766680145572 0.0784313725490196
85 40 104 35	0.8163669064748201 0.07625272331154684
85 40 105 35	0.812826875005765 0.08932461873638345
85 40 105 37	0.00016720171214553236 0.0032679738562091504
85 43 38	1.0 0.0054466230936819175
85 43 81 35	0.7512986190295198 0.05555555555555555
85 43 108 35	0.6858312401153596 0.05337690631808279
85 43 110 15	0.08913213448006255 0.017429193899782137
85 44 20 15	0.35185185185185186 0.011982570806100218
85 44 35	0.2972972972972973 0.011982570806100218
85 45 30 15	0.6313617606602476 0.032679738562091505
85 45 110 35	0.4547981189825619 0.06535947712418301
85 46 102 35	0.11293629657561688 0.044662309368191724
85 46 111 35	0.22920213235323675 0.16666666666666666
85 49 114 35	0.1698095417688101 0.027233115468409588
85 51 15	0.5576923076923077 0.0196078431372549
85 51 116 15	0.21042377009254748 0.054466230936819175
85 51 116 35	0.27275937566212305 0.10239651416122005
85 53 105 35	0.047619047619047616 0.002178649237472767
85 57 30 15	0.9178082191780822 0.023965141612200435
85 57 99 15	0.6956521739130435 0.011982570806100218
85 57 104 35	0.7763659466327827 0.023965141612200435
85 57 105 35	0.8193202146690519 0.02287581699346405
85 57 122 35	0.7809463119324518 0.049019607843137254
85 58 20 15	0.9702970297029703 0.030501089324618737
85 58 35	0.9107142857142857 0.016339869281045753
85 58 123 35	0.78125 0.023965141612200435
85 63 128 35	0.7120253164556962 0.0054466230936819175
85 67 4 35	0.8125 0.011982570806100218
85 67 61 15	0.7414965986394558 0.013071895424836602
85 73 8 35	0.8763250883392226 0.015250544662309368
85 73 35	0.7575757575757576 0.015250544662309368
85 73 40 15	0.8 0.0054466230936819175
85 88 20 15	0.9078947368421053 0.020697167755991286
85 88 35	0.7903225806451613 0.015250544662309368
85 88 40 15	1.0 0.0054466230936819175
85 88 123 35	1.0 0.002178649237472767
85 96 38	1.0 0.002178649237472767
85 109 35	0.29473684210526313 0.00980392156862745
85 121 56 35	0.5714285714285714 0.0032679738562091504
85 123 20 15	0.98989898989899 0.02832244008714597
85 123 35	0.82 0.018518518518518517
85 123 40 15	1.0 0.004357298474945534
85 123 123 35	1.0 0.002178649237472767
86 2 20 15	0.7258064516129032 0.02287581699346405
86 2 35	0.5977653631284916 0.015250544662309368
86 21 15	0.8818791946308725 0.0457516339869281
86 21 77 35	0.22214532871972317 0.017429193899782137
86 21 85 35	0.7432947443909436 0.042483660130718956
86 21 92 15	0.24899715556852162 0.027233115468409588
86 21 104 35	0.43346007604562736 0.014161220043572984
86 21 105 35	0.13136288998357964 0.00980392156862745
86 30 15	1.0 0.0196078431372549
86 30 18 15	0.05860349127182045 0.00980392156862745
86 30 85 35	0.9204244031830239 0.017429193899782137
86 38	0.9333333333333333 0.010893246187363835
86 38 100 35	0.9226248775710089 0.016339869281045753
86 53 104 35	0.8934147997284454 0.011982570806100218
86 61 15	0.8035714285714286 0.0196078431372549
86 61 99 15	0.7544642857142857 0.015250544662309368
86 61 104 35	0.6791709239527076 0.02287581699346405
86 61 105 35	0.7607151604212589 0.02178649237472767
86 108 35	1.0 0.002178649237472767
92 15	0.9176379176379177 0.5326797385620915
92 15 80 15	0.9420475492640872 0.5588235294117647
92 15 85 35	0.9857142857142858 0.3801742919389978
92 15 100 20	0.0005292537330605248 0.3801742919389978
92 15 100 35	0.9290698542575913 0.5708061002178649
92 15 102 35	0.9788980070339977 0.38453159041394336
92 15 102 37	0.9710982658959537 0.3899782135076253
92 15 103 38	0.719428316212595 0.5108932461873639
92 18 15	0.11597938144329897 0.06535947712418301
92 18 18 15	0.06421919420332571 0.0718954248366013
92 18 27 15	0.13818495759484029 0.06535947712418301
92 18 56	0.0015698587127158557 0.0010893246187363835
92 18 77 35	0.07880434782608696 0.03812636165577342
92 18 83 15	0.05947199516884881 0.0718954248366013
92 18 85 35	0.08313464473764169 0.06862745098039216
92 18 92 15	0.13420360631104433 0.06535947712418301
92 18 95 15	0.14755238674897836 0.04030501089324619
92 19 84 15	0.2929230769230769 0.030501089324618737
92 27 15	0.9174193548387096 0.6176470588235294
92 27 18 15	0.07482393947041374 0.07516339869281045
92 27 27 15	0.9068351208871114 0.5816993464052288
92 27 30 15	0.5003870301883547 0.5065359477124183
92 27 34 15	0.4536082474226804 0.03594771241830065
92 27 52 15	0.813953488372093 0.02178649237472767
92 27 83 15	0.07510925761946928 0.07516339869281045
92 27 85 35	0.4260322485445228 0.10130718954248366
92 27 92 15	0.9115060405952344 0.5904139433551199
92 27 95 15	0.49586440677966104 0.05119825708061002
92 27 98 15	0.9375 0.044662309368191724
92 27 104 35	0.8208988266548595 0.1830065359477124
92 27 105 35	0.8621156449429511 0.332244008714597
92 27 117 15	0.611764705882353 0.058823529411764705
92 30 15	0.5021713383339913 0.4912854030501089
92 30 18 15	0.07113111986494092 0.4782135076252723
92 30 27 15	0.6318181818181818 0.48257080610021785
92 30 34 15	0.7788089713843774 0.4008714596949891
92 30 83 15	0.07113111986494092 0.4782135076252723
92 30 85 35	0.7001526837098226 0.49564270152505446
92 30 92 15	0.6606973058637085 0.48366013071895425
92 30 95 15	0.6847074464085373 0.4923747276688453
92 30 104 35	0.7747603833865815 0.38562091503267976
92 33 98 15	0.7290969899665551 0.046840958605664486
92 34 15	0.5111111111111111 0.02178649237472767
92 34 30 15	0.3039647577092511 0.04139433551198257
92 34 52 15	0.20175438596491227 0.017429193899782137
92 34 77 35	0.30604982206405695 0.03159041394335512
92 34 99 15	0.2787456445993031 0.04357298474945534
92 34 104 35	0.39532638084202393 0.04357298474945534
92 34 105 35	0.3989241223103058 0.04139433551198257
92 45 110 15	0.113369458318067 0.07407407407407407
92 51 116 15	0.11320754716981132 0.004357298474945534
92 51 116 35	0.2576853526220615 0.007625272331154684
92 52 105 35	0.9948586118251928 0.07952069716775599
92 52 117 15	0.9996021412037037 0.3660130718954248
92 77 12 15	0.5191815856777494 0.08714596949891068
92 77 35	0.36086956521739133 0.06209150326797386
92 83 15	0.11589511168662998 0.0664488017429194
92 83 18 15	0.07040998143235995 0.0718954248366013
92 83 27 15	0.14589473684210527 0.06535947712418301
92 83 83 15	0.06506927218625266 0.0718954248366013
92 83 85 35	0.08299624076271066 0.06971677559912855
92 83 92 15	0.14537661953790826 0.06535947712418301
92 83 95 15	0.14753195559548998 0.042483660130718956
92 85 12 15	0.39439655172413796 0.03159041394335512
92 85 20 15	0.32837861296762433 0.07407407407407407
92 85 35	0.43921339279187077 0.058823529411764705
92 85 39 15	0.5105988341282459 0.03594771241830065
92 85 40 15	0.531706149796602 0.037037037037037035
92 85 73 35	0.37942122186495175 0.02505446623093682
92 86 4 35	0.5023584905660378 0.017429193899782137
92 86 21 15	0.3985623003194888 0.03594771241830065
92 86 53 15	0.2909090909090909 0.006535947712418301
92 92 15	0.9195250659630607 0.6122004357298475
92 92 18 15	0.06992292067420869 0.07516339869281045
92 92 27 15	0.9138047052550056 0.5816993464052288
92 92 30 15	0.5006114605171209 0.5021786492374728
92 92 34 15	0.4968944099378882 0.034858387799564274
92 92 56	0.014925373134328358 0.0010893246187363835
92 92 77 35	0.3954599761051374 0.10457516339869281
92 92 83 15	0.07106035800782043 0.07516339869281045
92 92 85 35	0.43363170504458937 0.10021786492374728
92 92 92 15	0.9176839540730374 0.5827886710239651
92 92 95 15	0.5344893731297475 0.05119825708061002
92 92 104 35	0.82686701054048 0.1775599128540305
92 92 105 35	0.8640077821011674 0.32679738562091504
92 92 117 15	0.6184738955823293 0.06209150326797386
92 95 15	0.6461206896551724 0.032679738562091505
92 95 27 15	0.6185290322580645 0.014161220043572984
92 95 30 15	0.44617185975411433 0.07407407407407407
92 95 52 15	0.5438282647584973 0.044662309368191724
92 95 56 35	0.30985915492957744 0.008714596949891068
92 95 77 35	0.40400363967242947 0.03812636165577342
92 95 81 35	0.42045454545454547 0.020697167755991286
92 95 85 35	0.5411764705882353 0.015250544662309368
92 95 99 15	0.26014319809069214 0.0457516339869281
92 95 104 35	0.4682215332581736 0.05337690631808279
92 95 105 35	0.4696027068325693 0.0457516339869281
92 95 110 35	0.23351063829787233 0.023965141612200435
92 98 15	1.0 0.02178649237472767
92 98 30 15	0.5112359550561798 0.030501089324618737
92 99 15	0.7 0.007625272331154684
92 99 85 35	0.8789359391965255 0.007625272331154684
92 99 95 15	0.8422939068100358 0.015250544662309368
92 104 8 35	0.671875 0.015250544662309368
92 104 20 15	0.5199689802248934 0.12745098039215685
92 104 35	0.8306451612903226 0.10893246187363835
92 104 39 15	0.914007571660357 0.13398692810457516
92 105 20 15	0.512227538543328 0.23529411764705882
92 105 35	0.8753501400560224 0.2222222222222222
92 105 39 15	0.9294117647058824 0.12854030501089325
92 105 40 15	0.93359375 0.22875816993464052
92 117 15	0.5555555555555556 0.03594771241830065
92 117 30 15	0.4580912863070539 0.0860566448801743
92 117 52 15	0.7634408602150538 0.07516339869281045
92 117 77 35	0.2569832402234637 0.011982570806100218
92 117 104 35	0.2959965928449744 0.023965141612200435
92 117 105 35	0.3013544018058691 0.015250544662309368
92 118 53 15	0.9459459459459459 0.027233115468409588
92 121 30 15	0.49032258064516127 0.04793028322440087
92 126 21 15	0.44642857142857145 0.029411764705882353
92 126 61 15	0.5171171171171172 0.049019607843137254
93 0 20 15	0.6 0.002178649237472767
93 0 35	1.0 0.002178649237472767
93 15 100 35	0.9500371931564592 0.0010893246187363835
93 28 15	1.0 0.013071895424836602
93 28 99 15	0.5957446808510638 0.007625272331154684
93 28 105 35	0.9017223910840932 0.008714596949891068
93 30 15	0.5138888888888888 0.011982570806100218
93 30 33 15	1.0 0.0010893246187363835
93 30 85 35	0.9386442729611136 0.010893246187363835
93 30 95 38	1.0 0.006535947712418301
93 38	1.0 0.004357298474945534
93 38 80 15	0.6954022988505747 0.004357298474945534
93 38 100 35	0.829933234421365 0.004357298474945534
93 52 15	1.0 0.004357298474945534
93 75 20 15	0.6666666666666666 0.0054466230936819175
93 110 35	0.43601895734597157 0.004357298474945534
95 1 66 35	0.16346153846153846 0.002178649237472767
95 15	0.9802130898021308 0.054466230936819175
95 15 80 15	0.9661687281154747 0.058823529411764705
95 15 100 35	0.9539658981397775 0.06318082788671024
95 15 103 38	0.9386205441889897 0.032679738562091505
95 18 15	0.125 0.0010893246187363835
95 18 18 15	0.010701364997392241 0.0010893246187363835
95 18 27 15	0.10122699386503067 0.0032679738562091504
95 18 85 35	0.08385933273219116 0.002178649237472767
95 19 84 15	0.23963133640552994 0.010893246187363835
95 21 15	0.9772727272727273 0.018518518518518517
95 21 85 35	0.8900026730820636 0.017429193899782137
95 27 15	0.9983545865898807 0.007625272331154684
95 27 27 15	0.9991684375866211 0.011982570806100218
95 27 85 35	0.12858384013900956 0.0032679738562091504
95 27 92 15	0.9991704686851929 0.018518518518518517
95 28 15	1.0 0.013071895424836602
95 28 98 15	1.0 0.002178649237472767
95 28 104 35	0.887514220705347 0.023965141612200435
95 28 105 35	0.8768084173608066 0.02287581699346405
95 30 15	0.9129433440810686 0.1514161220043573
95 30 18 15	0.1701092260158279 0.0784313725490196
95 30 27 15	0.6546978401570794 0.08496732026143791
95 30 30 15	0.8775510204081632 0.02505446623093682
95 30 52 15	0.6363636363636364 0.010893246187363835
95 30 77 35	0.3355450236966825 0.02287581699346405
95 30 83 15	0.16855098882862332 0.07734204793028322
95 30 85 35	0.9058562547479806 0.12962962962962962
95 30 85 37	4.138102266300675e-05 0.002178649237472767
95 30 92 15	0.6453143534994069 0.08278867102396514
95 30 95 15	0.9771969664770209 0.08061002178649238
95 30 105 35	0.3172690763052209 0.023965141612200435
95 30 117 15	0.7944606413994169 0.029411764705882353
95 33 15	1.0 0.004357298474945534
95 33 105 35	0.925 0.004357298474945534
95 34 104 35	0.7281553398058253 0.013071895424836602
95 34 105 35	0.7159309021113244 0.013071895424836602
95 35	1.0 0.002178649237472767
95 37	0.125 0.0010893246187363835
95 38	0.9333333333333333 0.010893246187363835
95 38 80 15	0.87322695035461 0.017429193899782137
95 38 100 35	0.8784280463669777 0.017429193899782137
95 45 108 35	0.12121212121212122 0.002178649237472767
95 45 110 15	0.12053691275167785 0.006535947712418301
95 51 116 35	0.20909090909090908 0.008714596949891068
95 52 15	0.8522727272727273 0.05773420479302832
95 52 27 15	0.7931526390870185 0.026143790849673203
95 52 52 15	0.921875 0.00980392156862745
95 52 77 35	0.5601001669449082 0.017429193899782137
95 52 85 35	0.7637031594415871 0.044662309368191724
95 52 85 37	0.0003863987635239567 0.0010893246187363835
95 52 92 15	0.8037249283667621 0.026143790849673203
95 52 95 15	0.7833333333333333 0.020697167755991286
95 52 99 15	0.9481865284974094 0.015250544662309368
95 52 104 35	0.9329979663919512 0.027233115468409588
95 52 105 35	0.9422175162607775 0.026143790849673203
95 53 15	1.0 0.006535947712418301
95 53 30 15	0.8024691358024691 0.017429193899782137
95 53 104 35	0.9083969465648855 0.018518518518518517
95 56 15	1.0 0.008714596949891068
95 56 35	0.47619047619047616 0.0032679738562091504
95 77 20 15	0.577639751552795 0.05119825708061002
95 77 35	0.6790450928381963 0.05337690631808279
95 77 40 15	0.7166666666666667 0.014161220043572984
95 81 20 15	0.926056338028169 0.017429193899782137
95 81 35	0.8691588785046729 0.008714596949891068
95 83 15	0.12727272727272726 0.0010893246187363835
95 83 18 15	0.03115246467236135 0.0010893246187363835
95 83 27 15	0.11246200607902736 0.0032679738562091504
95 83 83 15	0.03256835819716138 0.0010893246187363835
95 83 85 35	0.08628669664110024 0.002178649237472767
95 83 92 15	0.1083984375 0.0032679738562091504
95 85 20 15	0.5365448504983389 0.014161220043572984
95 85 35	0.7321428571428571 0.010893246187363835
95 91 35	1.0 0.002178649237472767
95 92 15	0.9981450948062655 0.006535947712418301
95 92 27 15	0.9991390093734263 0.011982570806100218
95 92 30 15	0.9972063323134229 0.023965141612200435
95 92 83 15	0.1262761955937668 0.0010893246187363835
95 92 85 35	0.1168724279835391 0.0032679738562091504
95 92 92 15	0.9992638940007361 0.011982570806100218
95 92 105 35	0.9428857715430862 0.0196078431372549
95 93 38	0.7142857142857143 0.006535947712418301
95 95 15	0.8571428571428571 0.0054466230936819175
95 95 18 15	0.1693548387096774 0.002178649237472767
95 95 30 15	0.5875706214689266 0.011982570806100218
95 95 85 35	0.8073654390934845 0.0032679738562091504
95 95 105 35	0.7486338797814208 0.008714596949891068
95 99 15	0.646551724137931 0.0860566448801743
95 99 18 15	0.10574712643678161 0.02832244008714597
95 99 27 15	0.31363636363636366 0.037037037037037035
95 99 30 15	0.7368421052631579 0.02178649237472767
95 99 34 15	0.9104477611940298 0.026143790849673203
95 99 85 35	0.6923209961950882 0.06535947712418301
95 99 85 37	0.0007598784194528875 0.0010893246187363835
95 99 92 15	0.3212669683257919 0.034858387799564274
95 99 95 15	0.9472222222222222 0.03812636165577342
95 104 8 35	0.6732673267326733 0.02178649237472767
95 104 20 15	0.6185814554857776 0.0860566448801743
95 104 23 35	0.8611111111111112 0.010893246187363835
95 104 35	0.7798971281611659 0.07625272331154684
95 104 39 15	0.7777777777777778 0.03159041394335512
95 104 40 15	0.7580419580419581 0.032679738562091505
95 104 58 35	0.8064516129032258 0.015250544662309368
95 105 8 35	0.873767258382643 0.016339869281045753
95 105 20 15	0.623236876545005 0.10239651416122005
95 105 23 35	0.7551020408163265 0.017429193899782137
95 105 35	0.7844559585492228 0.07625272331154684
95 105 37	0.0017730496453900709 0.0010893246187363835
95 105 39 15	0.7079152731326644 0.037037037037037035
95 105 40 15	0.8266283524904214 0.04139433551198257
95 105 73 35	0.873767258382643 0.016339869281045753
95 105 88 35	0.7528089887640449 0.017429193899782137
95 108 35	0.8703703703703703 0.007625272331154684
95 110 20 15	0.7832764505119454 0.0196078431372549
95 110 35	0.465 0.014161220043572984
95 117 30 15	0.8643724696356275 0.02505446623093682
95 117 81 35	0.7354260089686099 0.016339869281045753
95 117 105 35	0.7015706806282722 0.0032679738562091504
95 118 35	0.25 0.0032679738562091504
95 121 15	1.0 0.0032679738562091504
95 122 35	0.7264957264957265 0.02287581699346405
95 126 2 35	0.58 0.015250544662309368
95 126 21 15	0.6015625 0.02505446623093682
98 1 66 35	1.0 0.0010893246187363835
98 15	1.0 0.0054466230936819175
98 15 80 15	0.9438390611902766 0.0054466230936819175
98 15 100 35	0.9367600182149363 0.0054466230936819175
98 27 92 15	1.0 0.002178649237472767
98 30 15	0.5454545454545454 0.006535947712418301
98 30 85 35	0.4016721192293711 0.0054466230936819175
98 30 95 15	0.43318925014095094 0.0054466230936819175
98 33 15	1.0 0.007625272331154684
98 33 93 38	1.0 0.0010893246187363835
98 33 98 15	1.0 0.0054466230936819175
98 52 15	1.0 0.004357298474945534
99 1 66 35	0.75 0.0032679738562091504
99 15	0.84375 0.018518518518518517
99 15 80 15	0.7526682134570766 0.018518518518518517
99 15 100 35	0.7810117206221951 0.018518518518518517
99 18 15	0.13846153846153847 0.007625272331154684
99 18 18 15	0.08200259743705092 0.011982570806100218
99 18 18 56	0.007210377337206624 0.0010893246187363835
99 18 27 15	0.09795918367346938 0.00980392156862745
99 18 83 15	0.07899854991966486 0.011982570806100218
99 18 83 56	0.007695475785388715 0.0010893246187363835
99 18 85 35	0.0333877051687226 0.010893246187363835
99 18 92 15	0.10150375939849623 0.00980392156862745
99 19 84 15	0.42616033755274263 0.006535947712418301
99 27 15	0.42592592592592593 0.010893246187363835
99 27 18 15	0.12835570469798657 0.00980392156862745
99 27 27 15	0.36318407960199006 0.015250544662309368
99 27 83 15	0.12835570469798657 0.00980392156862745
99 27 85 35	0.09574976122254059 0.007625272331154684
99 27 92 15	0.37089201877934275 0.015250544662309368
99 27 92 56	0.05 0.0010893246187363835
99 30 95 15	1.0 0.002178649237472767
99 34 15	1.0 0.023965141612200435
99 34 30 15	0.6931818181818182 0.0196078431372549
99 34 52 15	0.6756756756756757 0.006535947712418301
99 34 77 35	0.7088607594936709 0.013071895424836602
99 34 99 15	0.7894736842105263 0.0196078431372549
99 34 104 35	0.8452200303490136 0.016339869281045753
99 34 105 35	0.9013398294762485 0.0196078431372549
99 45 110 15	0.14517543859649124 0.011982570806100218
99 51 15	1.0 0.0010893246187363835
99 51 116 35	0.1882591093117409 0.0054466230936819175
99 56	0.5 0.0010893246187363835
99 56 100 35	0.6585365853658537 0.0010893246187363835
99 83 15	0.14068441064638784 0.007625272331154684
99 83 18 15	0.06704263320960412 0.011982570806100218
99 83 18 56	0.0021281089980979286 0.0010893246187363835
99 83 27 15	0.13283208020050125 0.00980392156862745
99 83 83 15	0.06529361206438831 0.011982570806100218
99 83 83 56	0.0018334774998070504 0.0010893246187363835
99 83 85 35	0.03328252032520325 0.010893246187363835
99 83 95 15	0.0391304347826087 0.006535947712418301
99 85 20 15	0.5886743276862931 0.011982570806100218
99 85 20 56	0.01694915254237288 0.0010893246187363835
99 85 35	0.8525535420098846 0.013071895424836602
99 85 39 15	0.9470068694798822 0.011982570806100218
99 85 40 15	0.9293381037567084 0.014161220043572984
99 85 51 15	0.6170212765957447 0.0032679738562091504
99 86 21 15	0.5363214837712519 0.006535947712418301
99 92 15	0.43859649122807015 0.00980392156862745
99 92 18 15	0.11433597185576078 0.008714596949891068
99 92 27 15	0.3445692883895131 0.014161220043572984
99 92 83 15	0.11433597185576078 0.008714596949891068
99 92 92 15	0.33852140077821014 0.014161220043572984
99 92 104 35	0.15151515151515152 0.0032679738562091504
99 95 15	0.8472906403940886 0.016339869281045753
99 95 30 15	0.51437802907916 0.018518518518518517
99 95 77 35	0.6770833333333334 0.013071895424836602
99 95 99 15	0.6533333333333333 0.015250544662309368
99 95 104 35	0.8392434988179669 0.014161220043572984
99 95 105 35	0.8368511123787792 0.015250544662309368
99 95 110 35	0.4024767801857585 0.004357298474945534
99 117 15	0.85 0.006535947712418301
99 117 104 35	0.8632846087704213 0.004357298474945534
99 117 105 35	0.8917378917378918 0.006535947712418301
102 35	1.0 0.0010893246187363835
102 35 100 35	0.9500371931564592 0.0010893246187363835
102 46 111 35	0.6143266475644699 0.0010893246187363835
104 1 66 35	0.6160815402038505 0.014161220043572984
104 6 71 35	0.19421597240647387 0.02178649237472767
104 12 92 15	0.5833333333333334 0.0032679738562091504
104 16 81 35	0.7800475572849114 0.042483660130718956
104 16 108 35	0.7327735958309207 0.03594771241830065
104 20 15	0.5646794150731158 0.09259259259259259
104 20 18 15	0.049164928755344804 0.08278867102396514
104 20 27 15	0.2536329940577749 0.0718954248366013
104 20 34 15	0.9535573122529645 0.07080610021786492
104 20 52 15	0.42857142857142855 0.002178649237472767
104 20 56	0.022727272727272728 0.0010893246187363835
104 20 85 35	0.886186094353785 0.09477124183006536
104 20 92 15	0.27888165992614733 0.07298474945533769
104 20 95 15	0.7891263524993294 0.08278867102396514
104 24 89 35	0.7655432232449016 0.029411764705882353
104 35	0.843607305936073 0.07516339869281045
104 35 80 15	0.7320619178925194 0.09368191721132897
104 35 100 35	0.7421852848427273 0.09586056644880174
104 35 102 35	0.6443768996960486 0.0457516339869281
104 36 101 35	0.14251516118736035 0.026143790849673203
104 39 15	1.0 0.13616557734204793
104 39 30 15	0.5004948045522019 0.08496732026143791
104 39 52 15	0.5043103448275862 0.0054466230936819175
104 39 77 35	0.7508950345042287 0.017429193899782137
104 39 85 35	0.8747559274755927 0.03594771241830065
104 39 92 15	0.9767541971588464 0.05773420479302832
104 39 104 35	0.8893896660191334 0.07516339869281045
104 39 105 35	0.9054194106997613 0.058823529411764705
104 39 117 15	0.967741935483871 0.006535947712418301
104 40 15	0.9565217391304348 0.05337690631808279
104 40 27 15	0.9661399548532731 0.037037037037037035
104 40 30 15	0.4996066089693155 0.05991285403050109
104 40 52 15	0.47593582887700536 0.010893246187363835
104 40 77 35	0.7232828615317095 0.03812636165577342
104 40 99 15	0.6331456154465004 0.029411764705882353
104 40 104 35	0.8583336233598998 0.054466230936819175
104 40 105 35	0.8690309171213302 0.06753812636165578
104 40 117 15	0.5 0.004357298474945534
104 40 122 35	0.7621621621621621 0.007625272331154684
104 43 110 35	0.38513513513513514 0.0010893246187363835
104 46 102 35	0.14072494669509594 0.058823529411764705
104 46 111 35	0.18796758798211372 0.11982570806100218
104 46 111 37	0.00026627656601850786 0.017429193899782137
104 51 15	0.45454545454545453 0.002178649237472767
104 51 116 15	0.1484375 0.00980392156862745
104 51 116 35	0.20022429906542055 0.02287581699346405
104 57 15	0.9375 0.00980392156862745
104 57 104 35	0.8489208633093526 0.010893246187363835
104 57 122 37	0.005763688760806916 0.002178649237472767
104 58 35	0.7692307692307693 0.0032679738562091504
104 88 35	0.6666666666666666 0.0054466230936819175
105 1 66 15	0.4857142857142857 0.0054466230936819175
105 1 66 35	0.6836093660765277 0.018518518518518517
105 8 20 15	0.5714285714285714 0.004357298474945534
105 12 15	0.8974358974358975 0.020697167755991286
105 12 30 15	0.5058823529411764 0.0196078431372549
105 12 77 35	0.5792349726775956 0.0196078431372549
105 12 105 35	0.7580927384076991 0.017429193899782137
105 16 81 35	0.7713831867057673 0.07407407407407407
105 16 108 35	0.7203994293865906 0.05555555555555555
105 20 15	0.5509893455098934 0.1840958605664488
105 20 18 15	0.03397759102096076 0.15577342047930284
105 20 34 15	0.9235555555555556 0.1394335511982571
105 20 56	0.0058997050147492625 0.0010893246187363835
105 20 83 15	0.034515521629351 0.1568627450980392
105 20 85 35	0.85174446330809 0.19172113289760348
105 20 86 38	0.9065520945220193 0.032679738562091505
105 20 92 15	0.28298887122416533 0.14270152505446623
105 20 95 15	0.7668532036600363 0.16884531590413943
105 20 95 35	0.7882736156351792 0.007625272331154684
105 20 105 35	0.07857142857142857 0.018518518518518517
105 24 89 35	0.815632526665902 0.08278867102396514
105 35	0.889168765743073 0.15359477124183007
105 35 80 15	0.8055327799804567 0.1644880174291939
105 35 85 35	0.8566433566433567 0.09477124183006536
105 35 100 20	0.00032952563104158346 0.09477124183006536
105 35 100 35	0.8083214771647086 0.16993464052287582
105 35 100 37	0.0020628307255782857 0.09694989106753812
105 35 103 38	0.7006726457399103 0.14161220043572983
105 35 121 15	1.0 0.0010893246187363835
105 36 101 35	0.13966738527871883 0.03812636165577342
105 37 102 35	0.49286425489545305 0.0196078431372549
105 37 111 35	0.07618740597464002 0.0054466230936819175
105 39 15	0.9519230769230769 0.0718954248366013
105 39 30 15	0.5065420560747663 0.07734204793028322
105 39 34 15	0.8 0.004357298474945534
105 39 52 15	0.4921259842519685 0.010893246187363835
105 39 77 35	0.7165893972989317 0.05555555555555555
105 39 83 15	0.07792207792207792 0.008714596949891068
105 39 85 35	0.7027522935779816 0.008714596949891068
105 39 92 15	0.9522258414766558 0.05228758169934641
105 39 99 15	0.6666666666666666 0.0392156862745098
105 39 104 35	0.8444061247624978 0.09259259259259259
105 39 105 35	0.8627858627858628 0.07625272331154684
105 39 117 15	0.9230769230769231 0.00980392156862745
105 39 122 35	0.8292682926829268 0.011982570806100218
105 40 15	0.9987357774968394 0.2494553376906318
105 40 18 15	0.1462561231630511 0.020697167755991286
105 40 27 15	0.932228181374939 0.11655773420479303
105 40 30 15	0.5437933207309389 0.16013071895424835
105 40 52 15	0.5209334248455731 0.010893246187363835
105 40 77 35	0.7353532106405207 0.030501089324618737
105 40 85 35	0.7731910946196661 0.05010893246187364
105 40 92 15	0.9350842418235877 0.11655773420479303
105 40 99 15	0.6730652041438148 0.018518518518518517
105 40 104 35	0.8848038430744596 0.05664488017429194
105 40 105 35	0.9024883891469079 0.15468409586056645
105 40 122 35	0.8496868475991649 0.006535947712418301
105 40 126 38	1.0 0.002178649237472767
105 41 106 35	0.16190258403841756 0.02505446623093682
105 43 81 35	0.6921908234579155 0.04139433551198257
105 43 85 35	0.9600694444444444 0.0010893246187363835
105 43 108 35	0.6560480147737765 0.0392156862745098
105 45 110 35	0.38742597958926545 0.03376906318082789
105 46 102 35	0.12285234465831288 0.11437908496732026
105 46 111 35	0.23884099230065148 0.21568627450980393
105 49 114 35	0.13377926421404682 0.020697167755991286
105 50 35	0.6666666666666666 0.0032679738562091504
105 51 116 15	0.16393442622950818 0.017429193899782137
105 51 116 35	0.19055509527754763 0.044662309368191724
105 57 15	1.0 0.0032679738562091504
105 57 122 35	0.7187758478081059 0.017429193899782137
105 58 20 15	0.5882352941176471 0.0054466230936819175
105 58 40 15	1.0 0.0032679738562091504
105 63 128 35	0.8705882352941177 0.0032679738562091504
105 65 0 35	1.0 0.0010893246187363835
105 67 2 35	0.8108108108108109 0.014161220043572984
105 73 20 15	0.5714285714285714 0.004357298474945534
105 123 20 15	0.6 0.004357298474945534
105 123 40 15	1.0 0.0032679738562091504
108 35	0.5 0.0032679738562091504
110 15	1.0 0.0010893246187363835
110 15 100 35	0.9500371931564592 0.0010893246187363835
110 35	0.5 0.0010893246187363835
110 35 100 35	0.02218430034129693 0.004357298474945534
110 45 15	1.0 0.006535947712418301
110 45 27 15	0.4 0.002178649237472767
110 45 92 15	0.4 0.002178649237472767
110 46 111 35	0.104688995215311 0.004357298474945534
116 1 66 35	0.40175953079178883 0.0010893246187363835
116 15	0.2727272727272727 0.0010893246187363835
116 20 15	0.43609022556390975 0.0010893246187363835
116 20 18 15	0.24893646865646743 0.0010893246187363835
116 20 83 15	0.18757394381259884 0.0010893246187363835
116 20 85 35	0.08396377197655834 0.0010893246187363835
116 35	0.3769230769230769 0.0010893246187363835
116 35 80 15	0.21266924564796905 0.0010893246187363835
116 35 100 35	0.06025641025641026 0.0010893246187363835
116 37 102 35	0.09396914446002805 0.0010893246187363835
116 40 15	0.42857142857142855 0.0010893246187363835
116 46 111 35	0.015680530235742465 0.0010893246187363835
116 51 15	1.0 0.0010893246187363835
116 51 116 15	0.27075447893010346 0.0010893246187363835
116 51 116 35	0.38067957329118923 0.0010893246187363835
116 83 15	0.125 0.0010893246187363835
116 83 18 15	0.21657442470142732 0.0010893246187363835
116 85 35	0.5 0.0010893246187363835
116 123 35	0.25 0.0010893246187363835
117 0 35	1.0 0.002178649237472767
117 1 66 15	1.0 0.0010893246187363835
117 15	0.8333333333333334 0.02505446623093682
117 15 80 15	0.8728360088133459 0.02832244008714597
117 15 100 35	0.9055649241146712 0.02832244008714597
117 27 27 15	1.0 0.0032679738562091504
117 27 30 15	0.5666666666666667 0.007625272331154684
117 27 52 15	1.0 0.0032679738562091504
117 27 92 15	1.0 0.0054466230936819175
117 27 105 35	0.9333333333333333 0.007625272331154684
117 28 15	1.0 0.0054466230936819175
117 28 105 35	0.9 0.0032679738562091504
117 30 15	0.5636007827788649 0.07407407407407407
117 30 18 15	0.05888708806050783 0.042483660130718956
117 30 27 15	0.5141388174807198 0.05010893246187364
117 30 34 15	0.93 0.027233115468409588
117 30 52 15	0.6666666666666666 0.0032679738562091504
117 30 83 15	0.06059824651882414 0.04139433551198257
117 30 85 35	0.8405041501370188 0.07625272331154684
117 30 92 15	0.5867507886435331 0.05010893246187364
117 30 95 15	0.8039285277199854 0.05991285403050109
117 30 117 15	0.74 0.027233115468409588
117 34 105 35	0.7209302325581395 0.004357298474945534
117 45 110 15	0.006276150627615063 0.0032679738562091504
117 52 15	0.9247311827956989 0.09477124183006536
117 52 27 15	0.8352941176470589 0.030501089324618737
117 52 34 15	1.0 0.013071895424836602
117 52 52 15	0.6875 0.006535947712418301
117 52 85 35	0.8724803734351793 0.05119825708061002
117 52 92 15	0.8372781065088757 0.030501089324618737
117 52 95 15	0.8387096774193549 0.027233115468409588
117 52 104 35	0.9096934548467275 0.02178649237472767
117 52 105 35	0.9512307692307692 0.02287581699346405
117 52 117 15	0.9936596500126808 0.030501089324618737
117 77 35	0.6526315789473685 0.016339869281045753
117 77 51 15	0.4666666666666667 0.004357298474945534
117 77 79 15	1.0 0.0032679738562091504
117 85 20 15	0.7692307692307693 0.0010893246187363835
117 85 35	0.34615384615384615 0.0010893246187363835
117 92 15	0.875 0.002178649237472767
117 92 52 15	1.0 0.0032679738562091504
117 92 92 15	0.8333333333333334 0.0032679738562091504
117 92 104 35	0.85 0.002178649237472767
117 92 105 35	0.9629629629629629 0.0054466230936819175
117 93 30 15	0.7049180327868853 0.013071895424836602
117 93 38	0.8888888888888888 0.004357298474945534
117 93 110 35	0.370253164556962 0.0054466230936819175
117 95 15	1.0 0.0010893246187363835
117 95 28 15	0.5 0.0010893246187363835
117 95 30 15	0.5384615384615384 0.0054466230936819175
117 95 38	1.0 0.0010893246187363835
117 95 85 35	1.0 0.0010893246187363835
117 95 104 35	0.7307692307692307 0.0054466230936819175
117 99 15	0.6818181818181818 0.04793028322440087
117 99 18 15	0.04180064308681672 0.00980392156862745
117 99 27 15	0.26744186046511625 0.013071895424836602
117 99 34 15	0.9615384615384616 0.010893246187363835
117 99 52 15	0.6 0.002178649237472767
117 99 83 15	0.051118210862619806 0.010893246187363835
117 99 85 35	0.8392357875116496 0.032679738562091505
117 99 92 15	0.29069767441860467 0.013071895424836602
117 99 95 15	0.8695652173913043 0.016339869281045753
117 99 104 35	1.0 0.006535947712418301
117 99 117 15	0.825 0.008714596949891068
117 104 8 35	0.6666666666666666 0.008714596949891068
117 104 20 15	0.6443946188340807 0.03376906318082789
117 104 35	0.7982663514578409 0.0457516339869281
117 104 39 15	0.9915254237288136 0.00980392156862745
117 104 40 15	0.9363295880149812 0.018518518518518517
117 104 51 15	0.5357142857142857 0.0032679738562091504
117 104 58 35	0.7058823529411765 0.0054466230936819175
117 104 73 35	0.6666666666666666 0.008714596949891068
117 105 8 35	0.875 0.006535947712418301
117 105 20 15	0.5873576756968983 0.04793028322440087
117 105 23 35	0.7142857142857143 0.008714596949891068
117 105 35	0.7158119658119658 0.044662309368191724
117 105 39 15	0.8190184049079755 0.02505446623093682
117 105 40 15	0.9705882352941176 0.015250544662309368
117 105 51 15	0.6904761904761905 0.004357298474945534
117 105 73 35	0.875 0.006535947712418301
117 105 88 35	0.6842105263157895 0.008714596949891068
117 117 52 15	0.9565217391304348 0.00980392156862745
117 117 110 35	0.371875 0.0054466230936819175
117 122 35	0.8181818181818182 0.008714596949891068
118 1 66 35	0.6111111111111112 0.0010893246187363835
118 21 15	0.75 0.011982570806100218
118 21 85 35	0.9194154488517745 0.011982570806100218
118 21 95 15	0.9597069597069597 0.011982570806100218
118 53 15	1.0 0.02178649237472767
118 53 104 35	0.9018967978788497 0.013071895424836602
118 53 105 35	0.9049853372434018 0.011982570806100218
118 110 40 15	1.0 0.0054466230936819175
121 30 85 35	0.7780469148393677 0.015250544662309368
121 30 95 15	0.7140425531914893 0.014161220043572984
121 56 27 15	0.9117647058823529 0.008714596949891068
122 16 81 35	0.5202702702702703 0.007625272331154684
122 20 56	0.2 0.0010893246187363835
122 20 85 35	0.5715406748626733 0.00980392156862745
122 20 95 15	0.6262158406669754 0.011982570806100218
122 35	0.5333333333333333 0.008714596949891068
122 35 80 15	0.410650464617584 0.011982570806100218
122 35 100 35	0.4030140870837907 0.013071895424836602
122 35 103 38	0.5 0.007625272331154684
122 36 101 35	0.08378870673952642 0.0054466230936819175
122 39 15	0.9375 0.010893246187363835
122 39 99 15	0.8333333333333334 0.0054466230936819175
122 39 104 35	0.8038740920096852 0.013071895424836602
122 39 105 35	0.8220424671385238 0.008714596949891068
122 39 122 35	0.8 0.006535947712418301
122 40 15	1.0 0.004357298474945534
122 40 77 35	0.75 0.004357298474945534
122 40 104 35	0.804185351270553 0.0054466230936819175
122 40 105 35	0.8761682242990654 0.0054466230936819175
122 40 126 38	1.0 0.0010893246187363835
122 46 111 35	0.0651664118954975 0.02287581699346405
122 51 15	0.5 0.002178649237472767
122 51 116 15	0.13793103448275862 0.004357298474945534
122 51 116 35	0.21428571428571427 0.014161220043572984
122 57 15	1.0 0.02287581699346405
122 57 85 35	0.7863013698630137 0.008714596949891068
122 57 104 35	0.8454918032786886 0.011982570806100218
122 57 105 35	0.8930594900849859 0.006535947712418301
126 2 20 15	0.7077922077922078 0.016339869281045753
126 2 35	0.5241379310344828 0.013071895424836602
126 21 15	0.7627118644067796 0.027233115468409588
126 21 77 35	0.17424242424242425 0.017429193899782137
126 21 85 35	0.691853516278625 0.03376906318082789
126 21 92 15	0.2791916167664671 0.0196078431372549
126 21 104 35	0.3050847457627119 0.015250544662309368
126 21 105 35	0.1111111111111111 0.0054466230936819175
126 38	1.0 0.002178649237472767
126 38 80 15	0.8095238095238095 0.0032679738562091504
126 38 100 35	0.7352941176470589 0.0032679738562091504
126 61 15	0.916 0.05010893246187364
126 61 18 15	0.11922398589065256 0.02287581699346405
126 61 27 15	0.4918032786885246 0.023965141612200435
126 61 83 15	0.1189851268591426 0.02287581699346405
126 61 85 35	0.8109938664573704 0.03594771241830065
126 61 92 15	0.48023255813953486 0.02505446623093682
126 61 95 38	0.9615384615384616 0.006535947712418301
126 61 104 35	0.6887417218543046 0.023965141612200435
126 61 105 35	0.7632154575282537 0.020697167755991286
