0 39 93 25	1.0 0.013888888888888888
0 39 118 25	1.0 0.013888888888888888
0 45 25	1.0 0.027777777777777776
0 65 25	1.0 0.041666666666666664
6 71 10 25	0.6111111111111112 0.013888888888888888
6 71 25	1.0 0.013888888888888888
14 45 25	1.0 0.013888888888888888
14 79 25	1.0 0.041666666666666664
14 79 32 25	1.0 0.013888888888888888
17 82 25	0.7734375 0.2222222222222222
17 82 32 25	0.875 0.19444444444444445
17 82 97 25	0.7125 0.20833333333333334
21 34 93 25	1.0 0.013888888888888888
21 34 118 25	1.0 0.013888888888888888
21 86 25	1.0 0.013888888888888888
21 86 97 25	1.0 0.013888888888888888
21 95 93 25	1.0 0.013888888888888888
21 95 118 25	1.0 0.013888888888888888
21 117 93 25	1.0 0.013888888888888888
21 117 118 25	1.0 0.013888888888888888
25	1.0 1.0
25 90 25	1.0 1.0
25 90 32 25	0.9573170731707317 0.5694444444444444
25 90 97 25	0.8010204081632653 0.5694444444444444
28 30 86 25	1.0 0.027777777777777776
28 30 95 25	0.9565217391304348 0.1111111111111111
28 30 121 25	1.0 0.027777777777777776
28 52 86 25	1.0 0.027777777777777776
28 52 93 25	0.5 0.05555555555555555
28 52 95 25	1.0 0.05555555555555555
28 52 118 25	0.52 0.05555555555555555
28 52 121 25	1.0 0.013888888888888888
28 77 45 25	0.75 0.041666666666666664
28 93 25	0.9166666666666666 0.4305555555555556
28 93 32 25	0.391304347826087 0.09722222222222222
28 93 33 25	1.0 0.013888888888888888
28 93 97 25	0.7142857142857143 0.06944444444444445
28 99 86 25	1.0 0.027777777777777776
28 99 95 25	0.95 0.09722222222222222
28 99 121 25	1.0 0.013888888888888888
28 104 45 25	0.8043478260869565 0.05555555555555555
28 104 65 25	1.0 0.041666666666666664
28 105 10 25	0.23529411764705882 0.041666666666666664
28 105 45 25	0.6428571428571429 0.041666666666666664
28 117 93 25	0.5 0.027777777777777776
28 118 10 25	0.2727272727272727 0.041666666666666664
28 118 25	0.7272727272727273 0.19444444444444445
28 118 97 25	0.6666666666666666 0.05555555555555555
28 121 124 25	1.0 0.05555555555555555
28 122 45 25	1.0 0.013888888888888888
28 124 25	1.0 0.027777777777777776
28 124 32 25	1.0 0.013888888888888888
29 94 25	0.48717948717948717 0.16666666666666666
29 94 32 25	0.25 0.027777777777777776
29 94 97 25	0.1111111111111111 0.013888888888888888
29 102 10 25	0.17647058823529413 0.013888888888888888
30 18 95 25	0.5263157894736842 0.2361111111111111
30 18 121 25	0.75 0.16666666666666666
30 27 95 25	0.5238095238095238 0.125
30 34 93 25	0.95 0.16666666666666666
30 34 118 25	0.8823529411764706 0.20833333333333334
30 77 45 25	0.25 0.013888888888888888
30 83 95 25	0.5263157894736842 0.2361111111111111
30 83 121 25	0.75 0.16666666666666666
30 85 10 25	0.02857142857142857 0.013888888888888888
30 85 45 25	0.2222222222222222 0.013888888888888888
30 92 95 25	0.5238095238095238 0.125
30 95 25	0.8360655737704918 0.2916666666666667
30 95 32 25	0.4583333333333333 0.125
30 95 93 25	0.9565217391304348 0.16666666666666666
30 95 97 25	0.8571428571428571 0.16666666666666666
30 95 118 25	0.7916666666666666 0.2222222222222222
30 95 124 25	0.875 0.19444444444444445
30 117 93 25	1.0 0.08333333333333333
30 117 118 25	1.0 0.09722222222222222
30 121 25	1.0 0.041666666666666664
32 17 82 25	0.7125 0.06944444444444445
32 21 86 25	1.0 0.013888888888888888
32 25	0.8181818181818182 0.125
32 25 90 25	0.8010204081632653 0.125
32 28 93 25	0.7142857142857143 0.05555555555555555
32 28 118 25	0.6666666666666666 0.027777777777777776
32 29 94 25	0.125 0.013888888888888888
32 30 95 25	0.8571428571428571 0.05555555555555555
32 30 121 25	1.0 0.013888888888888888
32 32 25	0.3333333333333333 0.013888888888888888
32 32 97 25	0.8 0.013888888888888888
32 53 93 25	0.6666666666666666 0.041666666666666664
32 53 118 25	0.4444444444444444 0.05555555555555555
32 59 124 25	0.7 0.06944444444444445
32 97 25	0.8048780487804879 0.2638888888888889
32 97 32 25	0.7758620689655172 0.125
32 97 97 25	0.8 0.05555555555555555
45 110 25	1.0 0.06944444444444445
53 30 86 25	1.0 0.013888888888888888
53 30 95 25	0.7916666666666666 0.125
53 30 121 25	1.0 0.027777777777777776
53 52 86 25	1.0 0.013888888888888888
53 52 95 25	1.0 0.05555555555555555
53 52 121 25	1.0 0.013888888888888888
53 77 45 25	0.5 0.013888888888888888
53 93 25	0.7272727272727273 0.16666666666666666
53 93 32 25	0.16666666666666666 0.027777777777777776
53 93 97 25	0.6666666666666666 0.027777777777777776
53 99 86 25	1.0 0.013888888888888888
53 99 95 25	0.8823529411764706 0.09722222222222222
53 99 121 25	1.0 0.013888888888888888
53 104 45 25	0.5714285714285714 0.013888888888888888
53 104 65 25	1.0 0.013888888888888888
53 105 10 25	0.3333333333333333 0.041666666666666664
53 105 45 25	0.21428571428571427 0.013888888888888888
53 117 93 25	0.52 0.05555555555555555
53 118 10 25	0.36363636363636365 0.041666666666666664
53 118 25	0.6888888888888889 0.3194444444444444
53 118 32 25	0.6 0.041666666666666664
53 118 97 25	0.4444444444444444 0.05555555555555555
53 121 124 25	0.8181818181818182 0.08333333333333333
53 124 25	1.0 0.013888888888888888
56 18 95 25	0.75 0.013888888888888888
56 34 93 25	1.0 0.013888888888888888
56 34 118 25	1.0 0.013888888888888888
56 83 95 25	0.75 0.013888888888888888
56 95 25	1.0 0.013888888888888888
56 95 93 25	1.0 0.013888888888888888
56 95 97 25	1.0 0.013888888888888888
56 95 118 25	1.0 0.013888888888888888
56 95 124 25	1.0 0.013888888888888888
56 117 93 25	1.0 0.013888888888888888
56 117 118 25	1.0 0.013888888888888888
56 121 25	1.0 0.027777777777777776
59 30 95 25	0.875 0.1388888888888889
59 30 121 25	1.0 0.013888888888888888
59 56 93 25	1.0 0.05555555555555555
59 56 118 25	0.8181818181818182 0.09722222222222222
59 93 25	1.0 0.027777777777777776
59 93 32 25	1.0 0.027777777777777776
59 118 25	1.0 0.013888888888888888
59 124 25	0.7333333333333333 0.2638888888888889
59 124 32 25	0.9 0.1111111111111111
59 124 97 25	0.7 0.08333333333333333
75 6 71 25	0.6111111111111112 0.041666666666666664
75 10 25	0.9617224880382775 0.2361111111111111
75 10 32 25	0.8148148148148148 0.05555555555555555
75 10 33 25	0.875 0.027777777777777776
75 20 95 25	0.02857142857142857 0.013888888888888888
75 37 94 25	0.17647058823529413 0.027777777777777776
75 40 93 25	0.23529411764705882 0.041666666666666664
75 40 118 25	0.3333333333333333 0.013888888888888888
75 44 10 25	0.6666666666666666 0.027777777777777776
75 45 10 25	0.7777777777777778 0.05555555555555555
75 53 93 25	0.2727272727272727 0.027777777777777776
75 53 118 25	0.36363636363636365 0.027777777777777776
75 109 10 25	0.6666666666666666 0.041666666666666664
75 110 10 25	0.7777777777777778 0.05555555555555555
76 11 25	1.0 0.027777777777777776
97 14 32 25	1.0 0.013888888888888888
97 14 79 25	1.0 0.013888888888888888
97 17 82 25	0.875 0.05555555555555555
97 25	0.8181818181818182 0.08333333333333333
97 25 90 25	0.9573170731707317 0.08333333333333333
97 28 93 25	0.391304347826087 0.06944444444444445
97 28 118 25	0.16666666666666666 0.027777777777777776
97 28 124 25	1.0 0.027777777777777776
97 29 94 25	0.25 0.041666666666666664
97 30 95 25	0.4583333333333333 0.05555555555555555
97 32 25	1.0 0.20833333333333334
97 32 32 25	1.0 0.05555555555555555
97 32 97 25	0.3515625 0.08333333333333333
97 33 25	1.0 0.013888888888888888
97 53 118 25	0.6 0.027777777777777776
97 59 93 25	1.0 0.027777777777777776
97 59 124 25	0.9 0.08333333333333333
97 75 10 25	0.8198198198198198 0.041666666666666664
97 79 32 25	1.0 0.027777777777777776
97 97 25	0.3333333333333333 0.013888888888888888
97 97 32 25	1.0 0.041666666666666664
98 28 93 25	1.0 0.013888888888888888
98 32 25	1.0 0.013888888888888888
98 75 10 25	0.875 0.013888888888888888
107 42 25	0.6 0.041666666666666664
107 42 32 25	0.6666666666666666 0.027777777777777776
110 12 93 25	0.75 0.013888888888888888
110 12 95 25	0.25 0.013888888888888888
110 12 118 25	0.5 0.013888888888888888
110 20 95 25	0.2222222222222222 0.013888888888888888
110 39 93 25	0.8043478260869565 0.013888888888888888
110 39 118 25	0.5714285714285714 0.013888888888888888
110 40 93 25	0.6428571428571429 0.013888888888888888
110 40 118 25	0.21428571428571427 0.013888888888888888
110 44 45 25	1.0 0.013888888888888888
110 45 25	1.0 0.013888888888888888
110 57 93 25	1.0 0.013888888888888888
110 58 45 25	1.0 0.013888888888888888
110 65 25	1.0 0.013888888888888888
110 79 25	1.0 0.013888888888888888
110 109 45 25	1.0 0.013888888888888888
110 123 45 25	1.0 0.013888888888888888
