1 34 77 24	0.35294117647058826 0.00019603999215840032
1 34 104 24	0.765 0.00019603999215840032
1 34 105 24	0.5737704918032787 0.00019603999215840032
1 66 8 24	0.64 0.0017643599294256027
1 66 23 24	0.5660377358490566 0.007645559694177613
1 66 24	0.5420207743153919 0.03528719858851206
1 66 44 24	0.2802547770700637 0.004508919819643208
1 66 45	0.0004180602006688963 0.00039207998431680063
1 66 50 24	0.2631578947368421 0.0009801999607920015
1 66 66 24	0.9230769230769231 0.002352479905900804
1 66 73 24	0.64 0.0017643599294256027
1 66 77 24	0.27906976744186046 0.002352479905900804
1 66 85 24	0.4556472408457968 0.013134679474612821
1 66 85 45	0.0005571030640668524 0.00039207998431680063
1 66 88 24	0.5660377358490566 0.007645559694177613
1 66 105 24	0.6428571428571429 0.0035287198588512055
1 66 109 24	0.08045977011494253 0.004116839835326407
1 66 115 24	0.325 0.002548519898059204
1 66 123 24	0.27586206896551724 0.0015683199372672025
1 85 24	0.3813813813813814 0.00039207998431680063
1 95 104 24	0.8324873096446701 0.00019603999215840032
1 95 105 24	0.5882352941176471 0.00019603999215840032
1 117 104 24	0.8453038674033149 0.00019603999215840032
1 121 85 24	0.6 0.0015683199372672025
1 121 85 45	0.022222222222222223 0.00039207998431680063
6 71 2 24	0.16666666666666666 0.0007841599686336013
6 71 8 24	0.1941747572815534 0.0015683199372672025
6 71 23 24	0.4057971014492754 0.005293079788276808
6 71 24	0.4706678700361011 0.02528915898843364
6 71 44 24	0.22413793103448276 0.0033326798666928055
6 71 50 24	0.3523809523809524 0.004508919819643208
6 71 58 24	0.15730337078651685 0.002744559890217604
6 71 73 24	0.1941747572815534 0.0015683199372672025
6 71 75 24	0.3568627450980392 0.004312879827484807
6 71 88 24	0.4057971014492754 0.005293079788276808
6 71 109 24	0.06382978723404255 0.00019603999215840032
6 71 110 24	0.47619047619047616 0.001960399921584003
6 71 115 24	0.4217687074829932 0.005293079788276808
6 71 123 24	0.46296296296296297 0.002744559890217604
6 87 2 24	0.875 0.00019603999215840032
6 87 24	1.0 0.000588119976475201
8 6 71 24	0.2 0.000588119976475201
8 8 8 24	0.9452887537993921 0.008429719662811214
8 8 24	0.9849624060150376 0.015487159380513624
8 8 58 24	0.7857142857142857 0.0009801999607920015
8 8 73 24	0.9418886198547215 0.009017839639286415
8 8 123 24	0.9523809523809523 0.002352479905900804
8 12 105 24	0.8181818181818182 0.000588119976475201
8 16 81 24	0.45920303605313095 0.003724759851009606
8 20 85 24	0.37037037037037035 0.0033326798666928055
8 23 88 24	0.8333333333333334 0.0009801999607920015
8 24	0.7857142857142857 0.007449519702019212
8 24 89 24	0.7682236550671852 0.009409919623603215
8 35 100 24	0.0948755536640343 0.007645559694177613
8 36 101 24	0.12643678160919541 0.003136639874534405
8 37 111 24	0.48 0.00039207998431680063
8 39 77 24	0.36 0.001176239952950402
8 39 104 24	0.6525037936267072 0.003724759851009606
8 39 105 24	0.41064638783269963 0.0021564399137424034
8 40 104 24	0.27319587628865977 0.002744559890217604
8 40 105 24	0.4299363057324841 0.005881199764752009
8 43 81 24	0.21739130434782608 0.00039207998431680063
8 45 108 24	0.25 0.00019603999215840032
8 45 110 24	0.46830985915492956 0.002352479905900804
8 46 111 24	0.07006821557127395 0.013134679474612821
8 46 111 45	8.78829009169116e-05 0.001372279945108802
8 51 116 24	0.149812734082397 0.001960399921584003
8 58 8 24	1.0 0.000588119976475201
8 58 123 24	1.0 0.0007841599686336013
8 62 127 24	0.5 0.00039207998431680063
8 67 2 24	0.5 0.001176239952950402
8 73 8 24	0.9575371549893843 0.009017839639286415
8 73 24	0.9640718562874252 0.015879239364830426
8 73 58 24	0.8235294117647058 0.0009801999607920015
8 73 73 24	0.9575371549893843 0.009017839639286415
8 73 123 24	0.9565217391304348 0.0017643599294256027
8 88 24	0.8 0.0007841599686336013
8 123 23 24	1.0 0.000588119976475201
8 123 24	0.9259259259259259 0.002352479905900804
8 123 58 24	0.9666666666666667 0.003136639874534405
10 6 71 24	0.3568627450980392 0.001960399921584003
10 28 77 24	0.11627906976744186 0.001176239952950402
10 28 104 24	0.132013201320132 0.002548519898059204
10 28 105 24	0.12444444444444444 0.003136639874534405
10 30 85 24	0.0913978494623656 0.00039207998431680063
10 30 122 24	1.0 0.00019603999215840032
10 32 75 24	0.10869565217391304 0.0009801999607920015
10 53 77 24	0.35294117647058826 0.000588119976475201
10 53 104 24	0.18947368421052632 0.000588119976475201
10 53 105 24	0.27927927927927926 0.0009801999607920015
10 75 23 24	0.38095238095238093 0.0015683199372672025
10 75 24	0.6088328075709779 0.010390119584395216
10 75 44 24	0.6666666666666666 0.0007841599686336013
10 75 73 24	0.25 0.00019603999215840032
10 75 88 24	0.38095238095238093 0.0015683199372672025
10 75 98 24	0.2857142857142857 0.0007841599686336013
10 75 109 24	0.8 0.0007841599686336013
10 75 110 24	0.5 0.0017643599294256027
10 75 115 24	0.47058823529411764 0.001176239952950402
10 75 123 24	0.4 0.001176239952950402
10 97 75 24	0.10869565217391304 0.00039207998431680063
12 15 100 24	0.1070644314712656 0.003920799843168006
12 18 77 24	0.07792207792207792 0.000588119976475201
12 18 85 24	0.00651331519498722 0.0017643599294256027
12 27 77 24	0.3728813559322034 0.0021564399137424034
12 27 85 24	0.01901639344262295 0.0009801999607920015
12 27 104 24	0.33548387096774196 0.002744559890217604
12 27 105 24	0.5918367346938775 0.004312879827484807
12 30 85 24	0.28452296819787987 0.007645559694177613
12 30 105 24	0.6 0.001176239952950402
12 34 104 24	0.6290322580645161 0.000588119976475201
12 34 105 24	0.3130434782608696 0.00039207998431680063
12 45 108 24	0.03365384615384615 0.000588119976475201
12 52 77 24	0.34782608695652173 0.0015683199372672025
12 52 85 24	0.4803337306317044 0.0017643599294256027
12 52 105 24	0.6666666666666666 0.0015683199372672025
12 77 8 24	0.75 0.0009801999607920015
12 77 23 24	0.4878048780487805 0.004704959811801608
12 77 24	0.5950413223140496 0.03332679866692805
12 77 44 24	0.3125 0.002352479905900804
12 77 50 24	0.5384615384615384 0.001176239952950402
12 77 58 24	0.6923076923076923 0.002352479905900804
12 77 73 24	0.75 0.0009801999607920015
12 77 88 24	0.4878048780487805 0.004704959811801608
12 77 109 24	0.14 0.002352479905900804
12 77 115 24	0.5333333333333333 0.001372279945108802
12 77 123 24	0.29411764705882354 0.001176239952950402
12 83 77 24	0.07792207792207792 0.000588119976475201
12 83 85 24	0.006475409836065574 0.0017643599294256027
12 85 24	0.18002466091245375 0.0017643599294256027
12 85 44 24	0.07692307692307693 0.00019603999215840032
12 85 109 24	0.1388888888888889 0.00039207998431680063
12 85 123 24	0.10416666666666667 0.00039207998431680063
12 86 2 24	0.1919191919191919 0.00039207998431680063
12 86 55 24	0.25 0.00019603999215840032
12 86 108 24	0.08333333333333333 0.00019603999215840032
12 92 77 24	0.34375 0.002548519898059204
12 92 85 24	0.019071837253655435 0.0009801999607920015
12 92 104 24	0.1276595744680851 0.001372279945108802
12 92 105 24	0.4787234042553192 0.003724759851009606
12 93 75 24	0.1388888888888889 0.001176239952950402
12 93 81 24	0.5961538461538461 0.002548519898059204
12 93 108 24	0.4927536231884058 0.0029405998823760046
12 93 110 24	0.32595870206489674 0.003136639874534405
12 95 56 24	0.375 0.00039207998431680063
12 95 104 24	0.746606334841629 0.00039207998431680063
12 95 108 24	0.391304347826087 0.00039207998431680063
12 95 110 24	0.29914529914529914 0.00039207998431680063
12 99 85 24	0.30451237263464337 0.003724759851009606
12 104 8 24	0.3673469387755102 0.002352479905900804
12 104 23 24	0.34375 0.002352479905900804
12 104 24	0.45065359477124184 0.017055479317780828
12 104 45	0.0003748125937031484 0.00019603999215840032
12 104 58 24	0.6086956521739131 0.001960399921584003
12 104 73 24	0.3673469387755102 0.002352479905900804
12 104 88 24	0.34375 0.002352479905900804
12 104 109 24	0.14285714285714285 0.001372279945108802
12 104 123 24	0.14634146341463414 0.001176239952950402
12 105 8 24	0.32142857142857145 0.001372279945108802
12 105 23 24	0.5121951219512195 0.002548519898059204
12 105 24	0.4084084084084084 0.01744755930209763
12 105 50 24	0.6 0.0017643599294256027
12 105 58 24	0.3076923076923077 0.0007841599686336013
12 105 73 24	0.32142857142857145 0.001372279945108802
12 105 88 24	0.5121951219512195 0.002548519898059204
12 105 123 24	0.3671875 0.004508919819643208
12 117 56 24	0.31958762886597936 0.0021564399137424034
12 117 81 24	0.47719298245614034 0.003920799843168006
12 117 104 24	0.7511520737327189 0.001176239952950402
12 117 105 24	0.5675675675675675 0.001176239952950402
12 117 108 24	0.48148148148148145 0.0015683199372672025
12 117 110 24	0.32496513249651326 0.004312879827484807
12 118 75 24	0.42857142857142855 0.001372279945108802
12 121 104 24	0.5 0.00039207998431680063
12 122 23 24	0.8 0.0007841599686336013
12 122 24	0.35 0.0017643599294256027
12 122 58 24	0.6666666666666666 0.00039207998431680063
12 122 88 24	0.8 0.0007841599686336013
12 126 2 24	0.397979797979798 0.007057439717702411
12 126 31 24	0.5 0.00039207998431680063
12 126 55 24	0.6 0.0007841599686336013
16 28 77 24	0.5 0.001176239952950402
16 28 104 24	0.824516129032258 0.0017643599294256027
16 28 105 24	0.7456896551724138 0.0017643599294256027
16 30 77 24	0.39705882352941174 0.004704959811801608
16 30 85 24	0.593376264949402 0.007449519702019212
16 30 105 24	0.8620689655172413 0.004312879827484807
16 32 81 24	0.3783783783783784 0.00039207998431680063
16 33 81 24	0.3783783783783784 0.00039207998431680063
16 52 77 24	0.43174603174603177 0.005097039796118408
16 52 104 24	0.6886833046471601 0.007645559694177613
16 52 105 24	0.6016023306627822 0.006861399725544011
16 56 24	0.4444444444444444 0.002352479905900804
16 56 109 24	0.125 0.00039207998431680063
16 81 8 24	0.4972972972972973 0.01803567927857283
16 81 23 24	0.41033434650455924 0.01901587923936483
16 81 24	0.4313370626302512 0.3146441874142325
16 81 43 24	0.7547169811320755 0.007449519702019212
16 81 44 24	0.132 0.004312879827484807
16 81 45	0.0003740224413464808 0.0017643599294256027
16 81 50 24	0.16666666666666666 0.002744559890217604
16 81 58 24	0.3101160862354892 0.02470103901195844
16 81 73 24	0.4972972972972973 0.01803567927857283
16 81 88 24	0.41317365269461076 0.01901587923936483
16 81 108 24	0.48936170212765956 0.007841599686336012
16 81 109 24	0.1018867924528302 0.005097039796118408
16 81 115 24	0.20192307692307693 0.0035287198588512055
16 81 123 24	0.3614190687361419 0.04450107821995687
16 97 81 24	0.4 0.002744559890217604
16 98 81 24	0.4 0.002744559890217604
16 108 8 24	0.25 0.001960399921584003
16 108 23 24	0.39655172413793105 0.003724759851009606
16 108 24	0.3013664596273292 0.10958635561654577
16 108 44 24	0.1597222222222222 0.008233679670652813
16 108 45	0.00025358184354000256 0.001176239952950402
16 108 58 24	0.8 0.002352479905900804
16 108 73 24	0.25 0.001960399921584003
16 108 88 24	0.39655172413793105 0.003724759851009606
16 108 108 24	0.2222222222222222 0.0007841599686336013
16 108 123 24	0.36363636363636365 0.008821799647128014
16 110 24	0.35 0.001372279945108802
20 1 66 24	0.4379182156133829 0.04214859831405607
20 1 66 45	0.00016028209648982208 0.0007841599686336013
20 14 24	0.2 0.0007841599686336013
20 15 100 24	0.08628320160778807 0.15095079396196825
20 15 100 45	8.115649143341796e-05 0.007449519702019212
20 15 103 11	0.11285266457680251 0.007253479709860812
20 18 14 24	0.0010626992561105207 0.00019603999215840032
20 18 66 24	0.016666666666666666 0.005293079788276808
20 18 77 24	0.006996183899691077 0.010978239560870417
20 18 85 24	0.011103097123276284 0.09057047637718095
20 18 85 45	9.247879230095558e-07 0.00019603999215840032
20 18 104 24	0.010403450900786603 0.007841599686336012
20 18 105 24	0.015996878657822865 0.008037639678494413
20 18 122 24	0.004022121669180492 0.0015683199372672025
20 27 66 24	0.049079754601226995 0.004704959811801608
20 27 77 24	0.018796992481203006 0.005685159772593609
20 27 85 24	0.026263142523364487 0.09429523622819055
20 27 104 24	0.018433179723502304 0.0007841599686336013
20 27 105 24	0.042709867452135494 0.005685159772593609
20 27 122 24	0.021875 0.001372279945108802
20 30 85 24	0.15185185185185185 0.0007841599686336013
20 34 77 24	0.29160858656258715 0.055283277788668886
20 34 104 24	0.5803792250618302 0.124877475004901
20 34 104 45	0.00021542438604049978 0.001960399921584003
20 34 105 24	0.40348925706925826 0.14781415408743384
20 34 105 45	0.0002000640204865557 0.0009801999607920015
20 34 122 24	0.8333333333333334 0.0009801999607920015
20 45 108 24	0.007241215574548908 0.020780239168790432
20 51 116 24	0.054945054945054944 0.000588119976475201
20 52 85 24	0.7352941176470589 0.00019603999215840032
20 56 66 24	0.5185185185185185 0.003920799843168006
20 56 66 45	0.005128205128205128 0.0007841599686336013
20 56 100 24	0.5 0.0009801999607920015
20 66 24	0.44876325088339225 0.02489707900411684
20 77 24	0.17892156862745098 0.028621838855126445
20 77 44 24	0.03724928366762178 0.002548519898059204
20 83 14 24	0.0010626992561105207 0.00019603999215840032
20 83 66 24	0.016676961087090797 0.005293079788276808
20 83 77 24	0.007041609510745313 0.010978239560870417
20 83 85 24	0.01110367767426084 0.09057047637718095
20 83 85 45	9.253107656206337e-07 0.00019603999215840032
20 83 104 24	0.010496671786994368 0.007841599686336012
20 83 105 24	0.01594090202177294 0.008037639678494413
20 83 122 24	0.004024144869215292 0.0015683199372672025
20 85 8 24	0.24554941682013506 0.060968437561262495
20 85 23 24	0.22451317296678122 0.06449715742011371
20 85 24	0.29782496347291254 0.28445402862183883
20 85 43 24	0.6447368421052632 0.005881199764752009
20 85 44 24	0.02115100836202656 0.00646931974122721
20 85 45	7.035812284528248e-05 0.002352479905900804
20 85 50 24	0.04659717964438995 0.013722799451088022
20 85 58 24	0.20092475830180748 0.0666535973338561
20 85 73 24	0.24554941682013506 0.060968437561262495
20 85 88 24	0.22451317296678122 0.06449715742011371
20 85 108 24	0.6447368421052632 0.005881199764752009
20 85 109 24	0.0740327380952381 0.034110958635561656
20 85 115 24	0.04452255418863503 0.013722799451088022
20 85 123 24	0.19482007792803116 0.08174867673005293
20 86 2 24	0.036271881406718186 0.01881983924720643
20 86 4 24	0.12650602409638553 0.007057439717702411
20 86 11	0.5434782608695652 0.00607723975691041
20 86 14 24	0.363013698630137 0.006665359733385611
20 86 55 24	0.0035335689045936395 0.00019603999215840032
20 86 108 24	0.061128526645768025 0.00607723975691041
20 92 66 24	0.0471311475409836 0.004508919819643208
20 92 77 24	0.018685567010309278 0.005489119780435208
20 92 85 24	0.02616542337866394 0.09096255636149775
20 92 104 24	0.019801980198019802 0.0007841599686336013
20 92 105 24	0.0440251572327044 0.005489119780435208
20 92 122 24	0.021875 0.001372279945108802
20 95 0 24	0.6730769230769231 0.00627327974906881
20 95 2 24	0.03968253968253968 0.0009801999607920015
20 95 11	0.012738853503184714 0.00039207998431680063
20 95 14 24	0.42430703624733473 0.03332679866692805
20 95 56 24	0.37734741784037557 0.028621838855126445
20 95 75 24	0.09770114942528736 0.0033326798666928055
20 95 77 24	0.2773109243697479 0.08762987649480494
20 95 81 24	0.5985523385300668 0.04606939815722407
20 95 85 24	0.1889400921658986 0.007645559694177613
20 95 91 24	0.07142857142857142 0.0009801999607920015
20 95 104 24	0.46010431991440415 0.14820623407175063
20 95 104 45	0.0001291655902867476 0.001960399921584003
20 95 105 24	0.24843559828376832 0.17565183297392667
20 95 105 45	7.593937000698643e-05 0.0009801999607920015
20 95 108 24	0.48455598455598453 0.03822779847088806
20 95 110 24	0.3261213341000575 0.06881003724759852
20 95 111 24	0.6904761904761905 0.005685159772593609
20 95 116 24	0.09696969696969697 0.003920799843168006
20 95 122 24	0.44086021505376344 0.02509311899627524
20 95 128 24	1.0 0.0007841599686336013
20 104 24	0.35294117647058826 0.0035287198588512055
20 105 24	0.5560344827586207 0.02528915898843364
20 117 77 24	0.440196613872201 0.027445598902176044
20 117 104 24	0.7290405176291478 0.04508919819643207
20 117 105 24	0.681939620625167 0.05018623799255048
20 117 122 24	0.21739130434782608 0.0009801999607920015
20 122 24	0.3695652173913043 0.0033326798666928055
20 122 123 24	0.3939393939393939 0.002548519898059204
20 126 2 24	0.009554140127388535 0.001960399921584003
22 71 24	1.0 0.0015683199372672025
22 87 24	0.5966386554621849 0.004900999803960008
22 116 24	0.020202020202020204 0.00039207998431680063
22 116 109 24	0.057692307692307696 0.00019603999215840032
23 1 66 24	0.6818181818181818 0.002352479905900804
23 6 71 24	0.417910447761194 0.000588119976475201
23 8 8 24	0.8333333333333334 0.000588119976475201
23 8 24	0.75 0.000588119976475201
23 10 75 24	0.4444444444444444 0.00039207998431680063
23 16 81 24	0.4523809523809524 0.00627327974906881
23 16 108 24	0.23529411764705882 0.0017643599294256027
23 20 85 24	0.31377825618945104 0.005881199764752009
23 20 85 45	0.0010438413361169101 0.00039207998431680063
23 22 116 24	0.030303030303030304 0.00019603999215840032
23 23 23 24	0.875 0.010586159576553617
23 23 24	1.0 0.020976279160948835
23 23 58 24	1.0 0.0017643599294256027
23 23 73 24	0.8333333333333334 0.0009801999607920015
23 23 88 24	0.875 0.010586159576553617
23 24	0.873015873015873 0.010782199568712018
23 24 89 24	0.8389458977694272 0.01235051950597922
23 24 89 45	0.0019520356943669827 0.001372279945108802
23 24 110 24	0.5384615384615384 0.001372279945108802
23 24 110 45	0.2608695652173913 0.001176239952950402
23 35 100 24	0.10672428264992073 0.009605959615761616
23 35 100 45	0.0002691548537591961 0.001372279945108802
23 36 101 24	0.11773940345368916 0.003136639874534405
23 37 111 24	0.28205128205128205 0.00019603999215840032
23 39 104 24	0.6394101876675603 0.00607723975691041
23 39 105 24	0.3781818181818182 0.002352479905900804
23 39 122 24	0.5789473684210527 0.0015683199372672025
23 40 104 24	0.444007858546169 0.0029405998823760046
23 40 105 24	0.346875 0.005489119780435208
23 43 81 24	0.4423076923076923 0.001372279945108802
23 43 108 24	0.3118279569892473 0.002352479905900804
23 44 109 24	0.2 0.000588119976475201
23 45 110 24	0.5208140610545791 0.0033326798666928055
23 46 102 24	0.08955223880597014 0.004704959811801608
23 46 111 24	0.07144916621839699 0.019211919231523232
23 50 24	1.0 0.0007841599686336013
23 51 87 24	0.08333333333333333 0.00019603999215840032
23 51 116 24	0.18020833333333333 0.004312879827484807
23 58 24	1.0 0.0015683199372672025
23 58 123 24	0.9722222222222222 0.0021564399137424034
23 67 2 24	0.819672131147541 0.0029405998823760046
23 73 8 24	0.8571428571428571 0.0007841599686336013
23 73 123 24	1.0 0.000588119976475201
23 88 23 24	0.8769230769230769 0.010782199568712018
23 88 24	1.0 0.021956479121740834
23 88 58 24	1.0 0.0017643599294256027
23 88 88 24	0.875 0.010586159576553617
23 123 8 24	1.0 0.00019603999215840032
23 123 24	0.7142857142857143 0.0007841599686336013
23 123 73 24	1.0 0.00019603999215840032
24	1.0 1.0
24 76 11	1.0 0.1246814350127426
24 89 8 24	0.7752711496746204 0.5659674573613017
24 89 23 24	0.8547985347985348 0.5124485395020584
24 89 24	0.8595237132922547 1.0
24 89 43	0.00013161618089327902 0.003920799843168006
24 89 43 24	0.6966573816155989 0.2423054303077828
24 89 44 24	0.14066404855408782 0.07135855714565771
24 89 45	0.0030023626547027063 0.19721623211135073
24 89 50 24	0.7009896324222432 0.14408939423642422
24 89 58 24	0.722875816993464 0.580278376788865
24 89 73 24	0.7752711496746204 0.5659674573613017
24 89 88 24	0.8547985347985348 0.5124485395020584
24 89 108 24	0.8112228349010704 0.24799059008037638
24 89 109 24	0.09663968604365955 0.07253479709860812
24 89 115 24	0.7189463508941517 0.15055871397765144
24 89 123 24	0.6490730323338062 0.5896882964124681
24 108 24	1.0 0.003920799843168006
24 108 43	1.0 0.003920799843168006
24 110 24	0.528 0.19800039207998432
24 110 45	0.3555038244097107 0.19858851205645953
26 91 24	1.0 0.002744559890217604
26 91 73 24	1.0 0.00039207998431680063
33 6 71 24	0.14285714285714285 0.00019603999215840032
33 10 75 24	0.2857142857142857 0.00019603999215840032
33 98 24	1.0 0.0017643599294256027
35 80 14 24	0.15151515151515152 0.0009801999607920015
35 80 56 24	0.3333333333333333 0.001176239952950402
35 80 66 24	0.8270042194092827 0.03783571848657126
35 80 77 24	0.12096822995461422 0.1227210350911586
35 80 85 24	0.09431950594915478 0.3685551852577926
35 80 85 45	3.0373379959846394e-06 0.000588119976475201
35 80 86 11	0.26038338658146964 0.09586355616545775
35 80 104 24	0.2462341092471121 0.34640266614389337
35 80 104 45	2.4931904735192006e-05 0.0007841599686336013
35 80 105 24	0.07518634032880478 0.34287394628504214
35 80 116 24	0.018255578093306288 0.0017643599294256027
35 80 122 24	0.26666666666666666 0.0007841599686336013
35 100 8 24	0.08887497153268048 0.33013134679474615
35 100 23 24	0.10768532147442923 0.3105273475789061
35 100 24	0.1146483952668472 0.5481278180748873
35 100 43 24	0.17670040845320548 0.09919623603215055
35 100 44 24	0.028878292259013325 0.04097235836110567
35 100 45	0.00022982753415454746 0.16428151342873945
35 100 50 24	0.06834979396952057 0.042736718290531266
35 100 58 24	0.10479064733946072 0.34797098608116056
35 100 73 24	0.08887497153268048 0.33013134679474615
35 100 88 24	0.10768532147442923 0.3105273475789061
35 100 108 24	0.26052210974960044 0.09586355616545775
35 100 109 24	0.016964462133401078 0.09998039600078416
35 100 115 24	0.06073953865770256 0.04332483826700647
35 100 123 24	0.13735543498100122 0.33836502646539895
35 103 11	0.17270488920154767 0.09625563614977456
35 103 14 24	0.283945522080066 0.13487551460497943
35 103 108 24	0.5006451612903225 0.03901195843952166
35 103 109 24	0.35714285714285715 0.0009801999607920015
35 121 85 24	0.5 0.00039207998431680063
36 101 8 24	0.10252996005326231 0.011762399529504019
36 101 23 24	0.11885895404120443 0.014702999411880023
36 101 24	0.20799708202252315 0.11193883552244657
36 101 43 24	0.11363636363636363 0.0009801999607920015
36 101 44 24	0.10699152542372882 0.008037639678494413
36 101 50 24	0.08527131782945736 0.0021564399137424034
36 101 58 24	0.11827956989247312 0.01195843952166242
36 101 73 24	0.10252996005326231 0.011762399529504019
36 101 88 24	0.11885895404120443 0.014702999411880023
36 101 108 24	0.2807017543859649 0.003136639874534405
36 101 109 24	0.06702412868632708 0.010978239560870417
36 101 115 24	0.03636363636363636 0.00039207998431680063
36 101 123 24	0.11755485893416928 0.014702999411880023
36 127 23 24	0.3 0.000588119976475201
36 127 24	0.1880952380952381 0.01293863948245442
36 127 88 24	0.3 0.000588119976475201
36 127 109 24	0.21153846153846154 0.0021564399137424034
37 94 14 24	0.5 0.00019603999215840032
37 102 8 24	0.75 0.002744559890217604
37 102 23 24	0.234375 0.0029405998823760046
37 102 24	0.466211085801063 0.033914918643403257
37 102 44 24	0.4090909090909091 0.0015683199372672025
37 102 45	0.00037023324694557573 0.00019603999215840032
37 102 58 24	0.2553191489361702 0.002352479905900804
37 102 73 24	0.75 0.002744559890217604
37 102 88 24	0.234375 0.0029405998823760046
37 102 109 24	0.13829787234042554 0.002548519898059204
37 102 115 24	0.7333333333333333 0.001372279945108802
37 102 123 24	0.1 0.00039207998431680063
37 111 8 24	0.07741935483870968 0.0017643599294256027
37 111 23 24	0.11019283746556474 0.0021564399137424034
37 111 24	0.04464574571336137 0.004900999803960008
37 111 44 24	0.1893939393939394 0.0015683199372672025
37 111 50 24	0.22 0.00039207998431680063
37 111 58 24	0.07125890736342043 0.001960399921584003
37 111 73 24	0.07467532467532467 0.0017643599294256027
37 111 88 24	0.10422535211267606 0.0021564399137424034
37 111 109 24	0.0835214446952596 0.001372279945108802
37 111 115 24	0.20430107526881722 0.00039207998431680063
37 111 123 24	0.06698564593301436 0.0021564399137424034
39 15 100 24	0.22071401161618462 0.050970397961184084
39 15 100 45	5.149027569364757e-05 0.001372279945108802
39 18 85 24	0.009407985314364388 0.0009801999607920015
39 18 105 24	0.08333333333333333 0.00019603999215840032
39 27 77 24	0.125 0.0029405998823760046
39 27 85 24	0.016194331983805668 0.00039207998431680063
39 27 104 24	0.4127659574468085 0.04999019800039208
39 27 105 24	0.24413145539906103 0.01881983924720643
39 27 122 24	0.27941176470588236 0.0021564399137424034
39 30 14 24	0.25 0.00019603999215840032
39 30 66 24	0.8864864864864865 0.03215055871397765
39 30 77 24	0.4241645244215938 0.03234659870613605
39 30 85 24	0.4565869455578266 0.10488139580474416
39 30 85 45	3.9562700286170196e-05 0.000588119976475201
39 30 86 11	0.49258160237388726 0.016663399333464026
39 30 104 24	0.3333333333333333 0.0007841599686336013
39 30 105 24	0.8009259259259259 0.033914918643403257
39 33 104 24	1.0 0.00019603999215840032
39 34 104 24	0.2222222222222222 0.000588119976475201
39 34 105 24	0.09375 0.00019603999215840032
39 45 108 24	0.020833333333333332 0.00019603999215840032
39 49 114 24	0.875 0.00019603999215840032
39 52 66 24	0.9053254437869822 0.029994118800235246
39 52 77 24	0.4381720430107527 0.03195451872181925
39 52 85 24	0.7101449275362319 0.04195255832189767
39 52 104 24	0.7421875 0.03509115859635366
39 52 105 24	0.7772277227722773 0.03077827876886885
39 52 122 24	0.3684210526315789 0.004116839835326407
39 56 77 24	0.5 0.00039207998431680063
39 56 104 24	0.36363636363636365 0.000588119976475201
39 56 105 24	0.15384615384615385 0.00019603999215840032
39 77 8 24	0.5 0.0009801999607920015
39 77 23 24	0.31441717791411045 0.03646343854146246
39 77 24	0.4164904862579281 0.08057243677710253
39 77 44 24	0.4599236641221374 0.033914918643403257
39 77 50 24	0.3037974683544304 0.004704959811801608
39 77 58 24	0.44594594594594594 0.00646931974122721
39 77 88 24	0.31441717791411045 0.03646343854146246
39 77 109 24	0.10879190385831752 0.03215055871397765
39 77 115 24	0.31645569620253167 0.004900999803960008
39 77 123 24	0.23809523809523808 0.01235051950597922
39 83 77 24	0.02857142857142857 0.00039207998431680063
39 83 85 24	0.00933302982016845 0.0009801999607920015
39 83 105 24	0.07692307692307693 0.00019603999215840032
39 85 24	0.33962264150943394 0.00039207998431680063
39 85 123 24	0.5 0.00019603999215840032
39 92 77 24	0.27956989247311825 0.005097039796118408
39 92 85 24	0.015209125475285171 0.00039207998431680063
39 92 104 24	0.3972153972153972 0.016271319349147224
39 92 105 24	0.2747093023255814 0.01764359929425603
39 93 0 24	0.5443037974683544 0.008233679670652813
39 93 14 24	0.4444444444444444 0.03136639874534405
39 93 56 24	0.9053254437869822 0.029994118800235246
39 93 75 24	0.132013201320132 0.0035287198588512055
39 93 81 24	0.8862690707350902 0.03509115859635366
39 93 108 24	0.6947916666666667 0.04077631836894727
39 93 110 24	0.4673801369863014 0.04920603803175848
39 95 104 24	0.2857142857142857 0.00039207998431680063
39 95 105 24	0.15789473684210525 0.00019603999215840032
39 95 116 24	0.045454545454545456 0.00039207998431680063
39 98 104 24	1.0 0.00019603999215840032
39 99 14 24	0.5 0.00019603999215840032
39 99 66 24	0.8138297872340425 0.029994118800235246
39 99 77 24	0.3851851851851852 0.03058223877671045
39 99 85 24	0.5545077168706759 0.0613605175455793
39 99 85 45	5.84214523573056e-05 0.000588119976475201
39 99 86 11	0.2 0.00019603999215840032
39 99 95 11	0.011494252873563218 0.00039207998431680063
39 99 104 24	0.2222222222222222 0.001176239952950402
39 99 105 24	0.8908045977011494 0.030386198784552048
39 99 110 24	0.029411764705882353 0.00019603999215840032
39 99 122 24	0.05263157894736842 0.00019603999215840032
39 104 8 24	0.6286549707602339 0.04940207802391688
39 104 23 24	0.5129032258064516 0.04626543814938247
39 104 24	0.6320480325757261 0.29641246814350125
39 104 45	0.0002038476239011339 0.0015683199372672025
39 104 50 24	0.26666666666666666 0.0007841599686336013
39 104 58 24	0.7048710601719198 0.041364438345422465
39 104 73 24	0.6323529411764706 0.04940207802391688
39 104 88 24	0.5129032258064516 0.04626543814938247
39 104 109 24	0.0255863539445629 0.001960399921584003
39 104 123 24	0.20253164556962025 0.021172319153107234
39 105 8 24	0.295 0.00646931974122721
39 105 23 24	0.47468354430379744 0.03685551852577926
39 105 24	0.4496741491672701 0.16683003332679866
39 105 44 24	0.3783783783783784 0.002352479905900804
39 105 45	0.00016322977311061538 0.000588119976475201
39 105 50 24	0.2536231884057971 0.006861399725544011
39 105 58 24	0.3602150537634409 0.01254655949813762
39 105 73 24	0.295 0.00646931974122721
39 105 88 24	0.47478991596638653 0.037051558517937656
39 105 108 24	0.5844155844155844 0.008429719662811214
39 105 109 24	0.03278688524590164 0.0007841599686336013
39 105 115 24	0.23178807947019867 0.006861399725544011
39 105 123 24	0.3935040599625234 0.060772397569104096
39 117 56 24	0.41015873015873017 0.035483238580670456
39 117 81 24	0.6866151866151866 0.04783375808664968
39 117 104 24	0.6934306569343066 0.0029405998823760046
39 117 105 24	0.3724137931034483 0.0017643599294256027
39 117 108 24	0.7251461988304093 0.03156243873750245
39 117 110 24	0.462214848610535 0.05724367771025289
39 118 75 24	0.1935483870967742 0.002548519898059204
39 121 56 24	0.6 0.0017643599294256027
39 121 104 24	0.36363636363636365 0.000588119976475201
39 122 8 24	1.0 0.00019603999215840032
39 122 23 24	0.75 0.0029405998823760046
39 122 24	0.5049019607843137 0.015291119388355225
39 122 58 24	0.3684210526315789 0.001372279945108802
39 122 88 24	0.75 0.0029405998823760046
39 126 2 24	0.31053149606299213 0.01862379925504803
39 126 4 24	0.2972972972972973 0.004312879827484807
39 126 55 24	0.5 0.00039207998431680063
40 1 66 24	0.6 0.00039207998431680063
40 15 100 24	0.06520662748370178 0.03626739854930406
40 15 100 45	3.6761809731376205e-05 0.001372279945108802
40 18 85 24	0.014250955856795273 0.00039207998431680063
40 27 77 24	0.35714285714285715 0.007057439717702411
40 27 85 24	0.039603960396039604 0.000588119976475201
40 27 104 24	0.26068965517241377 0.01881983924720643
40 27 105 24	0.200990099009901 0.021760439129582435
40 27 122 24	0.2831858407079646 0.0033326798666928055
40 30 66 24	0.6779661016949152 0.007841599686336012
40 30 77 24	0.2645161290322581 0.008037639678494413
40 30 85 24	0.25724324049086 0.10292099588316017
40 30 85 45	2.524806221122529e-05 0.00039207998431680063
40 30 86 11	0.2995391705069124 0.01293863948245442
40 30 104 24	0.16666666666666666 0.000588119976475201
40 30 105 24	0.5888888888888889 0.010390119584395216
40 34 104 24	0.8333333333333334 0.000588119976475201
40 34 105 24	0.7547169811320755 0.000588119976475201
40 52 66 24	0.8974358974358975 0.006861399725544011
40 52 77 24	0.3783783783783784 0.008037639678494413
40 52 85 24	0.6660143509458578 0.01744755930209763
40 52 104 24	0.4153846153846154 0.009998039600078416
40 52 105 24	0.5280898876404494 0.009017839639286415
40 52 122 24	0.2102803738317757 0.004900999803960008
40 52 128 24	0.13333333333333333 0.00039207998431680063
40 56 24	0.15384615384615385 0.00039207998431680063
40 56 77 24	0.5 0.000588119976475201
40 56 104 24	0.25 0.000588119976475201
40 77 8 24	0.8181818181818182 0.0017643599294256027
40 77 23 24	0.3317307692307692 0.01215447951382082
40 77 24	0.38857142857142857 0.04900999803960008
40 77 44 24	0.32753623188405795 0.008429719662811214
40 77 50 24	0.35294117647058826 0.002352479905900804
40 77 58 24	0.5961538461538461 0.00607723975691041
40 77 88 24	0.3317307692307692 0.01215447951382082
40 77 109 24	0.075 0.008625759654969613
40 77 115 24	0.35 0.002744559890217604
40 77 123 24	0.2152777777777778 0.005293079788276808
40 83 85 24	0.014295676429567642 0.00039207998431680063
40 83 104 24	0.08333333333333333 0.00019603999215840032
40 85 24	0.5098814229249012 0.000588119976475201
40 92 77 24	0.4084507042253521 0.008821799647128014
40 92 85 24	0.038410596026490065 0.000588119976475201
40 92 104 24	0.2290748898678414 0.01235051950597922
40 92 105 24	0.20118929633300298 0.021760439129582435
40 92 122 24	0.2 0.0007841599686336013
40 93 0 24	0.33962264150943394 0.0033326798666928055
40 93 14 24	0.3963963963963964 0.008625759654969613
40 93 56 24	0.8974358974358975 0.006861399725544011
40 93 75 24	0.13270142180094788 0.0021564399137424034
40 93 81 24	0.7972350230414746 0.013134679474612821
40 93 108 24	0.6428571428571429 0.009409919623603215
40 93 110 24	0.3668217903093348 0.016467359341305627
40 95 81 24	0.8064516129032258 0.00019603999215840032
40 95 104 24	0.7424892703862661 0.000588119976475201
40 95 105 24	0.5096153846153846 0.000588119976475201
40 95 110 24	0.35051546391752575 0.00019603999215840032
40 99 66 24	0.6363636363636364 0.006861399725544011
40 99 77 24	0.2535211267605634 0.007057439717702411
40 99 85 24	0.3941438865378017 0.032934718682611254
40 99 85 45	8.32674132978059e-05 0.00039207998431680063
40 99 104 24	0.1 0.000588119976475201
40 99 105 24	0.8333333333333334 0.007841599686336012
40 99 122 24	0.14285714285714285 0.00039207998431680063
40 99 128 24	0.13333333333333333 0.00039207998431680063
40 104 8 24	0.39705882352941174 0.011174279553028818
40 104 23 24	0.32298136645962733 0.01215447951382082
40 104 24	0.4541772151898734 0.13840423446383063
40 104 44 24	0.02564102564102564 0.00019603999215840032
40 104 45	0.00011057054400707652 0.00039207998431680063
40 104 58 24	0.5900621118012422 0.014506959419721624
40 104 73 24	0.40298507462686567 0.011174279553028818
40 104 88 24	0.32298136645962733 0.01215447951382082
40 104 108 24	0.4166666666666667 0.001960399921584003
40 104 109 24	0.02348993288590604 0.001372279945108802
40 104 123 24	0.11151079136690648 0.00607723975691041
40 105 8 24	0.4373259052924791 0.012742599490296021
40 105 23 24	0.3564356435643564 0.01685943932562243
40 105 24	0.3976307714265325 0.34032542638698293
40 105 44 24	0.2391304347826087 0.001960399921584003
40 105 45	0.00030539013589861045 0.0007841599686336013
40 105 50 24	0.33653846153846156 0.006861399725544011
40 105 58 24	0.30711610486891383 0.014506959419721624
40 105 73 24	0.4373259052924791 0.012742599490296021
40 105 88 24	0.36156351791530944 0.01744755930209763
40 105 108 24	0.4 0.003724759851009606
40 105 109 24	0.09433962264150944 0.001960399921584003
40 105 115 24	0.31343283582089554 0.008233679670652813
40 105 123 24	0.3526093088857546 0.03019015879239365
40 117 56 24	0.41643835616438357 0.009213879631444814
40 117 77 24	0.5714285714285714 0.000588119976475201
40 117 81 24	0.6191904047976012 0.023524799059008037
40 117 104 24	0.7440758293838863 0.0007841599686336013
40 117 105 24	0.4563106796116505 0.0015683199372672025
40 117 108 24	0.697560975609756 0.007449519702019212
40 117 110 24	0.36311787072243346 0.01685943932562243
40 118 75 24	0.29523809523809524 0.003724759851009606
40 121 24	1.0 0.00019603999215840032
40 121 56 24	0.75 0.001176239952950402
40 122 23 24	0.75 0.000588119976475201
40 122 24	0.27461139896373055 0.008233679670652813
40 122 58 24	0.27586206896551724 0.0015683199372672025
40 122 88 24	0.75 0.000588119976475201
40 126 2 24	0.39093242087254065 0.020388159184473634
40 126 4 24	0.43902439024390244 0.0035287198588512055
40 126 31 24	0.4444444444444444 0.0007841599686336013
40 126 55 24	0.4 0.0007841599686336013
41 106 23 24	0.2 0.0007841599686336013
41 106 24	0.2486910994764398 0.007253479709860812
41 106 44 24	0.23333333333333334 0.0021564399137424034
41 106 88 24	0.2 0.0007841599686336013
43	0.001949317738791423 0.00019603999215840032
43 14 24	0.95 0.003724759851009606
43 16 81 24	0.4380952380952381 0.0009801999607920015
43 20 85 24	0.5697674418604651 0.00019603999215840032
43 21 85 24	0.048207663782447466 0.0007841599686336013
43 24	0.6666666666666666 0.0007841599686336013
43 24 89 24	0.7007565144298122 0.0009801999607920015
43 28 77 24	0.4788732394366197 0.0017643599294256027
43 28 104 24	0.7874852420306966 0.001960399921584003
43 28 105 24	0.7083333333333334 0.0015683199372672025
43 28 122 24	1.0 0.00019603999215840032
43 30 66 24	0.5714285714285714 0.0015683199372672025
43 30 77 24	0.28125 0.0017643599294256027
43 30 85 24	0.46055045871559636 0.00627327974906881
43 30 86 11	0.9411764705882353 0.003136639874534405
43 35 100 24	0.21879194630872484 0.00039207998431680063
43 36 101 24	0.23880597014925373 0.00039207998431680063
43 38 100 24	0.6268174474959612 0.0007841599686336013
43 40 104 24	0.4891304347826087 0.000588119976475201
43 40 105 24	0.3142857142857143 0.000588119976475201
43 43 81 24	0.19047619047619047 0.00019603999215840032
43 45 110 24	0.7111111111111111 0.000588119976475201
43 46 111 24	0.10933869526362824 0.0009801999607920015
43 52 77 24	0.40625 0.001176239952950402
43 52 104 24	0.6775956284153005 0.001372279945108802
43 52 105 24	0.6470588235294118 0.0009801999607920015
43 56 24	0.42857142857142855 0.000588119976475201
43 81 8 24	0.34065934065934067 0.002548519898059204
43 81 23 24	0.19047619047619047 0.001960399921584003
43 81 24	0.2915865384615385 0.05195059792197608
43 81 44 24	0.11538461538461539 0.0007841599686336013
43 81 58 24	0.1926605504587156 0.0033326798666928055
43 81 73 24	0.34065934065934067 0.002548519898059204
43 81 88 24	0.19047619047619047 0.001960399921584003
43 81 108 24	0.38461538461538464 0.0009801999607920015
43 81 109 24	0.02112676056338028 0.000588119976475201
43 81 123 24	0.3137254901960784 0.009017839639286415
43 89 24	0.7692307692307693 0.00019603999215840032
43 89 43	0.25 0.00019603999215840032
43 89 45	0.25 0.00019603999215840032
43 98 81 24	0.2 0.00039207998431680063
43 108 8 24	0.46153846153846156 0.001176239952950402
43 108 23 24	0.24793388429752067 0.004312879827484807
43 108 24	0.47497546614327774 0.09370711625171535
43 108 44 24	0.14728682170542637 0.002548519898059204
43 108 58 24	0.4074074074074074 0.001372279945108802
43 108 73 24	0.46153846153846156 0.001176239952950402
43 108 88 24	0.24793388429752067 0.004312879827484807
43 108 108 24	0.6153846153846154 0.0015683199372672025
43 108 109 24	0.13043478260869565 0.001176239952950402
43 108 123 24	0.30985915492957744 0.0035287198588512055
43 110 24	0.4807692307692308 0.002352479905900804
43 110 45	4.6567942628294685e-05 0.00019603999215840032
43 110 77 24	0.03125 0.000588119976475201
43 110 85 24	0.006584628670120898 0.002548519898059204
44 1 66 24	0.07692307692307693 0.001176239952950402
44 6 71 24	0.05673758865248227 0.00039207998431680063
44 12 105 24	0.0797872340425532 0.0009801999607920015
44 16 81 24	0.08709677419354839 0.0015683199372672025
44 16 108 24	0.022727272727272728 0.000588119976475201
44 20 77 24	0.16666666666666666 0.0007841599686336013
44 20 85 24	0.07868722815342033 0.0021564399137424034
44 24	0.08 0.00039207998431680063
44 24 89 24	0.09392133492252681 0.000588119976475201
44 35 100 24	0.017518556302107153 0.002548519898059204
44 36 101 24	0.06276150627615062 0.002352479905900804
44 39 104 24	0.027842227378190254 0.0009801999607920015
44 39 105 24	0.025362318840579712 0.000588119976475201
44 40 104 24	0.041237113402061855 0.00019603999215840032
44 43 108 24	0.11764705882352941 0.000588119976475201
44 44 109 24	0.15853658536585366 0.002548519898059204
44 45 110 24	0.04183535762483131 0.0007841599686336013
44 46 102 24	0.0859375 0.0009801999607920015
44 46 111 24	0.02292176527984388 0.005489119780435208
44 51 116 24	0.05605275553462082 0.003136639874534405
44 62 101 24	0.2 0.00019603999215840032
44 62 127 24	0.043478260869565216 0.00019603999215840032
44 109 23 24	0.23636363636363636 0.0007841599686336013
44 109 24	0.3702127659574468 0.00607723975691041
44 109 44 24	0.13032886723507917 0.001372279945108802
44 109 88 24	0.23636363636363636 0.0007841599686336013
44 109 109 24	0.12771739130434784 0.002744559890217604
44 121 56 24	0.13043478260869565 0.00039207998431680063
45	0.007049345417925478 0.001372279945108802
45 6 71 24	0.47619047619047616 0.00019603999215840032
45 10 75 24	0.5 0.000588119976475201
45 28 77 24	0.3103932584269663 0.009801999607920015
45 28 104 24	0.48858856171126824 0.015095079396196824
45 28 105 24	0.36853685368536854 0.01195843952166242
45 28 122 24	0.3125 0.0009801999607920015
45 30 66 24	0.4857142857142857 0.00646931974122721
45 30 77 24	0.21739130434782608 0.006665359733385611
45 30 85 24	0.3426995996676486 0.013722799451088022
45 30 105 24	0.4146341463414634 0.00646931974122721
45 30 122 24	0.16666666666666666 0.00019603999215840032
45 34 104 24	0.058823529411764705 0.00019603999215840032
45 52 77 24	0.3014230271668823 0.010194079592236817
45 52 104 24	0.48009650180940894 0.014506959419721624
45 52 104 45	0.0002098635886673662 0.00039207998431680063
45 52 105 24	0.3655002733734281 0.010978239560870417
45 52 122 24	1.0 0.000588119976475201
45 81 23 24	0.5 0.00019603999215840032
45 81 24	0.3333333333333333 0.00039207998431680063
45 89 8 24	0.6666666666666666 0.00039207998431680063
45 89 23 24	0.7 0.000588119976475201
45 89 24	0.8116833205226749 0.001960399921584003
45 89 43	0.007575757575757576 0.00019603999215840032
45 89 45	0.023255813953488372 0.001372279945108802
45 89 58 24	0.6666666666666666 0.00039207998431680063
45 89 73 24	0.6666666666666666 0.00039207998431680063
45 89 88 24	0.7 0.000588119976475201
45 89 108 24	1.0 0.00019603999215840032
45 89 123 24	0.4 0.00039207998431680063
45 108 24	0.3968253968253968 0.009801999607920015
45 108 43	0.0014619883040935672 0.00019603999215840032
45 108 44 24	0.07407407407407407 0.00039207998431680063
45 108 88 24	1.0 0.00019603999215840032
45 110 8 24	0.4444444444444444 0.05136247794550088
45 110 23 24	0.4763912310286678 0.05841991766320329
45 110 24	0.5868466469428008 0.16643795334248188
45 110 43 24	0.9830508474576272 0.034110958635561656
45 110 44 24	0.17697841726618704 0.015291119388355225
45 110 45	0.0006510541946491684 0.03665947853362086
45 110 50 24	0.3409090909090909 0.005881199764752009
45 110 58 24	0.4895259095920617 0.0650852773965889
45 110 73 24	0.4444444444444444 0.05136247794550088
45 110 88 24	0.4763912310286678 0.05841991766320329
45 110 108 24	0.8807339449541285 0.03646343854146246
45 110 109 24	0.04661654135338346 0.00607723975691041
45 110 115 24	0.3409090909090909 0.005881199764752009
45 110 123 24	0.24290220820189273 0.019211919231523232
46 30 85 24	0.6170212765957447 0.00019603999215840032
46 102 8 24	0.48 0.002352479905900804
46 102 23 24	0.3055555555555556 0.00646931974122721
46 102 24	0.035000211353933296 0.08508135659674573
46 102 50 24	0.12962962962962962 0.002744559890217604
46 102 73 24	0.48 0.002352479905900804
46 102 88 24	0.3055555555555556 0.00646931974122721
46 102 115 24	0.4095238095238095 0.01685943932562243
46 111 8 24	0.07739642955933357 0.5253871789845128
46 111 23 24	0.06838870827055744 0.45598902176043915
46 111 24	0.05375343252544004 0.9551068417957264
46 111 43	4.918956675235021e-06 0.003920799843168006
46 111 43 24	0.10762428093071177 0.17486767300529307
46 111 44 24	0.03377471692672811 0.14114879435404823
46 111 45	0.00011514054397343642 0.16173299353068027
46 111 50 24	0.1420852944001537 0.08762987649480494
46 111 58 24	0.056907424017308784 0.5718486571260537
46 111 73 24	0.07693913992150112 0.5253871789845128
46 111 88 24	0.0675276811640448 0.4557929817682807
46 111 108 24	0.1251854504527549 0.2374044305038228
46 111 109 24	0.02318651711716988 0.259556949617722
46 111 115 24	0.14289180009704028 0.08684571652617133
46 111 123 24	0.05690458567439357 0.5459713781611448
49 114 2 24	0.05 0.00019603999215840032
49 114 23 24	0.8 0.003136639874534405
49 114 24	0.4365284974093264 0.01764359929425603
49 114 58 24	0.6571428571428571 0.0035287198588512055
49 114 88 24	0.8 0.003136639874534405
49 114 104 24	0.875 0.002744559890217604
50 6 71 24	0.4161073825503356 0.0007841599686336013
50 12 104 24	0.28735632183908044 0.0007841599686336013
50 12 105 24	0.3333333333333333 0.0007841599686336013
50 16 81 24	0.21649484536082475 0.0015683199372672025
50 20 85 24	0.0633861551292744 0.0017643599294256027
50 23 123 24	1.0 0.00019603999215840032
50 24	0.8333333333333334 0.001960399921584003
50 24 89 24	0.7811350499211771 0.002352479905900804
50 35 100 24	0.07559739319333816 0.0021564399137424034
50 36 127 24	0.2 0.00019603999215840032
50 37 111 24	0.4075829383886256 0.00019603999215840032
50 39 105 24	0.4090909090909091 0.00039207998431680063
50 40 77 24	0.44 0.000588119976475201
50 40 104 24	0.22012578616352202 0.001372279945108802
50 40 105 24	0.31343283582089554 0.002352479905900804
50 45 110 24	0.3191489361702128 0.00019603999215840032
50 46 102 24	0.2235294117647059 0.003136639874534405
50 46 111 24	0.19135139008311838 0.005097039796118408
50 50 24	1.0 0.005097039796118408
50 50 115 24	0.8888888888888888 0.0015683199372672025
50 51 116 24	0.13237924865831843 0.001176239952950402
50 57 122 24	0.5806451612903226 0.000588119976475201
50 62 127 24	0.5 0.00039207998431680063
50 67 2 24	0.6825396825396826 0.002744559890217604
50 88 23 24	1.0 0.000588119976475201
50 88 24	1.0 0.000588119976475201
50 115 23 24	1.0 0.00039207998431680063
50 115 24	1.0 0.00627327974906881
50 115 73 24	1.0 0.00019603999215840032
51 15 100 24	0.018907563025210083 0.000588119976475201
51 30 14 24	0.03125 0.00019603999215840032
51 30 85 24	0.09523809523809523 0.003724759851009606
51 30 104 24	0.046875 0.000588119976475201
51 51 116 24	0.007936507936507936 0.00019603999215840032
51 87 23 24	0.034482758620689655 0.000588119976475201
51 87 24	0.022988505747126436 0.0007841599686336013
51 87 44 24	0.07721280602636535 0.004116839835326407
51 87 88 24	0.034482758620689655 0.000588119976475201
51 116 8 24	0.17365269461077845 0.015879239364830426
51 116 23 24	0.20022753128555176 0.020584199176632033
51 116 24	0.1214569465321022 0.118996275240149
51 116 44 24	0.10135135135135136 0.017251519309939227
51 116 45	5.083238022620409e-05 0.00019603999215840032
51 116 50 24	0.1201923076923077 0.008821799647128014
51 116 58 24	0.14586466165413534 0.028817878847284845
51 116 73 24	0.17365269461077845 0.015879239364830426
51 116 85 24	0.06896551724137931 0.001960399921584003
51 116 88 24	0.20114942528735633 0.020388159184473634
51 116 108 24	0.5098039215686274 0.0029405998823760046
51 116 109 24	0.056928583603204366 0.021760439129582435
51 116 115 24	0.12824956672443674 0.013134679474612821
51 116 116 24	0.009708737864077669 0.00019603999215840032
51 116 123 24	0.16862326574172892 0.01960399921584003
51 116 128 24	1.0 0.00039207998431680063
53 126 2 24	0.375 0.00039207998431680063
56 121 24	1.0 0.00039207998431680063
56 126 2 24	0.7333333333333333 0.00019603999215840032
57 15 100 24	0.26666666666666666 0.00039207998431680063
57 27 104 24	0.23076923076923078 0.00039207998431680063
57 27 105 24	0.2631578947368421 0.0007841599686336013
57 30 85 24	0.4341906202723147 0.0021564399137424034
57 30 86 11	0.75 0.000588119976475201
57 34 105 24	0.13333333333333333 0.00019603999215840032
57 52 85 24	0.21739130434782608 0.00019603999215840032
57 77 24	0.3783783783783784 0.0015683199372672025
57 77 58 24	0.5 0.00019603999215840032
57 85 24	0.3469387755102041 0.00039207998431680063
57 85 123 24	0.6666666666666666 0.00039207998431680063
57 92 104 24	0.2235294117647059 0.001372279945108802
57 92 105 24	0.27350427350427353 0.0017643599294256027
57 99 85 24	0.8333333333333334 0.00019603999215840032
57 104 23 24	0.3793103448275862 0.001176239952950402
57 104 24	0.4858490566037736 0.006665359733385611
57 104 58 24	1.0 0.0009801999607920015
57 104 88 24	0.3793103448275862 0.001176239952950402
57 105 24	0.29775280898876405 0.003724759851009606
57 105 58 24	0.42857142857142855 0.000588119976475201
57 105 73 24	0.4 0.00019603999215840032
57 117 81 24	0.14285714285714285 0.00019603999215840032
57 117 104 24	0.3712121212121212 0.0015683199372672025
57 117 105 24	0.22167487684729065 0.0015683199372672025
57 122 8 24	0.35555555555555557 0.003920799843168006
57 122 23 24	0.8541666666666666 0.007253479709860812
57 122 24	0.6591269841269841 0.07802391687904332
57 122 50 24	0.47368421052631576 0.0035287198588512055
57 122 58 24	0.4666666666666667 0.0021564399137424034
57 122 73 24	0.35555555555555557 0.003920799843168006
57 122 88 24	0.8541666666666666 0.007253479709860812
57 122 115 24	0.47368421052631576 0.0035287198588512055
57 122 123 24	0.5909090909090909 0.002548519898059204
57 126 2 24	0.47540983606557374 0.0017643599294256027
58 1 66 24	0.25 0.00039207998431680063
58 6 71 24	0.46296296296296297 0.00039207998431680063
58 8 23 24	0.875 0.000588119976475201
58 8 24	0.8333333333333334 0.0017643599294256027
58 8 73 24	0.948051948051948 0.0017643599294256027
58 8 123 24	0.9772727272727273 0.0035287198588512055
58 10 75 24	0.4 0.00039207998431680063
58 12 77 24	0.29411764705882354 0.0009801999607920015
58 12 104 24	0.2981651376146789 0.001176239952950402
58 16 56 24	1.0 0.00019603999215840032
58 16 81 24	0.39707673568818513 0.009605959615761616
58 16 108 24	0.3699421965317919 0.004508919819643208
58 20 14 24	1.0 0.00019603999215840032
58 20 66 24	0.3 0.00039207998431680063
58 20 77 24	0.13793103448275862 0.000588119976475201
58 20 85 24	0.26618468616496876 0.005685159772593609
58 20 122 24	1.0 0.00039207998431680063
58 23 23 24	0.625 0.0009801999607920015
58 23 24	0.5714285714285714 0.0007841599686336013
58 23 58 24	1.0 0.000588119976475201
58 23 88 24	0.6666666666666666 0.001176239952950402
58 24	0.7 0.007645559694177613
58 24 89 24	0.6488191286489658 0.010782199568712018
58 24 110 45	0.16666666666666666 0.001176239952950402
58 35 100 24	0.13311463810764307 0.008625759654969613
58 35 100 45	0.0002610333190386516 0.002352479905900804
58 35 103 11	0.16216216216216217 0.001960399921584003
58 36 101 24	0.17688679245283018 0.0021564399137424034
58 36 127 24	0.2 0.00019603999215840032
58 39 104 24	0.21832358674463936 0.0033326798666928055
58 39 105 24	0.13135593220338984 0.0009801999607920015
58 40 77 24	0.373015873015873 0.003136639874534405
58 40 104 24	0.44554455445544555 0.006861399725544011
58 40 105 24	0.3834355828220859 0.008625759654969613
58 43 81 24	0.4375 0.001372279945108802
58 43 108 24	0.3492063492063492 0.002352479905900804
58 45 110 24	0.22416302765647744 0.002352479905900804
58 46 102 24	0.061946902654867256 0.003136639874534405
58 46 111 24	0.06047639934474949 0.01744755930209763
58 46 111 45	8.137822156034602e-05 0.0017643599294256027
58 51 116 24	0.1467038068709378 0.004704959811801608
58 57 85 24	0.38235294117647056 0.00019603999215840032
58 57 122 24	0.6190476190476191 0.0015683199372672025
58 58 24	0.5714285714285714 0.0007841599686336013
58 67 2 24	0.5 0.0017643599294256027
58 73 8 24	0.9298245614035088 0.001960399921584003
58 73 23 24	0.9 0.000588119976475201
58 73 24	0.8787878787878788 0.001960399921584003
58 73 73 24	0.9298245614035088 0.001960399921584003
58 73 123 24	0.9764705882352941 0.0035287198588512055
58 88 24	0.625 0.0009801999607920015
58 88 58 24	1.0 0.000588119976475201
58 88 88 24	0.625 0.0009801999607920015
58 123 8 24	1.0 0.0007841599686336013
58 123 23 24	0.9722222222222222 0.0021564399137424034
58 123 24	0.9805194805194806 0.021564399137424035
58 123 58 24	0.8018018018018018 0.007645559694177613
58 123 73 24	1.0 0.0007841599686336013
58 123 88 24	0.9722222222222222 0.0021564399137424034
62 101 8 24	0.23076923076923078 0.000588119976475201
62 101 24	0.1759465478841871 0.003724759851009606
62 101 50 24	0.16666666666666666 0.00019603999215840032
62 101 88 24	0.2857142857142857 0.00039207998431680063
62 127 8 24	0.5 0.000588119976475201
62 127 24	0.36585365853658536 0.008233679670652813
62 127 88 24	0.36363636363636365 0.0007841599686336013
62 127 109 24	0.037037037037037035 0.00019603999215840032
63 30 85 24	1.0 0.00039207998431680063
63 51 116 24	1.0 0.00039207998431680063
63 128 24	0.2750642673521851 0.004900999803960008
63 128 44 24	0.42105263157894735 0.0015683199372672025
63 128 50 24	0.05263157894736842 0.00019603999215840032
63 128 115 24	0.05263157894736842 0.00019603999215840032
65 0 24	1.0 0.001176239952950402
65 28 104 24	0.4479166666666667 0.000588119976475201
65 28 105 24	0.2647058823529412 0.000588119976475201
65 30 85 24	0.6140350877192983 0.000588119976475201
65 30 86 11	1.0 0.00019603999215840032
65 108 24	0.85 0.00039207998431680063
67 2 8 24	0.5714285714285714 0.0015683199372672025
67 2 23 24	0.7857142857142857 0.004900999803960008
67 2 24	0.8664072632944229 0.034110958635561656
67 2 44 24	0.23076923076923078 0.000588119976475201
67 2 50 24	0.7659574468085106 0.0035287198588512055
67 2 73 24	0.5909090909090909 0.0017643599294256027
67 2 88 24	0.7763157894736842 0.005293079788276808
67 2 115 24	0.7 0.004704959811801608
67 2 123 24	0.5 0.0033326798666928055
67 4 24	0.7916666666666666 0.0033326798666928055
67 6 71 24	0.16216216216216217 0.0009801999607920015
67 21 77 24	0.19791666666666666 0.002744559890217604
67 21 85 24	0.03149821966584498 0.005881199764752009
67 22 71 24	0.875 0.0017643599294256027
67 61 77 24	0.3338983050847458 0.011370319545187219
67 61 85 24	0.008204193254329991 0.003136639874534405
67 61 104 24	0.2899816176470588 0.009998039600078416
67 61 105 24	0.37124289195775795 0.01254655949813762
67 61 118 24	0.375 0.0017643599294256027
67 61 121 24	0.7333333333333333 0.001960399921584003
67 61 122 24	0.47540983606557374 0.0035287198588512055
69 2 24	0.7916666666666666 0.002548519898059204
69 2 50 24	0.3333333333333333 0.00019603999215840032
69 2 115 24	0.6 0.00039207998431680063
69 4 24	0.9411764705882353 0.003724759851009606
69 21 85 24	0.1065989847715736 0.0007841599686336013
69 61 77 24	0.28 0.000588119976475201
69 61 104 24	0.28205128205128205 0.000588119976475201
69 61 105 24	0.4186046511627907 0.0007841599686336013
73 1 66 24	0.5333333333333333 0.000588119976475201
73 6 71 24	0.2 0.000588119976475201
73 8 8 24	0.9463806970509383 0.008429719662811214
73 8 24	0.9851851851851852 0.015683199372672024
73 8 73 24	0.9426048565121413 0.009017839639286415
73 8 123 24	0.9523809523809523 0.002352479905900804
73 16 81 24	0.45920303605313095 0.003724759851009606
73 16 108 24	0.31868131868131866 0.0021564399137424034
73 20 85 24	0.37037037037037035 0.0033326798666928055
73 23 88 24	0.8333333333333334 0.0009801999607920015
73 24	0.7857142857142857 0.007449519702019212
73 24 89 24	0.7682236550671852 0.009409919623603215
73 24 89 45	0.001806140878988561 0.001176239952950402
73 35 100 24	0.0948755536640343 0.007645559694177613
73 35 100 45	0.00014671630568342288 0.0015683199372672025
73 37 102 24	0.75 0.0009801999607920015
73 37 111 24	0.48 0.00039207998431680063
73 39 104 24	0.6456456456456456 0.003724759851009606
73 39 105 24	0.4 0.0021564399137424034
73 40 104 24	0.27319587628865977 0.002744559890217604
73 40 105 24	0.4299363057324841 0.005881199764752009
73 45 110 24	0.46830985915492956 0.002352479905900804
73 46 111 24	0.07061904115716519 0.013330719466771222
73 51 116 24	0.149812734082397 0.001960399921584003
73 57 122 24	0.5263157894736842 0.001372279945108802
73 58 123 24	1.0 0.0007841599686336013
73 73 8 24	0.9480968858131488 0.008429719662811214
73 73 24	0.9850746268656716 0.015487159380513624
73 73 73 24	0.9480968858131488 0.008429719662811214
73 88 23 24	0.8333333333333334 0.0009801999607920015
73 88 24	0.75 0.000588119976475201
73 123 23 24	1.0 0.000588119976475201
73 123 24	0.8888888888888888 0.0017643599294256027
73 123 58 24	0.96 0.003136639874534405
79 14 24	1.0 0.0015683199372672025
79 15 100 24	0.14705882352941177 0.00019603999215840032
79 18 85 24	0.0009652509652509653 0.00019603999215840032
79 21 85 24	0.30994152046783624 0.00039207998431680063
79 28 77 24	0.5384615384615384 0.00039207998431680063
79 28 104 24	0.7881773399014779 0.0007841599686336013
79 28 105 24	0.55 0.000588119976475201
79 29 102 24	0.3333333333333333 0.00019603999215840032
79 30 85 24	0.5452054794520548 0.0009801999607920015
79 38 100 24	0.2650231124807396 0.0007841599686336013
79 83 85 24	0.0009652509652509653 0.00019603999215840032
79 85 24	0.19047619047619047 0.00019603999215840032
79 85 123 24	1.0 0.00019603999215840032
79 95 104 24	0.2 0.00019603999215840032
79 95 116 24	0.030303030303030304 0.00019603999215840032
79 108 24	0.8636363636363636 0.0007841599686336013
79 108 44 24	1.0 0.00039207998431680063
79 110 24	0.16666666666666666 0.00019603999215840032
88 1 66 24	0.6818181818181818 0.002352479905900804
88 6 71 24	0.417910447761194 0.000588119976475201
88 10 75 24	0.4444444444444444 0.00039207998431680063
88 12 104 24	0.2958152958152958 0.001372279945108802
88 12 105 24	0.32701421800947866 0.0009801999607920015
88 16 81 24	0.44982698961937717 0.00607723975691041
88 16 108 24	0.23529411764705882 0.0017643599294256027
88 20 85 24	0.31377825618945104 0.005881199764752009
88 20 85 45	0.0010438413361169101 0.00039207998431680063
88 22 116 24	0.030303030303030304 0.00019603999215840032
88 23 23 24	0.875 0.010586159576553617
88 23 24	1.0 0.021368359145265633
88 23 58 24	1.0 0.0017643599294256027
88 23 88 24	0.8769230769230769 0.010782199568712018
88 24	0.873015873015873 0.010782199568712018
88 24 89 24	0.8389458977694272 0.01235051950597922
88 24 110 24	0.5384615384615384 0.001372279945108802
88 24 110 45	0.2608695652173913 0.001176239952950402
88 35 100 24	0.10672428264992073 0.009605959615761616
88 36 101 24	0.11773940345368916 0.003136639874534405
88 37 102 24	0.5357142857142857 0.000588119976475201
88 37 111 24	0.28205128205128205 0.00019603999215840032
88 39 104 24	0.6394101876675603 0.00607723975691041
88 39 104 45	0.0019342359767891683 0.00019603999215840032
88 39 105 24	0.3781818181818182 0.002352479905900804
88 39 105 45	0.00411522633744856 0.00019603999215840032
88 40 104 24	0.4437869822485207 0.002744559890217604
88 40 105 24	0.34177215189873417 0.005293079788276808
88 43 108 24	0.3118279569892473 0.002352479905900804
88 44 109 24	0.2 0.000588119976475201
88 45 110 24	0.5208140610545791 0.0033326798666928055
88 46 102 24	0.0951219512195122 0.004900999803960008
88 46 111 24	0.07232180253181869 0.01940795922368163
88 51 87 24	0.08333333333333333 0.00019603999215840032
88 51 116 24	0.17956656346749225 0.004508919819643208
88 57 104 24	0.6521739130434783 0.00039207998431680063
88 58 24	1.0 0.0015683199372672025
88 58 123 24	0.9722222222222222 0.0021564399137424034
88 62 101 24	0.3 0.00019603999215840032
88 62 127 24	0.36363636363636365 0.00039207998431680063
88 67 2 24	0.8363636363636363 0.002548519898059204
88 73 8 24	0.8333333333333334 0.000588119976475201
88 73 73 24	0.8333333333333334 0.000588119976475201
88 73 123 24	1.0 0.00039207998431680063
88 88 23 24	0.875 0.010586159576553617
88 88 24	1.0 0.020976279160948835
88 88 58 24	1.0 0.0017643599294256027
88 88 88 24	0.875 0.010586159576553617
88 109 44 24	0.45714285714285713 0.00039207998431680063
88 115 24	1.0 0.000588119976475201
88 123 24	0.6666666666666666 0.000588119976475201
88 123 58 24	0.75 0.0009801999607920015
96 61 104 24	0.25 0.00019603999215840032
108 16 81 24	0.7142857142857143 0.00019603999215840032
108 20 85 24	0.5697674418604651 0.00019603999215840032
108 24	0.8 0.000588119976475201
108 24 89 24	0.7297928217099504 0.0009801999607920015
108 35 100 24	0.2225950782997763 0.000588119976475201
108 45 110 24	0.7802690582959642 0.00019603999215840032
108 46 111 24	0.11109141667035938 0.0009801999607920015
109 1 66 24	0.3188405797101449 0.0009801999607920015
109 6 71 24	0.23214285714285715 0.0009801999607920015
109 10 75 24	0.6666666666666666 0.000588119976475201
109 12 77 24	0.4032258064516129 0.0015683199372672025
109 12 85 24	0.03194103194103194 0.00039207998431680063
109 12 104 24	0.7067448680351907 0.0017643599294256027
109 12 105 24	0.4808510638297872 0.001176239952950402
109 16 81 24	0.13580246913580246 0.0015683199372672025
109 16 108 24	0.13636363636363635 0.001176239952950402
109 20 77 24	0.08695652173913043 0.00019603999215840032
109 20 85 24	0.02400893355667225 0.001372279945108802
109 22 116 24	0.10098522167487685 0.0009801999607920015
109 24	0.11764705882352941 0.00039207998431680063
109 24 89 24	0.18978805394990367 0.0007841599686336013
109 35 100 24	0.03883960680891872 0.001372279945108802
109 36 101 24	0.13502673796791445 0.001960399921584003
109 37 102 24	0.47368421052631576 0.000588119976475201
109 40 104 24	0.3888888888888889 0.0009801999607920015
109 40 105 24	0.2619047619047619 0.001176239952950402
109 41 106 24	0.22950819672131148 0.000588119976475201
109 43 81 24	0.19714285714285715 0.001372279945108802
109 43 108 24	0.168141592920354 0.0015683199372672025
109 44 24	0.8558558558558559 0.006665359733385611
109 44 109 24	0.20833333333333334 0.002352479905900804
109 45 110 24	0.1962962962962963 0.0033326798666928055
109 46 111 24	0.04677372462504062 0.006665359733385611
109 46 111 45	1.3044442415308958e-05 0.00019603999215840032
109 51 116 24	0.13818006740491093 0.0029405998823760046
109 62 127 24	0.09090909090909091 0.00019603999215840032
109 63 128 24	0.4 0.00039207998431680063
115 1 66 24	0.25 0.00019603999215840032
115 6 71 24	0.3425925925925926 0.000588119976475201
115 12 105 24	0.3333333333333333 0.0007841599686336013
115 16 81 24	0.18181818181818182 0.001372279945108802
115 20 85 24	0.06828391734052111 0.0017643599294256027
115 23 115 24	0.75 0.00039207998431680063
115 23 123 24	1.0 0.00019603999215840032
115 24	0.8333333333333334 0.001960399921584003
115 24 89 24	0.7589992341077355 0.002352479905900804
115 35 100 24	0.09074267782426779 0.001960399921584003
115 36 101 24	0.07692307692307693 0.00039207998431680063
115 37 111 24	0.11965811965811966 0.00019603999215840032
115 39 104 24	0.26666666666666666 0.00039207998431680063
115 40 77 24	0.5 0.00039207998431680063
115 40 104 24	0.23809523809523808 0.001372279945108802
115 40 105 24	0.33653846153846156 0.002548519898059204
115 45 110 24	0.3191489361702128 0.00019603999215840032
115 46 102 24	0.22826086956521738 0.003136639874534405
115 46 111 24	0.18846126585867176 0.005489119780435208
115 50 23 24	0.875 0.000588119976475201
115 50 24	1.0 0.00607723975691041
115 50 50 24	0.8 0.001960399921584003
115 51 116 24	0.13262599469496023 0.0009801999607920015
115 57 122 24	0.5806451612903226 0.000588119976475201
115 62 127 24	0.5 0.00039207998431680063
115 67 2 24	0.7142857142857143 0.002352479905900804
115 115 24	1.0 0.005097039796118408
115 115 50 24	0.8 0.001960399921584003
120 6 71 24	0.5 0.00019603999215840032
120 21 85 24	0.003003003003003003 0.00019603999215840032
120 55 24	1.0 0.001176239952950402
121 15 100 24	0.6666666666666666 0.00019603999215840032
121 28 104 24	0.8453038674033149 0.00019603999215840032
121 28 105 24	0.8333333333333334 0.00019603999215840032
121 30 77 24	0.4 0.001176239952950402
121 30 85 24	0.5856102003642987 0.0017643599294256027
121 52 104 24	0.8260869565217391 0.0021564399137424034
121 56 24	1.0 0.004312879827484807
121 81 23 24	1.0 0.00019603999215840032
121 104 24	0.0784313725490196 0.00039207998431680063
123 1 66 24	0.22727272727272727 0.001176239952950402
123 8 24	0.75 0.00039207998431680063
123 8 73 24	0.9375 0.00039207998431680063
123 12 77 24	0.5142857142857142 0.0009801999607920015
123 12 104 24	0.4177215189873418 0.0007841599686336013
123 16 81 24	0.365234375 0.005685159772593609
123 20 85 24	0.2565754159957058 0.004508919819643208
123 23 24	0.9090909090909091 0.0009801999607920015
123 23 58 24	1.0 0.001176239952950402
123 24	0.6774193548387096 0.007253479709860812
123 24 76 11	0.3333333333333333 0.00039207998431680063
123 24 89 24	0.6736558866832513 0.009213879631444814
123 24 89 45	0.0016764459346186086 0.0009801999607920015
123 35 100 24	0.11433750769179597 0.008821799647128014
123 35 100 45	0.0002507716049382716 0.002548519898059204
123 36 101 24	0.13095238095238096 0.0033326798666928055
123 39 104 24	0.6833333333333333 0.003724759851009606
123 39 105 24	0.5828220858895705 0.0033326798666928055
123 39 122 24	1.0 0.0007841599686336013
123 40 77 24	0.3076923076923077 0.0007841599686336013
123 40 104 24	0.3489583333333333 0.0017643599294256027
123 40 105 24	0.3082706766917293 0.003920799843168006
123 43 81 24	0.8 0.000588119976475201
123 43 108 24	0.36666666666666664 0.0007841599686336013
123 45 110 24	0.4302439024390244 0.002744559890217604
123 46 102 24	0.06276150627615062 0.0029405998823760046
123 46 111 24	0.06042267436137674 0.015683199372672024
123 46 111 45	0.00011093033574914954 0.002744559890217604
123 51 116 24	0.1382751247327156 0.004312879827484807
123 57 77 24	0.6666666666666666 0.00039207998431680063
123 57 122 24	0.42424242424242425 0.001960399921584003
123 58 23 24	0.6923076923076923 0.001372279945108802
123 58 24	0.9814814814814815 0.017251519309939227
123 58 123 24	0.7946428571428571 0.007253479709860812
123 62 127 24	0.2727272727272727 0.00039207998431680063
123 67 2 24	0.625 0.0007841599686336013
123 73 8 24	0.9230769230769231 0.00039207998431680063
123 73 24	0.75 0.00039207998431680063
123 88 24	0.9090909090909091 0.0009801999607920015
123 88 58 24	1.0 0.001176239952950402
123 121 56 24	0.625 0.0007841599686336013
123 123 24	0.5 0.000588119976475201
123 123 58 24	0.7692307692307693 0.001372279945108802
